L1-10-1.4kaqL.pdb	L1-10-1.3bkyL.pdb	90.000	10	1	0	1	10	1	10	3.88e-04	19.7
L1-10-1.4kaqL.pdb	L1-10-none.4eneD.pdb	100.000	9	0	0	2	10	2	10	0.001	18.5
L1-10-1.4kaqL.pdb	L1-10-1.4qnpF.pdb	80.000	10	2	0	1	10	1	10	0.001	18.5
L1-10-1.4kaqL.pdb	L1-10-1.4kucD.pdb	80.000	10	2	0	1	10	1	10	0.001	18.5
L1-10-1.4kaqL.pdb	L1-10-1.2j4wL.pdb	80.000	10	2	0	1	10	1	10	0.002	18.0
L1-10-1.4kaqL.pdb	L1-10-1.2w9dL.pdb	88.889	9	1	0	2	10	2	10	0.004	17.2
L1-10-1.4kaqL.pdb	L1-10-1.4kphL.pdb	77.778	9	2	0	2	10	2	10	0.008	16.3
L1-10-1.4kaqL.pdb	L1-10-1.4ffvL.pdb	70.000	10	3	0	1	10	1	10	0.008	16.3
L1-10-1.4kaqL.pdb	L1-10-1.1pskL.pdb	88.889	9	1	0	2	10	2	10	0.009	15.9
L1-10-1.4kaqL.pdb	L1-10-1.3nfsL.pdb	77.778	9	2	0	2	10	2	10	0.010	15.9
L1-10-1.4kaqL.pdb	L1-10-1.1sy6L.pdb	77.778	9	2	0	2	10	2	10	0.014	15.5
L1-10-1.4kaqL.pdb	L1-10-1.4ebqL.pdb	77.778	9	2	0	2	10	2	10	0.026	15.1
L1-10-1.4kaqL.pdb	L1-10-none.1ay1L.pdb	77.778	9	2	0	2	10	2	10	0.026	15.1
L1-10-1.4kaqL.pdb	L1-10-1.1a6tC.pdb	66.667	9	3	0	2	10	2	10	0.029	14.6
L1-10-1.4kaqL.pdb	L1-10-1.1eo8L.pdb	66.667	9	3	0	2	10	2	10	0.032	14.6
L1-10-1.4kaqL.pdb	L1-10-1.4hxaL.pdb	66.667	9	3	0	2	10	2	10	0.033	14.6
L1-10-1.4kaqL.pdb	L1-10-1.4ki5D.pdb	66.667	9	3	0	2	10	2	10	0.051	14.2
L1-10-1.4kaqL.pdb	L1-10-1.1yqvL.pdb	66.667	9	3	0	2	10	2	10	0.062	13.8
L1-10-1.4kaqL.pdb	L1-10-1.1mimL.pdb	66.667	9	3	0	2	10	2	10	0.15	12.9
L1-10-1.4kaqL.pdb	L1-10-1.4ag4L.pdb	55.556	9	4	0	2	10	2	10	0.20	12.9
L1-10-1.4kaqL.pdb	L1-10-1.1mhpL.pdb	62.500	8	3	0	2	9	2	9	0.86	11.2
L1-10-1.4kaqL.pdb	L1-10-1.2fbjL.pdb	50.000	4	2	0	7	10	7	10	151	 5.3
L1-10-1.4kaqL.pdb	L1-10-1.2z92B.pdb	50.000	4	2	0	7	10	7	10	380	 4.5
