L1-13-1.3mlyM.pdb	L1-13-1.5adoL.pdb	100.000	9	0	0	1	9	1	9	0.004	16.8
L1-13-1.3mlyM.pdb	L1-13-1.4m1dM.pdb	100.000	9	0	0	1	9	1	9	0.004	16.8
L1-13-1.3mlyM.pdb	L1-13-1.4eowL.pdb	100.000	9	0	0	1	9	1	9	0.004	16.8
L1-13-1.3mlyM.pdb	L1-13-1.3gbnL.pdb	100.000	9	0	0	1	9	1	9	0.004	16.8
L1-13-1.3mlyM.pdb	L1-13-1.2xzcL.pdb	100.000	9	0	0	1	9	1	9	0.004	16.8
L1-13-1.3mlyM.pdb	L1-13-1.1rzfL.pdb	100.000	9	0	0	1	9	1	9	0.004	16.8
L1-13-1.3mlyM.pdb	L1-13-1.2a9mL.pdb	88.889	9	1	0	1	9	1	9	0.008	15.9
L1-13-1.3mlyM.pdb	L1-13-1.4k3dL.pdb	88.889	9	1	0	1	9	1	9	0.010	15.5
L1-13-1.3mlyM.pdb	L1-13-1.4osuL.pdb	88.889	9	1	0	1	9	1	9	0.013	15.5
L1-13-1.3mlyM.pdb	L1-13-1.3g04A.pdb	88.889	9	1	0	1	9	1	9	0.013	15.5
L1-13-1.3mlyM.pdb	L1-13-1.5j75B.pdb	88.889	9	1	0	1	9	1	9	0.014	15.1
L1-13-1.3mlyM.pdb	L1-13-1.1bjmB.pdb	88.889	9	1	0	1	9	1	9	0.015	15.1
L1-13-1.3mlyM.pdb	L1-13-1.4fqjL.pdb	100.000	8	0	0	1	8	1	8	0.016	15.1
L1-13-1.3mlyM.pdb	L1-13-1.5fcuL.pdb	100.000	8	0	0	1	8	1	8	0.016	15.1
L1-13-1.3mlyM.pdb	L1-13-1.4ocrL.pdb	88.889	9	1	0	1	9	1	9	0.017	15.1
L1-13-1.3mlyM.pdb	L1-13-1.4gxvL.pdb	100.000	8	0	0	1	8	1	8	0.019	14.6
L1-13-1.3mlyM.pdb	L1-13-1.4buhA.pdb	100.000	8	0	0	1	8	1	8	0.019	14.6
L1-13-1.3mlyM.pdb	L1-13-1.3qhzM.pdb	100.000	8	0	0	1	8	1	8	0.019	14.6
L1-13-1.3mlyM.pdb	L1-13-1.3npsC.pdb	100.000	8	0	0	1	8	1	8	0.019	14.6
L1-13-1.3mlyM.pdb	L1-13-1.2yk1L.pdb	100.000	8	0	0	1	8	1	8	0.019	14.6
L1-13-1.3mlyM.pdb	L1-13-1.5dt1L.pdb	77.778	9	2	0	1	9	1	9	0.023	14.6
L1-13-1.3mlyM.pdb	L1-13-1.5alcL.pdb	77.778	9	2	0	1	9	1	9	0.025	14.6
L1-13-1.3mlyM.pdb	L1-13-1.2xwtB.pdb	77.778	9	2	0	1	9	1	9	0.036	14.2
L1-13-1.3mlyM.pdb	L1-13-1.4q2zL.pdb	87.500	8	1	0	1	8	1	8	0.036	14.2
L1-13-1.3mlyM.pdb	L1-13-1.4o5lL.pdb	87.500	8	1	0	1	8	1	8	0.053	13.8
L1-13-1.3mlyM.pdb	L1-13-1.4xvjL.pdb	77.778	9	2	0	1	9	1	9	0.058	13.8
L1-13-1.3mlyM.pdb	L1-13-1.3lrgB.pdb	87.500	8	1	0	1	8	1	8	0.060	13.8
L1-13-1.3mlyM.pdb	L1-13-1.5cgyD.pdb	87.500	8	1	0	1	8	1	8	0.074	13.4
L1-13-1.3mlyM.pdb	L1-13-1.2b1hL.pdb	66.667	9	3	0	1	9	1	9	0.11	12.9
L1-13-1.3mlyM.pdb	L1-13-1.3t0vA.pdb	66.667	9	3	0	1	9	1	9	0.11	12.9
L1-13-1.3mlyM.pdb	L1-13-1.2rheA.pdb	50.000	8	4	0	1	8	1	8	0.36	11.7
