L1-15-1.3uzqA.pdb	L1-15-1.5aamA.pdb	93.333	15	1	0	1	15	1	15	1.60e-08	32.9
L1-15-1.3uzqA.pdb	L1-15-1.3s35L.pdb	86.667	15	2	0	1	15	1	15	1.47e-07	30.3
L1-15-1.3uzqA.pdb	L1-15-1.4odsL.pdb	86.667	15	2	0	1	15	1	15	1.51e-07	30.3
L1-15-1.3uzqA.pdb	L1-15-1.5dqdL.pdb	86.667	15	2	0	1	15	1	15	2.86e-07	29.5
L1-15-1.3uzqA.pdb	L1-15-1.3wkmL.pdb	80.000	15	3	0	1	15	1	15	3.63e-07	29.5
L1-15-1.3uzqA.pdb	L1-15-1.1ai1L.pdb	80.000	15	3	0	1	15	1	15	4.60e-07	29.1
L1-15-1.3uzqA.pdb	L1-15-1.4wcyL.pdb	80.000	15	3	0	1	15	1	15	5.49e-07	29.1
L1-15-1.3uzqA.pdb	L1-15-1.4nj9L.pdb	80.000	15	3	0	1	15	1	15	8.41e-07	28.6
L1-15-1.3uzqA.pdb	L1-15-1.4i77L.pdb	80.000	15	3	0	1	15	1	15	1.04e-06	28.2
L1-15-1.3uzqA.pdb	L1-15-1.4gagL.pdb	80.000	15	3	0	1	15	1	15	1.38e-06	27.8
L1-15-1.3uzqA.pdb	L1-15-1.2gcyA.pdb	73.333	15	4	0	1	15	1	15	1.65e-06	27.8
L1-15-1.3uzqA.pdb	L1-15-1.4ffyL.pdb	73.333	15	4	0	1	15	1	15	4.56e-06	26.5
L1-15-1.3uzqA.pdb	L1-15-1.2hrpM.pdb	73.333	15	4	0	1	15	1	15	8.13e-06	26.1
L1-15-1.3uzqA.pdb	L1-15-1.4hs6A.pdb	73.333	15	4	0	1	15	1	15	8.52e-06	25.7
L1-15-1.3uzqA.pdb	L1-15-1.4hs8L.pdb	73.333	15	4	0	1	15	1	15	9.37e-06	25.7
L1-15-1.3uzqA.pdb	L1-15-1.2vl5B.pdb	78.571	14	3	0	1	14	1	14	1.01e-05	25.7
L1-15-1.3uzqA.pdb	L1-15-1.1h0dA.pdb	78.571	14	3	0	1	14	1	14	1.46e-05	25.2
L1-15-1.3uzqA.pdb	L1-15-1.2or9M.pdb	73.333	15	4	0	1	15	1	15	2.08e-05	24.8
L1-15-1.3uzqA.pdb	L1-15-1.3zkmL.pdb	66.667	15	5	0	1	15	1	15	2.51e-05	24.8
L1-15-1.3uzqA.pdb	L1-15-1.1egjL.pdb	66.667	15	5	0	1	15	1	15	4.06e-05	24.0
L1-15-1.3uzqA.pdb	L1-15-1.4u0rC.pdb	60.000	15	6	0	1	15	1	15	6.34e-05	23.5
L1-15-1.3uzqA.pdb	L1-15-1.1ggiM.pdb	73.333	15	4	0	1	15	1	15	7.04e-05	23.5
L1-15-1.3uzqA.pdb	L1-15-1.1j05A.pdb	53.333	15	7	0	1	15	1	15	1.83e-04	22.3
L1-15-1.3uzqA.pdb	L1-15-1.3qq9L.pdb	60.000	15	6	0	1	15	1	15	5.25e-04	21.0
L1-15-1.3uzqA.pdb	L1-15-none.4lvhF.pdb	53.333	15	7	0	1	15	1	15	0.002	20.2
L1-15-1.3uzqA.pdb	L1-15-1.4qyoB.pdb	46.667	15	8	0	1	15	1	15	0.002	19.7
L1-15-1.3uzqA.pdb	L1-15-1.4x7sL.pdb	53.333	15	7	0	1	15	1	15	0.003	19.3
L1-15-1.3uzqA.pdb	L1-15-1.1f58L.pdb	53.333	15	7	0	1	15	1	15	0.005	18.9
L1-15-1.3uzqA.pdb	L1-15-1.5eocL.pdb	53.333	15	7	0	1	15	1	15	0.005	18.5
L1-15-1.3uzqA.pdb	L1-15-1.1qnzL.pdb	46.667	15	8	0	1	15	1	15	0.007	18.0
L1-15-1.3uzqA.pdb	L1-15-1.3e8uL.pdb	40.000	15	9	0	1	15	1	15	0.010	17.6
L1-15-1.3uzqA.pdb	L1-15-none.1i7zA.pdb	46.667	15	8	0	1	15	1	15	0.023	16.8
L1-15-1.3uzqA.pdb	L1-15-none.1nsnL.pdb	40.000	15	9	0	1	15	1	15	0.14	14.6
L1-15-1.3uzqA.pdb	L1-15-none.3phqA.pdb	66.667	3	1	0	13	15	13	15	13	 9.5
L1-15-1.3uzqA.pdb	L1-15-none.3i2cL.pdb	46.667	15	8	0	1	15	1	15	38	 8.3
