L1-10-1.3bkyL.pdb	L1-10-1.4qnpF.pdb	90.000	10	1	0	1	10	1	10	2.30e-04	20.2
L1-10-1.3bkyL.pdb	L1-10-1.4kucD.pdb	90.000	10	1	0	1	10	1	10	2.95e-04	20.2
L1-10-1.3bkyL.pdb	L1-10-1.2j4wL.pdb	90.000	10	1	0	1	10	1	10	3.25e-04	19.7
L1-10-1.3bkyL.pdb	L1-10-1.4kaqL.pdb	90.000	10	1	0	1	10	1	10	4.12e-04	19.7
L1-10-1.3bkyL.pdb	L1-10-1.2w9dL.pdb	100.000	9	0	0	2	10	2	10	7.04e-04	18.9
L1-10-1.3bkyL.pdb	L1-10-1.1cloL.pdb	80.000	10	2	0	1	10	1	10	8.12e-04	18.9
L1-10-1.3bkyL.pdb	L1-10-1.3nfsL.pdb	88.889	9	1	0	2	10	2	10	0.001	18.5
L1-10-1.3bkyL.pdb	L1-10-1.4ffvL.pdb	80.000	10	2	0	1	10	1	10	0.002	18.0
L1-10-1.3bkyL.pdb	L1-10-1.4kphL.pdb	88.889	9	1	0	2	10	2	10	0.002	18.0
L1-10-1.3bkyL.pdb	L1-10-1.1sy6L.pdb	88.889	9	1	0	2	10	2	10	0.003	17.6
L1-10-1.3bkyL.pdb	L1-10-1.4c83B.pdb	88.889	9	1	0	2	10	2	10	0.003	17.6
L1-10-1.3bkyL.pdb	L1-10-1.1forL.pdb	77.778	9	2	0	2	10	2	10	0.003	17.6
L1-10-1.3bkyL.pdb	L1-10-none.4eneD.pdb	88.889	9	1	0	2	10	2	10	0.004	17.2
L1-10-1.3bkyL.pdb	L1-10-1.1eo8L.pdb	77.778	9	2	0	2	10	2	10	0.005	16.8
L1-10-1.3bkyL.pdb	L1-10-1.4ebqL.pdb	88.889	9	1	0	2	10	2	10	0.005	16.8
L1-10-1.3bkyL.pdb	L1-10-none.1ay1L.pdb	88.889	9	1	0	2	10	2	10	0.005	16.8
L1-10-1.3bkyL.pdb	L1-10-1.4hxaL.pdb	77.778	9	2	0	2	10	2	10	0.006	16.8
L1-10-1.3bkyL.pdb	L1-10-1.3qwoL.pdb	77.778	9	2	0	2	10	2	10	0.006	16.8
L1-10-1.3bkyL.pdb	L1-10-1.1a6tC.pdb	77.778	9	2	0	2	10	2	10	0.006	16.8
L1-10-1.3bkyL.pdb	L1-10-1.4ki5D.pdb	77.778	9	2	0	2	10	2	10	0.010	15.9
L1-10-1.3bkyL.pdb	L1-10-1.1yqvL.pdb	77.778	9	2	0	2	10	2	10	0.012	15.9
L1-10-1.3bkyL.pdb	L1-10-1.1mimL.pdb	77.778	9	2	0	2	10	2	10	0.031	14.6
L1-10-1.3bkyL.pdb	L1-10-1.4ag4L.pdb	66.667	9	3	0	2	10	2	10	0.032	14.6
L1-10-1.3bkyL.pdb	L1-10-1.1pskL.pdb	77.778	9	2	0	2	10	2	10	0.034	14.6
L1-10-1.3bkyL.pdb	L1-10-1.2hwzL.pdb	83.333	6	1	0	5	10	5	10	0.042	14.6
L1-10-1.3bkyL.pdb	L1-10-1.1mhpL.pdb	75.000	8	2	0	2	9	2	9	0.14	13.4
L1-10-1.3bkyL.pdb	L1-10-1.2fbjL.pdb	50.000	4	2	0	7	10	7	10	114	 5.7
L1-10-1.3bkyL.pdb	L1-10-1.2z92B.pdb	50.000	4	2	0	7	10	7	10	408	 4.5
