L1-10-1.2w9dL.pdb	L1-10-1.4kphL.pdb	90.000	10	1	0	1	10	1	10	6.22e-04	19.3
L1-10-1.2w9dL.pdb	L1-10-1.3nfsL.pdb	90.000	10	1	0	1	10	1	10	6.29e-04	19.3
L1-10-1.2w9dL.pdb	L1-10-1.3bkyL.pdb	100.000	9	0	0	2	10	2	10	6.84e-04	18.9
L1-10-1.2w9dL.pdb	L1-10-1.4c83B.pdb	90.000	10	1	0	1	10	1	10	7.98e-04	18.9
L1-10-1.2w9dL.pdb	L1-10-1.1forL.pdb	80.000	10	2	0	1	10	1	10	0.001	18.5
L1-10-1.2w9dL.pdb	L1-10-none.4eneD.pdb	90.000	10	1	0	1	10	1	10	0.002	18.0
L1-10-1.2w9dL.pdb	L1-10-1.2j4wL.pdb	88.889	9	1	0	2	10	2	10	0.002	18.0
L1-10-1.2w9dL.pdb	L1-10-1.3qwoL.pdb	80.000	10	2	0	1	10	1	10	0.002	18.0
L1-10-1.2w9dL.pdb	L1-10-1.1eo8L.pdb	80.000	10	2	0	1	10	1	10	0.002	18.0
L1-10-1.2w9dL.pdb	L1-10-1.4qnpF.pdb	88.889	9	1	0	2	10	2	10	0.002	18.0
L1-10-1.2w9dL.pdb	L1-10-1.4kucD.pdb	88.889	9	1	0	2	10	2	10	0.002	17.6
L1-10-1.2w9dL.pdb	L1-10-1.4ebqL.pdb	90.000	10	1	0	1	10	1	10	0.002	17.6
L1-10-1.2w9dL.pdb	L1-10-none.1ay1L.pdb	90.000	10	1	0	1	10	1	10	0.002	17.6
L1-10-1.2w9dL.pdb	L1-10-1.4hxaL.pdb	80.000	10	2	0	1	10	1	10	0.002	17.6
L1-10-1.2w9dL.pdb	L1-10-1.2bmkL.pdb	70.000	10	3	0	1	10	1	10	0.002	17.6
L1-10-1.2w9dL.pdb	L1-10-1.1a6tC.pdb	80.000	10	2	0	1	10	1	10	0.003	17.6
L1-10-1.2w9dL.pdb	L1-10-1.4kaqL.pdb	88.889	9	1	0	2	10	2	10	0.004	17.2
L1-10-1.2w9dL.pdb	L1-10-1.4ki5D.pdb	80.000	10	2	0	1	10	1	10	0.004	16.8
L1-10-1.2w9dL.pdb	L1-10-1.1yqvL.pdb	80.000	10	2	0	1	10	1	10	0.005	16.8
L1-10-1.2w9dL.pdb	L1-10-1.1cloL.pdb	77.778	9	2	0	2	10	2	10	0.007	16.3
L1-10-1.2w9dL.pdb	L1-10-1.1mimL.pdb	80.000	10	2	0	1	10	1	10	0.010	15.9
L1-10-1.2w9dL.pdb	L1-10-1.4ffvL.pdb	77.778	9	2	0	2	10	2	10	0.013	15.9
L1-10-1.2w9dL.pdb	L1-10-1.4ag4L.pdb	70.000	10	3	0	1	10	1	10	0.014	15.5
L1-10-1.2w9dL.pdb	L1-10-1.1pskL.pdb	80.000	10	2	0	1	10	1	10	0.015	15.5
L1-10-1.2w9dL.pdb	L1-10-1.2hwzL.pdb	83.333	6	1	0	5	10	5	10	0.041	14.2
L1-10-1.2w9dL.pdb	L1-10-1.1mhpL.pdb	77.778	9	2	0	1	9	1	9	0.049	14.2
L1-10-1.2w9dL.pdb	L1-10-1.2b2xL.pdb	66.667	9	3	0	1	9	1	9	0.21	12.9
L1-10-1.2w9dL.pdb	L1-10-1.2fbjL.pdb	50.000	4	2	0	7	10	7	10	109	 5.7
L1-10-1.2w9dL.pdb	L1-10-1.2z92B.pdb	50.000	4	2	0	7	10	7	10	396	 4.5
