L1-15-1.4x7sL.pdb	L1-15-1.1qnzL.pdb	93.333	15	1	0	1	15	1	15	9.33e-08	30.8
L1-15-1.4x7sL.pdb	L1-15-1.4qyoB.pdb	86.667	15	2	0	1	15	1	15	4.58e-07	29.1
L1-15-1.4x7sL.pdb	L1-15-1.3e8uL.pdb	80.000	15	3	0	1	15	1	15	8.39e-07	28.2
L1-15-1.4x7sL.pdb	L1-15-1.3qq9L.pdb	80.000	15	3	0	1	15	1	15	1.20e-06	28.2
L1-15-1.4x7sL.pdb	L1-15-1.1f58L.pdb	66.667	15	5	0	1	15	1	15	4.83e-06	26.5
L1-15-1.4x7sL.pdb	L1-15-1.2hrpM.pdb	73.333	15	4	0	1	15	1	15	2.51e-05	24.4
L1-15-1.4x7sL.pdb	L1-15-1.1ggiM.pdb	60.000	15	6	0	1	15	1	15	1.66e-04	22.3
L1-15-1.4x7sL.pdb	L1-15-1.5dqdL.pdb	60.000	15	6	0	1	15	1	15	4.61e-04	21.4
L1-15-1.4x7sL.pdb	L1-15-1.4hs8L.pdb	66.667	15	5	0	1	15	1	15	5.36e-04	21.0
L1-15-1.4x7sL.pdb	L1-15-1.3s35L.pdb	60.000	15	6	0	1	15	1	15	7.48e-04	20.6
L1-15-1.4x7sL.pdb	L1-15-1.4u0rC.pdb	64.286	14	5	0	1	14	1	14	0.001	20.2
L1-15-1.4x7sL.pdb	L1-15-1.1ai1L.pdb	60.000	15	6	0	1	15	1	15	0.001	20.2
L1-15-1.4x7sL.pdb	L1-15-1.4odsL.pdb	53.333	15	7	0	1	15	1	15	0.002	19.7
L1-15-1.4x7sL.pdb	L1-15-1.2aabL.pdb	64.286	14	5	0	1	14	1	14	0.002	19.7
L1-15-1.4x7sL.pdb	L1-15-1.2or9M.pdb	66.667	15	5	0	1	15	1	15	0.002	19.7
L1-15-1.4x7sL.pdb	L1-15-1.4nj9L.pdb	60.000	15	6	0	1	15	1	15	0.002	19.7
L1-15-1.4x7sL.pdb	L1-15-1.2vl5B.pdb	64.286	14	5	0	1	14	1	14	0.002	19.7
L1-15-1.4x7sL.pdb	L1-15-1.5aamA.pdb	53.333	15	7	0	1	15	1	15	0.002	19.3
L1-15-1.4x7sL.pdb	L1-15-1.1h0dA.pdb	60.000	15	6	0	1	15	1	15	0.002	19.3
L1-15-1.4x7sL.pdb	L1-15-1.2gcyA.pdb	64.286	14	5	0	1	14	1	14	0.003	19.3
L1-15-1.4x7sL.pdb	L1-15-1.4wcyL.pdb	53.333	15	7	0	1	15	1	15	0.003	19.3
L1-15-1.4x7sL.pdb	L1-15-1.3uzqA.pdb	53.333	15	7	0	1	15	1	15	0.003	19.3
L1-15-1.4x7sL.pdb	L1-15-1.4ffyL.pdb	57.143	14	6	0	1	14	1	14	0.003	19.3
L1-15-1.4x7sL.pdb	L1-15-1.5eocL.pdb	60.000	15	6	0	1	15	1	15	0.004	18.9
L1-15-1.4x7sL.pdb	L1-15-1.3zkmL.pdb	53.333	15	7	0	1	15	1	15	0.006	18.5
L1-15-1.4x7sL.pdb	L1-15-1.4gagL.pdb	53.333	15	7	0	1	15	1	15	0.007	18.0
L1-15-1.4x7sL.pdb	L1-15-1.2xqyL.pdb	64.286	14	5	0	1	14	1	14	0.009	18.0
L1-15-1.4x7sL.pdb	L1-15-none.1i7zA.pdb	53.333	15	7	0	1	15	1	15	0.014	17.2
L1-15-1.4x7sL.pdb	L1-15-1.1egjL.pdb	53.333	15	7	0	1	15	1	15	0.021	16.8
L1-15-1.4x7sL.pdb	L1-15-1.1j05A.pdb	40.000	15	9	0	1	15	1	15	0.027	16.3
L1-15-1.4x7sL.pdb	L1-15-1.5ggsB.pdb	46.667	15	8	0	1	15	1	15	0.052	15.9
L1-15-1.4x7sL.pdb	L1-15-none.4lvhF.pdb	46.667	15	8	0	1	15	1	15	0.052	15.9
L1-15-1.4x7sL.pdb	L1-15-1.4hs6A.pdb	53.333	15	7	0	1	15	1	15	0.056	15.5
L1-15-1.4x7sL.pdb	L1-15-1.1ibgL.pdb	46.667	15	8	0	1	15	1	15	0.15	14.6
L1-15-1.4x7sL.pdb	L1-15-none.3bdyL.pdb	66.667	6	2	0	1	6	1	6	4.1	10.8
L1-15-1.4x7sL.pdb	L1-15-1.5a16F.pdb	66.667	15	5	0	1	15	1	15	5.6	10.4
L1-15-1.4x7sL.pdb	L1-15-none.3phqA.pdb	53.333	15	7	0	1	15	1	15	12	 9.5
L1-15-1.4x7sL.pdb	L1-15-1.4mauL.pdb	64.286	14	5	0	1	14	1	14	28	 8.3
L1-15-1.4x7sL.pdb	L1-15-none.3i2cL.pdb	75.000	4	1	0	1	4	1	4	135	 6.6
