L1-14-2.4h8wL.pdb	L1-14-2.4f58M.pdb	85.714	14	2	0	1	14	1	14	5.45e-06	26.1
L1-14-2.4h8wL.pdb	L1-14-2.4unuA.pdb	85.714	14	2	0	1	14	1	14	1.02e-05	25.2
L1-14-2.4h8wL.pdb	L1-14-2.4ravB.pdb	78.571	14	3	0	1	14	1	14	1.33e-05	25.2
L1-14-2.4h8wL.pdb	L1-14-2.5c2bL.pdb	78.571	14	3	0	1	14	1	14	2.05e-05	24.8
L1-14-2.4h8wL.pdb	L1-14-2.3gjfL.pdb	78.571	14	3	0	1	14	1	14	2.54e-05	24.4
L1-14-2.4h8wL.pdb	L1-14-none.4nikB.pdb	78.571	14	3	0	1	14	1	14	3.14e-05	24.0
L1-14-2.4h8wL.pdb	L1-14-2.1dclB.pdb	78.571	14	3	0	1	14	1	14	3.37e-05	24.0
L1-14-2.4h8wL.pdb	L1-14-2.2omnB.pdb	78.571	14	3	0	1	14	1	14	3.66e-05	24.0
L1-14-2.4h8wL.pdb	L1-14-2.2jb5L.pdb	85.714	14	2	0	1	14	1	14	4.07e-05	24.0
L1-14-2.4h8wL.pdb	L1-14-2.4y5vE.pdb	78.571	14	3	0	1	14	1	14	7.58e-05	23.1
L1-14-2.4h8wL.pdb	L1-14-2.5cckL.pdb	71.429	14	4	0	1	14	1	14	8.14e-05	23.1
L1-14-2.4h8wL.pdb	L1-14-2.4rnrB.pdb	76.923	13	3	0	2	14	2	14	1.13e-04	22.7
L1-14-2.4h8wL.pdb	L1-14-none.3gheL.pdb	71.429	14	4	0	1	14	1	14	1.63e-04	22.3
L1-14-2.4h8wL.pdb	L1-14-2.5awnL.pdb	64.286	14	5	0	1	14	1	14	2.01e-04	21.8
L1-14-2.4h8wL.pdb	L1-14-none.1jvkB.pdb	78.571	14	3	0	1	14	1	14	2.39e-04	21.8
L1-14-2.4h8wL.pdb	L1-14-2.5f6iC.pdb	71.429	14	4	0	1	14	1	14	4.34e-04	21.0
L1-14-2.4h8wL.pdb	L1-14-2.5f6hN.pdb	71.429	14	4	0	1	14	1	14	6.37e-04	20.6
L1-14-2.4h8wL.pdb	L1-14-none.4ut7L.pdb	64.286	14	5	0	1	14	1	14	0.001	20.2
L1-14-2.4h8wL.pdb	L1-14-2.4uu9L.pdb	64.286	14	5	0	1	14	1	14	0.002	19.3
L1-14-2.4h8wL.pdb	L1-14-2.4dqoL.pdb	69.231	13	4	0	2	14	2	14	0.002	19.3
L1-14-2.4h8wL.pdb	L1-14-2.3u2sB.pdb	69.231	13	4	0	2	14	2	14	0.002	19.3
L1-14-2.4h8wL.pdb	L1-14-2.3lrsB.pdb	69.231	13	4	0	2	14	2	14	0.003	19.3
L1-14-2.4h8wL.pdb	L1-14-2.4yaqB.pdb	69.231	13	4	0	2	14	2	14	0.003	18.9
L1-14-2.4h8wL.pdb	L1-14-none.4m6nL.pdb	66.667	9	3	0	1	9	1	9	0.22	13.8
L1-14-2.4h8wL.pdb	L1-14-none.4d9lL.pdb	50.000	10	5	0	1	10	1	10	0.34	13.4
L1-14-2.4h8wL.pdb	L1-14-none.3h42L.pdb	55.556	9	4	0	1	9	1	9	0.59	12.9
L1-14-2.4h8wL.pdb	L1-14-none.4tscL.pdb	55.556	9	4	0	1	9	1	9	0.90	12.5
L1-14-2.4h8wL.pdb	L1-14-none.4kteL.pdb	57.143	7	3	0	6	12	7	13	1.1	12.1
