L1-11-2.4jr9L.pdb	L1-11-2.1b0wB.pdb	66.667	9	3	0	1	9	1	9	0.005	17.2
L1-11-2.4jr9L.pdb	L1-11-2.3b9kC.pdb	77.778	9	2	0	1	9	1	9	0.009	16.8
L1-11-2.4jr9L.pdb	L1-11-2.4uinL.pdb	66.667	9	3	0	1	9	1	9	0.010	16.3
L1-11-2.4jr9L.pdb	L1-11-2.4g6mL.pdb	66.667	9	3	0	1	9	1	9	0.010	16.3
L1-11-2.4jr9L.pdb	L1-11-2.2xknA.pdb	66.667	9	3	0	1	9	1	9	0.010	16.3
L1-11-2.4jr9L.pdb	L1-11-2.1emtL.pdb	75.000	8	2	0	2	9	2	9	0.015	15.9
L1-11-2.4jr9L.pdb	L1-11-2.3qpxL.pdb	77.778	9	2	0	1	9	1	9	0.018	15.9
L1-11-2.4jr9L.pdb	L1-11-2.4n9gL.pdb	66.667	9	3	0	1	9	1	9	0.019	15.5
L1-11-2.4jr9L.pdb	L1-11-2.4odvL.pdb	66.667	9	3	0	1	9	1	9	0.020	15.5
L1-11-2.4jr9L.pdb	L1-11-2.3esuF.pdb	66.667	9	3	0	1	9	1	9	0.020	15.5
L1-11-2.4jr9L.pdb	L1-11-2.3lizL.pdb	66.667	9	3	0	1	9	1	9	0.025	15.5
L1-11-2.4jr9L.pdb	L1-11-2.1mamL.pdb	66.667	9	3	0	1	9	1	9	0.027	15.5
L1-11-2.4jr9L.pdb	L1-11-2.3u9pL.pdb	77.778	9	2	0	1	9	1	9	0.029	15.1
L1-11-2.4jr9L.pdb	L1-11-2.3u0wL.pdb	75.000	8	2	0	2	9	2	9	0.029	15.1
L1-11-2.4jr9L.pdb	L1-11-2.1fn4C.pdb	66.667	9	3	0	1	9	1	9	0.031	15.1
L1-11-2.4jr9L.pdb	L1-11-2.2ypvL.pdb	75.000	8	2	0	2	9	2	9	0.042	14.6
L1-11-2.4jr9L.pdb	L1-11-2.4yr6E.pdb	66.667	9	3	0	1	9	1	9	0.10	13.8
L1-11-2.4jr9L.pdb	L1-11-2.4ht1L.pdb	100.000	6	0	0	1	6	1	6	0.11	13.8
L1-11-2.4jr9L.pdb	L1-11-2.4s1dD.pdb	66.667	9	3	0	1	9	1	9	0.13	13.8
L1-11-2.4jr9L.pdb	L1-11-2.1a2yA.pdb	66.667	9	3	0	1	9	1	9	0.13	13.8
L1-11-2.4jr9L.pdb	L1-11-2.4d3cL.pdb	62.500	8	3	0	1	8	1	8	0.15	13.4
L1-11-2.4jr9L.pdb	L1-11-2.3ojdA.pdb	66.667	9	3	0	1	9	1	9	0.20	13.4
L1-11-2.4jr9L.pdb	L1-11-2.5fhaL.pdb	55.556	9	4	0	1	9	1	9	0.31	12.9
L1-11-2.4jr9L.pdb	L1-11-2.3wxwL.pdb	55.556	9	4	0	1	9	1	9	0.39	12.5
L1-11-2.4jr9L.pdb	L1-11-2.5dfwH.pdb	66.667	6	2	0	1	6	1	6	0.91	11.7
L1-11-2.4jr9L.pdb	L1-11-2.4pljL.pdb	66.667	6	2	0	1	6	1	6	1.1	11.7
