L1-10-1.4ki5D.pdb	L1-10-1.4ebqL.pdb	90.000	10	1	0	1	10	1	10	0.001	18.5
L1-10-1.4ki5D.pdb	L1-10-none.1ay1L.pdb	90.000	10	1	0	1	10	1	10	0.001	18.5
L1-10-1.4ki5D.pdb	L1-10-1.1yqvL.pdb	80.000	10	2	0	1	10	1	10	0.002	18.0
L1-10-1.4ki5D.pdb	L1-10-1.2w9dL.pdb	80.000	10	2	0	1	10	1	10	0.004	16.8
L1-10-1.4ki5D.pdb	L1-10-1.4ag4L.pdb	70.000	10	3	0	1	10	1	10	0.005	16.8
L1-10-1.4ki5D.pdb	L1-10-1.1sy6L.pdb	88.889	9	1	0	1	9	1	9	0.007	16.3
L1-10-1.4ki5D.pdb	L1-10-1.4kphL.pdb	70.000	10	3	0	1	10	1	10	0.009	16.3
L1-10-1.4ki5D.pdb	L1-10-1.3nfsL.pdb	70.000	10	3	0	1	10	1	10	0.009	15.9
L1-10-1.4ki5D.pdb	L1-10-1.3bkyL.pdb	77.778	9	2	0	2	10	2	10	0.010	15.9
L1-10-1.4ki5D.pdb	L1-10-1.1eo8L.pdb	70.000	10	3	0	1	10	1	10	0.011	15.9
L1-10-1.4ki5D.pdb	L1-10-1.4c83B.pdb	70.000	10	3	0	1	10	1	10	0.011	15.9
L1-10-1.4ki5D.pdb	L1-10-1.1mhpL.pdb	60.000	10	4	0	1	10	1	10	0.015	15.5
L1-10-1.4ki5D.pdb	L1-10-1.3qwoL.pdb	70.000	10	3	0	1	10	1	10	0.016	15.5
L1-10-1.4ki5D.pdb	L1-10-1.1a6tC.pdb	77.778	9	2	0	1	9	1	9	0.016	15.5
L1-10-1.4ki5D.pdb	L1-10-1.2b2xL.pdb	60.000	10	4	0	1	10	1	10	0.019	15.5
L1-10-1.4ki5D.pdb	L1-10-1.1forL.pdb	60.000	10	4	0	1	10	1	10	0.023	15.1
L1-10-1.4ki5D.pdb	L1-10-none.4eneD.pdb	70.000	10	3	0	1	10	1	10	0.024	15.1
L1-10-1.4ki5D.pdb	L1-10-1.2j4wL.pdb	66.667	9	3	0	2	10	2	10	0.025	15.1
L1-10-1.4ki5D.pdb	L1-10-1.4kucD.pdb	66.667	9	3	0	2	10	2	10	0.034	14.6
L1-10-1.4ki5D.pdb	L1-10-1.2bmkL.pdb	60.000	10	4	0	1	10	1	10	0.034	14.6
L1-10-1.4ki5D.pdb	L1-10-1.4hxaL.pdb	60.000	10	4	0	1	10	1	10	0.036	14.6
L1-10-1.4ki5D.pdb	L1-10-1.4qnpF.pdb	66.667	9	3	0	2	10	2	10	0.036	14.6
L1-10-1.4ki5D.pdb	L1-10-1.4kaqL.pdb	66.667	9	3	0	2	10	2	10	0.052	14.2
L1-10-1.4ki5D.pdb	L1-10-1.1pskL.pdb	60.000	10	4	0	1	10	1	10	0.12	13.4
L1-10-1.4ki5D.pdb	L1-10-1.2fbjL.pdb	33.333	6	4	0	5	10	5	10	672	 3.6
