L3-11-1.4d9lM.pdb	L3-11-1.4tscL.pdb	90.909	11	1	0	1	11	1	11	8.87e-04	19.7
L3-11-1.4d9lM.pdb	L3-11-1.4q2zB.pdb	72.727	11	3	0	1	11	1	11	0.002	19.3
L3-11-1.4d9lM.pdb	L3-11-1.4ttdL.pdb	81.818	11	2	0	1	11	1	11	0.002	18.9
L3-11-1.4d9lM.pdb	L3-11-1.4tsbL.pdb	81.818	11	2	0	1	11	1	11	0.002	18.9
L3-11-1.4d9lM.pdb	L3-11-1.5azeL.pdb	72.727	11	3	0	1	11	1	11	0.008	17.2
L3-11-1.4d9lM.pdb	L3-11-1.5j75B.pdb	60.000	10	4	0	2	11	2	11	0.034	15.9
L3-11-1.4d9lM.pdb	L3-11-1.1rzfL.pdb	60.000	10	4	0	2	11	2	11	0.11	14.2
L3-11-1.4d9lM.pdb	L3-11-1.2xqbL.pdb	50.000	10	5	0	2	11	2	11	0.13	14.2
L3-11-1.4d9lM.pdb	L3-11-1.2fb4L.pdb	50.000	10	5	0	2	11	2	11	0.17	13.8
L3-11-1.4d9lM.pdb	L3-11-1.4eowL.pdb	62.500	8	3	0	2	9	2	9	0.50	12.9
L3-11-1.4d9lM.pdb	L3-11-1.4xvjL.pdb	50.000	10	5	0	2	11	2	11	0.55	12.5
L3-11-1.4d9lM.pdb	L3-11-none.2jb5L.pdb	62.500	8	3	0	1	8	1	8	0.72	12.5
L3-11-1.4d9lM.pdb	L3-11-none.3kdmL.pdb	50.000	10	5	0	2	11	2	11	0.97	12.1
L3-11-1.4d9lM.pdb	L3-11-1.4imkC.pdb	54.545	11	5	0	1	11	1	11	1.8	11.7
L3-11-1.4d9lM.pdb	L3-11-none.4aizA.pdb	83.333	6	1	0	1	6	1	6	4.4	10.4
L3-11-1.4d9lM.pdb	L3-11-none.3gheL.pdb	60.000	10	3	1	2	11	2	10	14	 9.1
