L1-16-1.4hcrN.pdb	L1-16-1.4lriB.pdb	88.889	9	1	0	1	9	1	9	0.004	17.6
L1-16-1.4hcrN.pdb	L1-16-1.3qehB.pdb	88.889	9	1	0	1	9	1	9	0.004	17.6
L1-16-1.4hcrN.pdb	L1-16-1.4jn2L.pdb	88.889	9	1	0	1	9	1	9	0.007	17.2
L1-16-1.4hcrN.pdb	L1-16-1.5jueL.pdb	77.778	9	2	0	1	9	1	9	0.015	16.3
L1-16-1.4hcrN.pdb	L1-16-1.1pz5A.pdb	77.778	9	2	0	1	9	1	9	0.015	16.3
L1-16-1.4hcrN.pdb	L1-16-1.3u0tA.pdb	77.778	9	2	0	1	9	1	9	0.027	15.5
L1-16-1.4hcrN.pdb	L1-16-1.1yeeL.pdb	77.778	9	2	0	1	9	1	9	0.027	15.5
L1-16-1.4hcrN.pdb	L1-16-1.2imnA.pdb	87.500	8	1	0	1	8	1	8	0.037	15.1
L1-16-1.4hcrN.pdb	L1-16-1.4pb0L.pdb	77.778	9	2	0	1	9	1	9	0.042	15.1
L1-16-1.4hcrN.pdb	L1-16-1.2w60B.pdb	77.778	9	2	0	1	9	1	9	0.042	15.1
L1-16-1.4hcrN.pdb	L1-16-1.1cr9L.pdb	77.778	9	2	0	1	9	1	9	0.042	15.1
L1-16-1.4hcrN.pdb	L1-16-1.1dbbL.pdb	66.667	9	3	0	1	9	1	9	0.043	15.1
L1-16-1.4hcrN.pdb	L1-16-1.1zeaL.pdb	66.667	9	3	0	1	9	1	9	0.048	15.1
L1-16-1.4hcrN.pdb	L1-16-1.5drxL.pdb	66.667	9	3	0	1	9	1	9	0.050	15.1
L1-16-1.4hcrN.pdb	L1-16-1.4fabL.pdb	66.667	9	3	0	1	9	1	9	0.050	15.1
L1-16-1.4hcrN.pdb	L1-16-1.3wbdA.pdb	66.667	9	3	0	1	9	1	9	0.050	15.1
L1-16-1.4hcrN.pdb	L1-16-1.3mckL.pdb	66.667	9	3	0	1	9	1	9	0.050	15.1
L1-16-1.4hcrN.pdb	L1-16-1.2d03L.pdb	66.667	9	3	0	1	9	1	9	0.050	15.1
L1-16-1.4hcrN.pdb	L1-16-1.1x9qA.pdb	66.667	9	3	0	1	9	1	9	0.050	15.1
L1-16-1.4hcrN.pdb	L1-16-1.1t2qL.pdb	66.667	9	3	0	1	9	1	9	0.050	15.1
L1-16-1.4hcrN.pdb	L1-16-1.1rmfL.pdb	66.667	9	3	0	1	9	1	9	0.050	15.1
L1-16-1.4hcrN.pdb	L1-16-1.1makA.pdb	66.667	9	3	0	1	9	1	9	0.050	15.1
L1-16-1.4hcrN.pdb	L1-16-1.1lmkC.pdb	66.667	9	3	0	1	9	1	9	0.050	15.1
L1-16-1.4hcrN.pdb	L1-16-1.1dlfL.pdb	66.667	9	3	0	1	9	1	9	0.050	15.1
L1-16-1.4hcrN.pdb	L1-16-1.4dtgL.pdb	77.778	9	2	0	1	9	1	9	0.054	14.6
L1-16-1.4hcrN.pdb	L1-16-1.3hr5A.pdb	66.667	9	3	0	1	9	1	9	0.058	14.6
L1-16-1.4hcrN.pdb	L1-16-1.4trpL.pdb	75.000	8	2	0	1	8	1	8	0.062	14.6
L1-16-1.4hcrN.pdb	L1-16-1.2g2rA.pdb	66.667	9	3	0	1	9	1	9	0.063	14.6
L1-16-1.4hcrN.pdb	L1-16-1.3o6kL.pdb	66.667	9	3	0	1	9	1	9	0.070	14.6
L1-16-1.4hcrN.pdb	L1-16-1.1lo4L.pdb	55.556	9	4	0	1	9	1	9	0.070	14.6
L1-16-1.4hcrN.pdb	L1-16-1.3m8oL.pdb	75.000	8	2	0	1	8	1	8	0.086	14.2
L1-16-1.4hcrN.pdb	L1-16-1.1ncwL.pdb	66.667	9	3	0	1	9	1	9	0.088	14.2
L1-16-1.4hcrN.pdb	L1-16-1.1f3dL.pdb	55.556	9	4	0	1	9	1	9	0.10	14.2
L1-16-1.4hcrN.pdb	L1-16-1.3pp4L.pdb	66.667	9	3	0	1	9	1	9	0.11	14.2
L1-16-1.4hcrN.pdb	L1-16-1.3ggwA.pdb	66.667	9	3	0	1	9	1	9	0.11	14.2
L1-16-1.4hcrN.pdb	L1-16-1.1q72L.pdb	66.667	9	3	0	1	9	1	9	0.11	14.2
L1-16-1.4hcrN.pdb	L1-16-1.1mjuL.pdb	66.667	9	3	0	1	9	1	9	0.11	14.2
L1-16-1.4hcrN.pdb	L1-16-1.1mieL.pdb	66.667	9	3	0	1	9	1	9	0.11	14.2
L1-16-1.4hcrN.pdb	L1-16-1.1ad9L.pdb	66.667	9	3	0	1	9	1	9	0.11	14.2
L1-16-1.4hcrN.pdb	L1-16-1.4ygvB.pdb	55.556	9	4	0	1	9	1	9	0.12	13.8
L1-16-1.4hcrN.pdb	L1-16-1.3utzA.pdb	55.556	9	4	0	1	9	1	9	0.12	13.8
L1-16-1.4hcrN.pdb	L1-16-1.3jauL.pdb	55.556	9	4	0	1	9	1	9	0.12	13.8
L1-16-1.4hcrN.pdb	L1-16-1.3fo2A.pdb	55.556	9	4	0	1	9	1	9	0.12	13.8
L1-16-1.4hcrN.pdb	L1-16-1.3fo1A.pdb	55.556	9	4	0	1	9	1	9	0.12	13.8
L1-16-1.4hcrN.pdb	L1-16-1.3bkjL.pdb	55.556	9	4	0	1	9	1	9	0.12	13.8
L1-16-1.4hcrN.pdb	L1-16-1.1i9jL.pdb	55.556	9	4	0	1	9	1	9	0.12	13.8
L1-16-1.4hcrN.pdb	L1-16-1.4f37L.pdb	55.556	9	4	0	1	9	1	9	0.12	13.8
L1-16-1.4hcrN.pdb	L1-16-1.1ynlL.pdb	55.556	9	4	0	1	9	1	9	0.14	13.8
L1-16-1.4hcrN.pdb	L1-16-1.5epmF.pdb	55.556	9	4	0	1	9	1	9	0.14	13.8
L1-16-1.4hcrN.pdb	L1-16-1.2jelL.pdb	62.500	8	3	0	1	8	1	8	0.14	13.8
L1-16-1.4hcrN.pdb	L1-16-1.4whtB.pdb	66.667	9	3	0	1	9	1	9	0.15	13.8
L1-16-1.4hcrN.pdb	L1-16-1.1f8tL.pdb	75.000	8	2	0	2	9	2	9	0.17	13.8
L1-16-1.4hcrN.pdb	L1-16-1.5ewiL.pdb	85.714	7	1	0	1	7	1	7	0.19	13.4
L1-16-1.4hcrN.pdb	L1-16-1.4xmlL.pdb	55.556	9	4	0	1	9	1	9	0.19	13.4
L1-16-1.4hcrN.pdb	L1-16-1.5dyoB.pdb	85.714	7	1	0	1	7	1	7	0.19	13.4
L1-16-1.4hcrN.pdb	L1-16-1.4xxdA.pdb	55.556	9	4	0	1	9	1	9	0.22	13.4
L1-16-1.4hcrN.pdb	L1-16-1.4nujA.pdb	66.667	9	3	0	1	9	1	9	0.32	12.9
L1-16-1.4hcrN.pdb	L1-16-1.4lciL.pdb	55.556	9	4	0	1	9	1	9	0.36	12.9
L1-16-1.4hcrN.pdb	L1-16-1.3cfbL.pdb	55.556	9	4	0	1	9	1	9	0.36	12.9
L1-16-1.4hcrN.pdb	L1-16-1.1rurL.pdb	55.556	9	4	0	1	9	1	9	0.55	12.5
L1-16-1.4hcrN.pdb	L1-16-1.1uz8A.pdb	55.556	9	4	0	1	9	1	9	0.59	12.5
L1-16-1.4hcrN.pdb	L1-16-1.5iwlA.pdb	44.444	9	5	0	1	9	1	9	0.75	12.1
L1-16-1.4hcrN.pdb	L1-16-1.1gpoL.pdb	50.000	8	4	0	1	8	1	8	0.84	12.1
L1-16-1.4hcrN.pdb	L1-16-1.4nugL.pdb	55.556	9	4	0	1	9	1	9	1.0	11.7
