L1-14-2.4rnrB.pdb	L1-14-2.3lrsB.pdb	88.889	9	1	0	1	9	1	9	0.001	17.2
L1-14-2.4rnrB.pdb	L1-14-2.4uu9L.pdb	100.000	8	0	0	2	9	2	9	0.003	16.3
L1-14-2.4rnrB.pdb	L1-14-2.4dqoL.pdb	87.500	8	1	0	2	9	2	9	0.006	15.5
L1-14-2.4rnrB.pdb	L1-14-2.4y5vE.pdb	87.500	8	1	0	2	9	2	9	0.006	15.5
L1-14-2.4rnrB.pdb	L1-14-2.4unuA.pdb	87.500	8	1	0	2	9	2	9	0.006	15.5
L1-14-2.4rnrB.pdb	L1-14-2.5f6hN.pdb	87.500	8	1	0	2	9	2	9	0.008	15.1
L1-14-2.4rnrB.pdb	L1-14-2.4ravB.pdb	87.500	8	1	0	2	9	2	9	0.008	15.1
L1-14-2.4rnrB.pdb	L1-14-2.3u2sB.pdb	75.000	8	2	0	2	9	2	9	0.016	14.2
L1-14-2.4rnrB.pdb	L1-14-2.5cckL.pdb	66.667	9	3	0	1	9	1	9	0.017	14.2
L1-14-2.4rnrB.pdb	L1-14-2.3gjfL.pdb	75.000	8	2	0	2	9	2	9	0.019	14.2
L1-14-2.4rnrB.pdb	L1-14-2.5c2bL.pdb	75.000	8	2	0	2	9	2	9	0.020	14.2
L1-14-2.4rnrB.pdb	L1-14-2.1dclB.pdb	75.000	8	2	0	2	9	2	9	0.021	14.2
L1-14-2.4rnrB.pdb	L1-14-2.4h8wL.pdb	85.714	7	1	0	2	8	2	8	0.025	13.8
L1-14-2.4rnrB.pdb	L1-14-2.2jb5L.pdb	85.714	7	1	0	2	8	2	8	0.025	13.8
L1-14-2.4rnrB.pdb	L1-14-2.5f6iC.pdb	85.714	7	1	0	2	8	2	8	0.030	13.8
L1-14-2.4rnrB.pdb	L1-14-2.4f58M.pdb	62.500	8	3	0	1	8	1	8	0.067	12.9
