H1-13-5.5f7lB.pdb	H1-13-5.3ezjD.pdb	77.778	9	2	0	1	9	1	9	0.004	15.9
H1-13-5.5f7lB.pdb	H1-13-5.5j1sC.pdb	66.667	9	3	0	1	9	1	9	0.008	15.1
H1-13-5.5f7lB.pdb	H1-13-5.4b50A.pdb	77.778	9	2	0	1	9	1	9	0.031	13.4
H1-13-5.5f7lB.pdb	H1-13-5.1mvfA.pdb	75.000	8	2	0	1	8	1	8	0.088	12.5
H1-13-5.5f7lB.pdb	H1-13-5.4wenB.pdb	66.667	9	3	0	1	9	1	9	0.10	12.5
H1-13-5.5f7lB.pdb	H1-13-5.4zg1D.pdb	55.556	9	4	0	1	9	1	9	0.12	12.1
H1-13-5.5f7lB.pdb	H1-13-5.5bopA.pdb	62.500	8	3	0	1	8	1	8	0.14	12.1
H1-13-5.5f7lB.pdb	H1-13-5.4dkaA.pdb	66.667	9	3	0	1	9	1	9	0.17	11.7
H1-13-5.5f7lB.pdb	H1-13-5.4x7fD.pdb	66.667	9	3	0	1	9	1	9	0.19	11.7
H1-13-5.5f7lB.pdb	H1-13-5.1zvhA.pdb	66.667	9	3	0	1	9	1	9	0.63	10.4
