L1-16-1.4xxdA.pdb	L1-16-1.1dbbL.pdb	81.250	16	3	0	1	16	1	16	9.90e-07	29.5
L1-16-1.4xxdA.pdb	L1-16-1.1pz5A.pdb	81.250	16	3	0	1	16	1	16	1.72e-06	29.1
L1-16-1.4xxdA.pdb	L1-16-1.4lqfL.pdb	75.000	16	4	0	1	16	1	16	1.87e-06	28.6
L1-16-1.4xxdA.pdb	L1-16-1.1dlfL.pdb	75.000	16	4	0	1	16	1	16	2.40e-06	28.6
L1-16-1.4xxdA.pdb	L1-16-1.5drxL.pdb	75.000	16	4	0	1	16	1	16	4.12e-06	27.8
L1-16-1.4xxdA.pdb	L1-16-1.1qfuL.pdb	68.750	16	5	0	1	16	1	16	4.64e-06	27.8
L1-16-1.4xxdA.pdb	L1-16-1.1rmfL.pdb	75.000	16	4	0	1	16	1	16	5.47e-06	27.8
L1-16-1.4xxdA.pdb	L1-16-1.5jueL.pdb	75.000	16	4	0	1	16	1	16	5.73e-06	27.8
L1-16-1.4xxdA.pdb	L1-16-1.1ynlL.pdb	68.750	16	5	0	1	16	1	16	5.80e-06	27.4
L1-16-1.4xxdA.pdb	L1-16-1.1mnuL.pdb	68.750	16	5	0	1	16	1	16	6.68e-06	27.4
L1-16-1.4xxdA.pdb	L1-16-1.1dsfL.pdb	68.750	16	5	0	1	16	1	16	6.84e-06	27.4
L1-16-1.4xxdA.pdb	L1-16-1.2d03L.pdb	75.000	16	4	0	1	16	1	16	7.42e-06	27.4
L1-16-1.4xxdA.pdb	L1-16-1.1t2qL.pdb	75.000	16	4	0	1	16	1	16	7.42e-06	27.4
L1-16-1.4xxdA.pdb	L1-16-1.5iwlA.pdb	73.333	15	4	0	1	15	1	15	1.27e-05	26.5
L1-16-1.4xxdA.pdb	L1-16-1.1x9qA.pdb	68.750	16	5	0	1	16	1	16	1.57e-05	26.5
L1-16-1.4xxdA.pdb	L1-16-1.4whtB.pdb	75.000	16	4	0	1	16	1	16	1.63e-05	26.5
L1-16-1.4xxdA.pdb	L1-16-none.2vq1A.pdb	62.500	16	6	0	1	16	1	16	1.94e-05	26.1
L1-16-1.4xxdA.pdb	L1-16-1.3mckL.pdb	73.333	15	4	0	1	15	1	15	2.04e-05	26.1
L1-16-1.4xxdA.pdb	L1-16-1.3gnmL.pdb	66.667	15	5	0	1	15	1	15	2.18e-05	26.1
L1-16-1.4xxdA.pdb	L1-16-1.3qg6A.pdb	68.750	16	5	0	1	16	1	16	2.32e-05	26.1
L1-16-1.4xxdA.pdb	L1-16-1.1lmkC.pdb	68.750	16	5	0	1	16	1	16	2.76e-05	25.7
L1-16-1.4xxdA.pdb	L1-16-1.4fabL.pdb	68.750	16	5	0	1	16	1	16	2.89e-05	25.7
L1-16-1.4xxdA.pdb	L1-16-1.3wbdA.pdb	73.333	15	4	0	1	15	1	15	3.14e-05	25.7
L1-16-1.4xxdA.pdb	L1-16-1.3hr5A.pdb	62.500	16	6	0	1	16	1	16	3.21e-05	25.7
L1-16-1.4xxdA.pdb	L1-16-1.1yejL.pdb	62.500	16	6	0	1	16	1	16	3.83e-05	25.2
L1-16-1.4xxdA.pdb	L1-16-1.4jn2L.pdb	62.500	16	6	0	1	16	1	16	3.92e-05	25.2
L1-16-1.4xxdA.pdb	L1-16-1.4xmlL.pdb	73.333	15	4	0	1	15	1	15	4.16e-05	25.2
L1-16-1.4xxdA.pdb	L1-16-1.3fo2A.pdb	62.500	16	6	0	1	16	1	16	4.46e-05	25.2
L1-16-1.4xxdA.pdb	L1-16-1.4ygvB.pdb	73.333	15	4	0	1	15	1	15	5.43e-05	25.2
L1-16-1.4xxdA.pdb	L1-16-1.3u0tA.pdb	62.500	16	6	0	1	16	1	16	5.50e-05	24.8
L1-16-1.4xxdA.pdb	L1-16-1.1yeeL.pdb	66.667	15	5	0	1	15	1	15	7.53e-05	24.8
L1-16-1.4xxdA.pdb	L1-16-1.3ifoB.pdb	66.667	15	5	0	1	15	1	15	7.89e-05	24.8
L1-16-1.4xxdA.pdb	L1-16-1.3jauL.pdb	66.667	15	5	0	1	15	1	15	8.17e-05	24.4
L1-16-1.4xxdA.pdb	L1-16-1.3fo1A.pdb	66.667	15	5	0	1	15	1	15	8.27e-05	24.4
L1-16-1.4xxdA.pdb	L1-16-none.1nakM.pdb	75.000	16	4	0	1	16	1	16	8.46e-05	24.4
L1-16-1.4xxdA.pdb	L1-16-1.1gpoL.pdb	66.667	15	5	0	1	15	1	15	1.11e-04	24.4
L1-16-1.4xxdA.pdb	L1-16-1.1f8tL.pdb	66.667	15	5	0	2	16	2	16	1.15e-04	24.4
L1-16-1.4xxdA.pdb	L1-16-1.1i9jL.pdb	66.667	15	5	0	1	15	1	15	1.21e-04	24.0
L1-16-1.4xxdA.pdb	L1-16-1.5aumL.pdb	62.500	16	6	0	1	16	1	16	1.24e-04	24.0
L1-16-1.4xxdA.pdb	L1-16-1.2pcpC.pdb	60.000	15	6	0	1	15	1	15	1.53e-04	24.0
L1-16-1.4xxdA.pdb	L1-16-1.3utzA.pdb	60.000	15	6	0	1	15	1	15	1.55e-04	24.0
L1-16-1.4xxdA.pdb	L1-16-1.4dtgL.pdb	62.500	16	6	0	1	16	1	16	1.62e-04	24.0
L1-16-1.4xxdA.pdb	L1-16-1.1mieL.pdb	62.500	16	6	0	1	16	1	16	1.68e-04	23.5
L1-16-1.4xxdA.pdb	L1-16-1.1f3dL.pdb	66.667	15	5	0	1	15	1	15	1.78e-04	23.5
L1-16-1.4xxdA.pdb	L1-16-1.2ajvL.pdb	62.500	16	6	0	1	16	1	16	1.91e-04	23.5
L1-16-1.4xxdA.pdb	L1-16-1.5kn5B.pdb	66.667	15	5	0	1	15	1	15	1.95e-04	23.5
L1-16-1.4xxdA.pdb	L1-16-none.5chnB.pdb	66.667	15	5	0	1	15	1	15	2.30e-04	23.5
L1-16-1.4xxdA.pdb	L1-16-1.2jelL.pdb	60.000	15	6	0	1	15	1	15	2.38e-04	23.5
L1-16-1.4xxdA.pdb	L1-16-1.3gkwL.pdb	60.000	15	6	0	1	15	1	15	2.41e-04	23.5
L1-16-1.4xxdA.pdb	L1-16-1.3bkjL.pdb	60.000	15	6	0	1	15	1	15	2.49e-04	23.1
L1-16-1.4xxdA.pdb	L1-16-1.1uz8A.pdb	62.500	16	6	0	1	16	1	16	2.76e-04	23.1
L1-16-1.4xxdA.pdb	L1-16-1.1s3kL.pdb	60.000	15	6	0	1	15	1	15	3.07e-04	23.1
L1-16-1.4xxdA.pdb	L1-16-1.2w60B.pdb	62.500	16	6	0	1	16	1	16	3.40e-04	23.1
L1-16-1.4xxdA.pdb	L1-16-1.2imnA.pdb	60.000	15	6	0	1	15	1	15	3.57e-04	22.7
L1-16-1.4xxdA.pdb	L1-16-1.1q72L.pdb	62.500	16	6	0	1	16	1	16	3.57e-04	22.7
L1-16-1.4xxdA.pdb	L1-16-1.4f37L.pdb	60.000	15	6	0	1	15	1	15	4.05e-04	22.7
L1-16-1.4xxdA.pdb	L1-16-1.1n4xM.pdb	53.333	15	7	0	1	15	1	15	4.10e-04	22.7
L1-16-1.4xxdA.pdb	L1-16-1.2dquL.pdb	53.333	15	7	0	1	15	1	15	4.76e-04	22.7
L1-16-1.4xxdA.pdb	L1-16-none.3fo9A.pdb	62.500	16	6	0	1	16	1	16	5.16e-04	22.3
L1-16-1.4xxdA.pdb	L1-16-1.1kelL.pdb	60.000	15	6	0	1	15	1	15	5.16e-04	22.3
L1-16-1.4xxdA.pdb	L1-16-1.4uv7L.pdb	60.000	15	6	0	1	15	1	15	5.34e-04	22.3
L1-16-1.4xxdA.pdb	L1-16-1.3qcuL.pdb	60.000	15	6	0	2	16	2	16	5.34e-04	22.3
L1-16-1.4xxdA.pdb	L1-16-1.2g60L.pdb	53.333	15	7	0	1	15	1	15	5.40e-04	22.3
L1-16-1.4xxdA.pdb	L1-16-1.4pb0L.pdb	62.500	16	6	0	1	16	1	16	5.53e-04	22.3
L1-16-1.4xxdA.pdb	L1-16-1.4hcrN.pdb	60.000	15	6	0	1	15	1	15	5.85e-04	22.3
L1-16-1.4xxdA.pdb	L1-16-1.5dyoB.pdb	62.500	16	6	0	1	16	1	16	6.42e-04	22.3
L1-16-1.4xxdA.pdb	L1-16-1.1cr9L.pdb	66.667	15	5	0	1	15	1	15	6.88e-04	22.3
L1-16-1.4xxdA.pdb	L1-16-1.5epmF.pdb	53.333	15	7	0	1	15	1	15	6.96e-04	22.3
L1-16-1.4xxdA.pdb	L1-16-1.4lciL.pdb	60.000	15	6	0	1	15	1	15	7.37e-04	21.8
L1-16-1.4xxdA.pdb	L1-16-1.2g2rA.pdb	56.250	16	7	0	1	16	1	16	8.96e-04	21.8
L1-16-1.4xxdA.pdb	L1-16-none.5dlmL.pdb	60.000	15	6	0	1	15	1	15	0.001	21.8
L1-16-1.4xxdA.pdb	L1-16-1.1lo4L.pdb	46.667	15	8	0	1	15	1	15	0.001	21.8
L1-16-1.4xxdA.pdb	L1-16-1.3ggwA.pdb	66.667	15	5	0	1	15	1	15	0.001	21.8
L1-16-1.4xxdA.pdb	L1-16-none.4fz8L.pdb	66.667	15	5	0	1	15	1	15	0.001	21.4
L1-16-1.4xxdA.pdb	L1-16-1.2a77L.pdb	53.333	15	7	0	1	15	1	15	0.001	21.4
L1-16-1.4xxdA.pdb	L1-16-1.1igfL.pdb	53.333	15	7	0	1	15	1	15	0.001	21.4
L1-16-1.4xxdA.pdb	L1-16-none.1ucbL.pdb	53.333	15	7	0	1	15	1	15	0.002	21.0
L1-16-1.4xxdA.pdb	L1-16-1.3nz8L.pdb	53.333	15	7	0	1	15	1	15	0.002	21.0
L1-16-1.4xxdA.pdb	L1-16-1.1ad9L.pdb	53.333	15	7	0	1	15	1	15	0.002	20.6
L1-16-1.4xxdA.pdb	L1-16-1.1lo0X.pdb	50.000	14	7	0	2	15	2	15	0.002	20.6
L1-16-1.4xxdA.pdb	L1-16-1.4lriB.pdb	60.000	15	6	0	1	15	1	15	0.003	20.6
L1-16-1.4xxdA.pdb	L1-16-1.3vw3L.pdb	53.333	15	7	0	1	15	1	15	0.003	20.6
L1-16-1.4xxdA.pdb	L1-16-1.3qehB.pdb	60.000	15	6	0	1	15	1	15	0.003	20.6
L1-16-1.4xxdA.pdb	L1-16-1.1zeaL.pdb	53.333	15	7	0	1	15	1	15	0.003	20.6
L1-16-1.4xxdA.pdb	L1-16-1.3pp4L.pdb	60.000	15	6	0	1	15	1	15	0.003	20.2
L1-16-1.4xxdA.pdb	L1-16-1.4m7jL.pdb	53.333	15	7	0	1	15	1	15	0.003	20.2
L1-16-1.4xxdA.pdb	L1-16-none.5bmfL.pdb	53.333	15	7	0	1	15	1	15	0.004	20.2
L1-16-1.4xxdA.pdb	L1-16-1.1wt5C.pdb	46.667	15	8	0	1	15	1	15	0.005	19.7
L1-16-1.4xxdA.pdb	L1-16-1.5ewiL.pdb	60.000	15	6	0	1	15	1	15	0.005	19.7
L1-16-1.4xxdA.pdb	L1-16-none.1cfvL.pdb	56.250	16	7	0	1	16	1	16	0.006	19.7
L1-16-1.4xxdA.pdb	L1-16-1.3m8oL.pdb	60.000	15	6	0	1	15	1	15	0.018	18.5
L1-16-1.4xxdA.pdb	L1-16-1.1rurL.pdb	46.667	15	8	0	1	15	1	15	0.14	15.9
L1-16-1.4xxdA.pdb	L1-16-1.3u1sL.pdb	46.667	15	8	0	1	15	1	15	0.14	15.9
L1-16-1.4xxdA.pdb	L1-16-1.4nugL.pdb	46.667	15	8	0	1	15	1	15	0.31	15.1
