L1-13-2.5hi4D.pdb	L1-13-2.3h0tA.pdb	84.615	13	2	0	1	13	1	13	1.60e-05	24.8
L1-13-2.5hi4D.pdb	L1-13-2.3b5gB.pdb	76.923	13	3	0	1	13	1	13	1.43e-04	22.3
L1-13-2.5hi4D.pdb	L1-13-2.1pewA.pdb	69.231	13	4	0	1	13	1	13	4.38e-04	21.0
L1-13-2.5hi4D.pdb	L1-13-2.4hpoL.pdb	76.923	13	3	0	1	13	1	13	4.93e-04	21.0
L1-13-2.5hi4D.pdb	L1-13-2.1cd0B.pdb	61.538	13	5	0	1	13	1	13	0.002	19.7
L1-13-2.5hi4D.pdb	L1-13-2.5c9kF.pdb	69.231	13	4	0	1	13	1	13	0.003	18.9
L1-13-2.5hi4D.pdb	L1-13-1.4ocrL.pdb	50.000	10	5	0	3	12	3	12	0.71	12.5
L1-13-2.5hi4D.pdb	L1-13-1.2xzcL.pdb	50.000	10	5	0	3	12	3	12	0.84	12.5
L1-13-2.5hi4D.pdb	L1-13-1.4m1dM.pdb	50.000	10	5	0	3	12	3	12	0.90	12.5
L1-13-2.5hi4D.pdb	L1-13-none.4ocsL.pdb	40.000	10	6	0	3	12	3	12	1.8	11.7
L1-13-2.5hi4D.pdb	L1-13-1.3gbnL.pdb	50.000	10	5	0	3	12	3	12	2.2	11.2
L1-13-2.5hi4D.pdb	L1-13-1.4osuL.pdb	40.000	10	6	0	3	12	3	12	3.3	10.8
L1-13-2.5hi4D.pdb	L1-13-1.4k3dL.pdb	50.000	10	5	0	3	12	3	12	5.4	10.4
L1-13-2.5hi4D.pdb	L1-13-1.2xwtB.pdb	40.000	10	6	0	3	12	3	12	6.0	10.4
L1-13-2.5hi4D.pdb	L1-13-1.4fqjL.pdb	40.000	10	6	0	3	12	3	12	7.1	10.0
L1-13-2.5hi4D.pdb	L1-13-1.5fcuL.pdb	40.000	10	6	0	3	12	3	12	16	 9.1
L1-13-2.5hi4D.pdb	L1-13-1.2b1hL.pdb	100.000	2	0	0	9	10	10	11	73	 7.4
L1-13-2.5hi4D.pdb	L1-13-1.3mlwL.pdb	50.000	8	4	0	3	10	4	11	77	 7.4
L1-13-2.5hi4D.pdb	L1-13-1.3npsC.pdb	50.000	4	2	0	9	12	9	12	143	 6.6
L1-13-2.5hi4D.pdb	L1-13-1.4eowL.pdb	75.000	4	1	0	9	12	9	12	231	 5.7
L1-13-2.5hi4D.pdb	L1-13-1.2yk1L.pdb	50.000	4	2	0	9	12	9	12	231	 5.7
