L2-8-2.5dt1L.pdb	L2-8-2.4od1L.pdb	80.000	10	2	0	1	10	1	10	2.28e-04	19.7
L2-8-2.5dt1L.pdb	L2-8-2.4rnrD.pdb	70.000	10	3	0	1	10	1	10	3.95e-04	19.3
L2-8-2.5dt1L.pdb	L2-8-2.4p48A.pdb	80.000	10	2	0	1	10	1	10	7.33e-04	18.5
L2-8-2.5dt1L.pdb	L2-8-2.4xvjL.pdb	70.000	10	3	0	1	10	1	10	7.77e-04	18.5
L2-8-2.5dt1L.pdb	L2-8-2.4osuL.pdb	60.000	10	4	0	1	10	1	10	0.001	17.6
L2-8-2.5dt1L.pdb	L2-8-2.4p49A.pdb	60.000	10	4	0	1	10	1	10	0.002	17.6
L2-8-2.5dt1L.pdb	L2-8-2.2mmxA.pdb	70.000	10	3	0	1	10	1	10	0.002	17.6
L2-8-2.5dt1L.pdb	L2-8-2.4lsuL.pdb	60.000	10	4	0	1	10	1	10	0.002	17.2
L2-8-2.5dt1L.pdb	L2-8-2.4glrK.pdb	80.000	10	2	0	1	10	1	10	0.002	17.2
L2-8-2.5dt1L.pdb	L2-8-2.4k3gB.pdb	70.000	10	3	0	1	10	1	10	0.007	15.9
L2-8-2.5dt1L.pdb	L2-8-2.3go1L.pdb	70.000	10	3	0	1	10	1	10	0.010	15.5
