L1-12-1.5ibuL.pdb	L1-12-1.5i1kL.pdb	75.000	12	3	0	1	12	1	12	6.51e-04	20.2
L1-12-1.5ibuL.pdb	L1-12-2.5gryG.pdb	75.000	12	3	0	1	12	1	12	6.51e-04	20.2
L1-12-1.5ibuL.pdb	L1-12-1.5k9jL.pdb	75.000	12	3	0	1	12	1	12	8.94e-04	19.7
L1-12-1.5ibuL.pdb	L1-12-1.4hweL.pdb	66.667	12	4	0	1	12	1	12	0.002	18.9
L1-12-1.5ibuL.pdb	L1-12-2.4dn3L.pdb	66.667	12	4	0	1	12	1	12	0.002	18.5
L1-12-1.5ibuL.pdb	L1-12-1.4qxgL.pdb	75.000	12	3	0	1	12	1	12	0.003	18.0
L1-12-1.5ibuL.pdb	L1-12-none.3eo0A.pdb	66.667	12	4	0	1	12	1	12	0.004	18.0
L1-12-1.5ibuL.pdb	L1-12-2.1dn0C.pdb	72.727	11	3	0	2	12	2	12	0.005	17.6
L1-12-1.5ibuL.pdb	L1-12-1.4r8wL.pdb	58.333	12	5	0	1	12	1	12	0.006	17.2
L1-12-1.5ibuL.pdb	L1-12-2.1rhhA.pdb	75.000	12	3	0	1	12	1	12	0.007	17.2
L1-12-1.5ibuL.pdb	L1-12-1.3tclL.pdb	66.667	12	4	0	1	12	1	12	0.008	17.2
L1-12-1.5ibuL.pdb	L1-12-1.3w9eB.pdb	75.000	12	3	0	1	12	1	12	0.013	16.3
L1-12-1.5ibuL.pdb	L1-12-2.4xcfL.pdb	66.667	12	4	0	1	12	1	12	0.015	16.3
L1-12-1.5ibuL.pdb	L1-12-1.1iqdA.pdb	66.667	12	4	0	1	12	1	12	0.019	16.3
L1-12-1.5ibuL.pdb	L1-12-none.5dr5L.pdb	66.667	12	4	0	1	12	1	12	0.022	15.9
L1-12-1.5ibuL.pdb	L1-12-1.4xp9L.pdb	63.636	11	4	0	1	11	1	11	0.032	15.5
L1-12-1.5ibuL.pdb	L1-12-2.5bzdC.pdb	66.667	12	4	0	1	12	1	12	0.034	15.5
L1-12-1.5ibuL.pdb	L1-12-2.4rzcL.pdb	50.000	12	6	0	1	12	1	12	0.041	15.1
L1-12-1.5ibuL.pdb	L1-12-2.5a7xM.pdb	50.000	12	6	0	1	12	1	12	0.043	15.1
L1-12-1.5ibuL.pdb	L1-12-2.5fuzL.pdb	50.000	12	6	0	1	12	1	12	0.047	15.1
L1-12-1.5ibuL.pdb	L1-12-1.4ydlC.pdb	50.000	12	6	0	1	12	1	12	0.076	14.6
L1-12-1.5ibuL.pdb	L1-12-1.4xnyL.pdb	41.667	12	7	0	1	12	1	12	0.17	13.8
L1-12-1.5ibuL.pdb	L1-12-2.5dmgD.pdb	50.000	12	6	0	1	12	1	12	0.76	12.1
L1-12-1.5ibuL.pdb	L1-12-1.4zfgL.pdb	100.000	4	0	0	1	4	1	4	3.1	10.4
L1-12-1.5ibuL.pdb	L1-12-1.2brrL.pdb	63.636	11	4	0	1	11	1	11	20	 8.3
L1-12-1.5ibuL.pdb	L1-12-1.1orsA.pdb	50.000	4	2	0	8	11	8	11	109	 6.2
L1-12-1.5ibuL.pdb	L1-12-1.3gkzA.pdb	50.000	4	2	0	8	11	8	11	472	 4.5
L1-12-1.5ibuL.pdb	L1-12-1.35c8L.pdb	66.667	3	1	0	2	4	2	4	753	 4.0
