L1-16-1.4jn2L.pdb	L1-16-1.3u0tA.pdb	88.889	9	1	0	1	9	1	9	0.005	17.6
L1-16-1.4jn2L.pdb	L1-16-1.1yejL.pdb	88.889	9	1	0	1	9	1	9	0.005	17.6
L1-16-1.4jn2L.pdb	L1-16-1.1yeeL.pdb	88.889	9	1	0	1	9	1	9	0.005	17.6
L1-16-1.4jn2L.pdb	L1-16-1.2imnA.pdb	100.000	8	0	0	1	8	1	8	0.006	17.2
L1-16-1.4jn2L.pdb	L1-16-1.4hcrN.pdb	88.889	9	1	0	1	9	1	9	0.007	17.2
L1-16-1.4jn2L.pdb	L1-16-1.2g2rA.pdb	77.778	9	2	0	1	9	1	9	0.011	16.8
L1-16-1.4jn2L.pdb	L1-16-1.4lriB.pdb	77.778	9	2	0	1	9	1	9	0.016	16.3
L1-16-1.4jn2L.pdb	L1-16-1.1f8tL.pdb	77.778	9	2	0	1	9	1	9	0.027	15.5
L1-16-1.4jn2L.pdb	L1-16-1.4xmlL.pdb	66.667	9	3	0	1	9	1	9	0.027	15.5
L1-16-1.4jn2L.pdb	L1-16-1.4xxdA.pdb	66.667	9	3	0	1	9	1	9	0.032	15.5
L1-16-1.4jn2L.pdb	L1-16-1.4lqfL.pdb	66.667	9	3	0	1	9	1	9	0.047	15.1
L1-16-1.4jn2L.pdb	L1-16-1.2ajvL.pdb	75.000	8	2	0	1	8	1	8	0.061	14.6
L1-16-1.4jn2L.pdb	L1-16-1.5jueL.pdb	66.667	9	3	0	1	9	1	9	0.066	14.6
L1-16-1.4jn2L.pdb	L1-16-1.1pz5A.pdb	66.667	9	3	0	1	9	1	9	0.066	14.6
L1-16-1.4jn2L.pdb	L1-16-1.4pb0L.pdb	100.000	7	0	0	1	7	1	7	0.067	14.6
L1-16-1.4jn2L.pdb	L1-16-1.2w60B.pdb	100.000	7	0	0	1	7	1	7	0.067	14.6
L1-16-1.4jn2L.pdb	L1-16-1.1cr9L.pdb	100.000	7	0	0	1	7	1	7	0.067	14.6
L1-16-1.4jn2L.pdb	L1-16-1.4dtgL.pdb	100.000	7	0	0	1	7	1	7	0.067	14.6
L1-16-1.4jn2L.pdb	L1-16-1.5aumL.pdb	75.000	8	2	0	1	8	1	8	0.077	14.2
L1-16-1.4jn2L.pdb	L1-16-1.1uz8A.pdb	66.667	9	3	0	1	9	1	9	0.078	14.2
L1-16-1.4jn2L.pdb	L1-16-1.5iwlA.pdb	55.556	9	4	0	1	9	1	9	0.088	14.2
L1-16-1.4jn2L.pdb	L1-16-1.1ncwL.pdb	66.667	9	3	0	1	9	1	9	0.14	13.8
L1-16-1.4jn2L.pdb	L1-16-1.3m8oL.pdb	85.714	7	1	0	1	7	1	7	0.16	13.8
L1-16-1.4jn2L.pdb	L1-16-1.4whtB.pdb	85.714	7	1	0	1	7	1	7	0.18	13.4
L1-16-1.4jn2L.pdb	L1-16-1.5ewiL.pdb	85.714	7	1	0	1	7	1	7	0.19	13.4
L1-16-1.4jn2L.pdb	L1-16-1.1dbbL.pdb	55.556	9	4	0	1	9	1	9	0.21	13.4
L1-16-1.4jn2L.pdb	L1-16-1.5dyoB.pdb	85.714	7	1	0	1	7	1	7	0.25	13.4
L1-16-1.4jn2L.pdb	L1-16-1.5drxL.pdb	55.556	9	4	0	1	9	1	9	0.25	13.4
L1-16-1.4jn2L.pdb	L1-16-1.4fabL.pdb	55.556	9	4	0	1	9	1	9	0.25	13.4
L1-16-1.4jn2L.pdb	L1-16-1.3wbdA.pdb	55.556	9	4	0	1	9	1	9	0.25	13.4
L1-16-1.4jn2L.pdb	L1-16-1.3mckL.pdb	55.556	9	4	0	1	9	1	9	0.25	13.4
L1-16-1.4jn2L.pdb	L1-16-1.2d03L.pdb	55.556	9	4	0	1	9	1	9	0.25	13.4
L1-16-1.4jn2L.pdb	L1-16-1.1x9qA.pdb	55.556	9	4	0	1	9	1	9	0.25	13.4
L1-16-1.4jn2L.pdb	L1-16-1.1t2qL.pdb	55.556	9	4	0	1	9	1	9	0.25	13.4
L1-16-1.4jn2L.pdb	L1-16-1.1makA.pdb	55.556	9	4	0	1	9	1	9	0.25	13.4
L1-16-1.4jn2L.pdb	L1-16-1.1lmkC.pdb	55.556	9	4	0	1	9	1	9	0.25	13.4
L1-16-1.4jn2L.pdb	L1-16-1.1dlfL.pdb	55.556	9	4	0	1	9	1	9	0.25	13.4
L1-16-1.4jn2L.pdb	L1-16-1.1zeaL.pdb	55.556	9	4	0	1	9	1	9	0.26	13.4
L1-16-1.4jn2L.pdb	L1-16-1.3hr5A.pdb	55.556	9	4	0	1	9	1	9	0.28	12.9
L1-16-1.4jn2L.pdb	L1-16-1.4trpL.pdb	62.500	8	3	0	1	8	1	8	0.31	12.9
L1-16-1.4jn2L.pdb	L1-16-1.4nujA.pdb	100.000	6	0	0	1	6	1	6	0.45	12.5
L1-16-1.4jn2L.pdb	L1-16-1.3pp4L.pdb	55.556	9	4	0	1	9	1	9	0.66	12.1
L1-16-1.4jn2L.pdb	L1-16-1.1q72L.pdb	55.556	9	4	0	1	9	1	9	0.66	12.1
L1-16-1.4jn2L.pdb	L1-16-1.1mjuL.pdb	55.556	9	4	0	1	9	1	9	0.66	12.1
L1-16-1.4jn2L.pdb	L1-16-1.1mieL.pdb	55.556	9	4	0	1	9	1	9	0.66	12.1
L1-16-1.4jn2L.pdb	L1-16-1.1ad9L.pdb	55.556	9	4	0	1	9	1	9	0.66	12.1
L1-16-1.4jn2L.pdb	L1-16-1.1ynlL.pdb	44.444	9	5	0	1	9	1	9	0.67	12.1
L1-16-1.4jn2L.pdb	L1-16-1.5kn5B.pdb	44.444	9	5	0	1	9	1	9	0.69	12.1
L1-16-1.4jn2L.pdb	L1-16-1.4ygvB.pdb	44.444	9	5	0	1	9	1	9	0.69	12.1
L1-16-1.4jn2L.pdb	L1-16-1.3utzA.pdb	44.444	9	5	0	1	9	1	9	0.69	12.1
L1-16-1.4jn2L.pdb	L1-16-1.3jauL.pdb	44.444	9	5	0	1	9	1	9	0.69	12.1
L1-16-1.4jn2L.pdb	L1-16-1.3fo2A.pdb	44.444	9	5	0	1	9	1	9	0.69	12.1
L1-16-1.4jn2L.pdb	L1-16-1.3fo1A.pdb	44.444	9	5	0	1	9	1	9	0.69	12.1
L1-16-1.4jn2L.pdb	L1-16-1.3bkjL.pdb	44.444	9	5	0	1	9	1	9	0.69	12.1
L1-16-1.4jn2L.pdb	L1-16-1.2uylX.pdb	44.444	9	5	0	1	9	1	9	0.69	12.1
L1-16-1.4jn2L.pdb	L1-16-1.1i9jL.pdb	44.444	9	5	0	1	9	1	9	0.69	12.1
L1-16-1.4jn2L.pdb	L1-16-1.5epmF.pdb	44.444	9	5	0	1	9	1	9	0.78	12.1
L1-16-1.4jn2L.pdb	L1-16-1.1f3dL.pdb	44.444	9	5	0	1	9	1	9	0.79	12.1
L1-16-1.4jn2L.pdb	L1-16-1.1rurL.pdb	55.556	9	4	0	1	9	1	9	1.0	11.7
L1-16-1.4jn2L.pdb	L1-16-1.1gpoL.pdb	50.000	8	4	0	1	8	1	8	1.4	11.7
L1-16-1.4jn2L.pdb	L1-16-1.4nugL.pdb	83.333	6	1	0	1	6	1	6	1.5	11.7
