H1-15-1.3b2uJ.pdb	H1-15-1.5bv7H.pdb	88.889	9	1	0	1	9	1	9	0.009	15.5
H1-15-1.3b2uJ.pdb	H1-15-1.4ps4H.pdb	66.667	9	3	0	1	9	1	9	0.21	12.1
H1-15-1.3b2uJ.pdb	H1-15-1.3l5xH.pdb	66.667	9	3	0	1	9	1	9	0.21	12.1
H1-15-1.3b2uJ.pdb	H1-15-1.5jw5H.pdb	55.556	9	4	0	1	9	1	9	0.45	11.7
H1-15-1.3b2uJ.pdb	H1-15-1.3ulsB.pdb	55.556	9	4	0	1	9	1	9	0.45	11.7
H1-15-1.3b2uJ.pdb	H1-15-1.3h0tB.pdb	55.556	9	4	0	1	9	1	9	0.45	11.7
H1-15-1.3b2uJ.pdb	H1-15-1.1ai1H.pdb	62.500	8	3	0	2	9	2	9	0.71	10.8
H1-15-1.3b2uJ.pdb	H1-15-1.3twcH.pdb	71.429	7	2	0	1	7	1	7	0.75	10.8
H1-15-1.3b2uJ.pdb	H1-15-1.5k9jH.pdb	50.000	8	4	0	2	9	2	9	1.4	10.4
H1-15-1.3b2uJ.pdb	H1-15-1.2vq1F.pdb	71.429	7	2	0	3	9	3	9	3.3	 9.5
H1-15-1.3b2uJ.pdb	H1-15-1.3bkjH.pdb	80.000	5	1	0	3	7	3	7	4.9	 9.1
