H1-14-1.4mauH.pdb	H1-14-1.3g5yB.pdb	92.857	14	1	0	1	14	1	14	1.75e-07	29.5
H1-14-1.4mauH.pdb	H1-14-1.4lkxA.pdb	85.714	14	2	0	1	14	1	14	5.50e-07	28.2
H1-14-1.4mauH.pdb	H1-14-none.3qg6H.pdb	85.714	14	2	0	1	14	1	14	5.63e-07	28.2
H1-14-1.4mauH.pdb	H1-14-none.4ocxH.pdb	92.857	14	1	0	1	14	1	14	5.77e-07	28.2
H1-14-1.4mauH.pdb	H1-14-none.1ncwH.pdb	85.714	14	2	0	1	14	1	14	9.39e-07	27.4
H1-14-1.4mauH.pdb	H1-14-1.1kcvH.pdb	85.714	14	2	0	1	14	1	14	9.73e-07	27.4
H1-14-1.4mauH.pdb	H1-14-1.1cf8H.pdb	85.714	14	2	0	1	14	1	14	1.11e-06	27.4
H1-14-1.4mauH.pdb	H1-14-1.1orsB.pdb	78.571	14	3	0	1	14	1	14	1.66e-06	26.9
H1-14-1.4mauH.pdb	H1-14-1.3leyH.pdb	78.571	14	3	0	1	14	1	14	4.61e-06	25.7
H1-14-1.4mauH.pdb	H1-14-1.5cp3H.pdb	71.429	14	4	0	1	14	1	14	9.48e-06	24.8
H1-14-1.4mauH.pdb	H1-14-1.2ajuH.pdb	76.923	13	3	0	1	13	1	13	9.59e-06	24.8
H1-14-1.4mauH.pdb	H1-14-1.2z92A.pdb	71.429	14	4	0	1	14	1	14	1.61e-05	24.4
H1-14-1.4mauH.pdb	H1-14-none.5e94B.pdb	71.429	14	4	0	1	14	1	14	2.71e-05	24.0
H1-14-1.4mauH.pdb	H1-14-1.3cx5J.pdb	71.429	14	4	0	1	14	1	14	3.08e-05	23.5
H1-14-1.4mauH.pdb	H1-14-1.4x7sH.pdb	64.286	14	5	0	1	14	1	14	3.51e-05	23.5
H1-14-1.4mauH.pdb	H1-14-1.4lvnC.pdb	57.143	14	6	0	1	14	1	14	2.11e-04	21.4
H1-14-1.4mauH.pdb	H1-14-1.5e2wH.pdb	64.286	14	5	0	1	14	1	14	2.13e-04	21.4
