L1-10-1.4qnpF.pdb	L1-10-1.3bkyL.pdb	90.000	10	1	0	1	10	1	10	1.96e-04	20.2
L1-10-1.4qnpF.pdb	L1-10-1.2j4wL.pdb	80.000	10	2	0	1	10	1	10	7.90e-04	18.9
L1-10-1.4qnpF.pdb	L1-10-1.2w9dL.pdb	88.889	9	1	0	2	10	2	10	0.002	18.0
L1-10-1.4qnpF.pdb	L1-10-1.1cloL.pdb	70.000	10	3	0	1	10	1	10	0.002	17.6
L1-10-1.4qnpF.pdb	L1-10-1.4kphL.pdb	77.778	9	2	0	2	10	2	10	0.004	17.2
L1-10-1.4qnpF.pdb	L1-10-1.4c83B.pdb	77.778	9	2	0	2	10	2	10	0.007	16.3
L1-10-1.4qnpF.pdb	L1-10-1.1sy6L.pdb	77.778	9	2	0	2	10	2	10	0.007	16.3
L1-10-1.4qnpF.pdb	L1-10-1.1a6tC.pdb	87.500	8	1	0	3	10	3	10	0.008	16.3
L1-10-1.4qnpF.pdb	L1-10-none.4eneD.pdb	77.778	9	2	0	2	10	2	10	0.009	15.9
L1-10-1.4qnpF.pdb	L1-10-1.1forL.pdb	66.667	9	3	0	2	10	2	10	0.009	15.9
L1-10-1.4qnpF.pdb	L1-10-1.1eo8L.pdb	66.667	9	3	0	2	10	2	10	0.011	15.9
L1-10-1.4qnpF.pdb	L1-10-1.4ebqL.pdb	77.778	9	2	0	2	10	2	10	0.013	15.5
L1-10-1.4qnpF.pdb	L1-10-none.1ay1L.pdb	77.778	9	2	0	2	10	2	10	0.013	15.5
L1-10-1.4qnpF.pdb	L1-10-1.3qwoL.pdb	66.667	9	3	0	2	10	2	10	0.014	15.5
L1-10-1.4qnpF.pdb	L1-10-1.1yqvL.pdb	66.667	9	3	0	2	10	2	10	0.029	14.6
L1-10-1.4qnpF.pdb	L1-10-1.4ki5D.pdb	66.667	9	3	0	2	10	2	10	0.032	14.6
L1-10-1.4qnpF.pdb	L1-10-1.2hwzL.pdb	83.333	6	1	0	5	10	5	10	0.035	14.6
L1-10-1.4qnpF.pdb	L1-10-1.1mimL.pdb	66.667	9	3	0	2	10	2	10	0.078	13.8
L1-10-1.4qnpF.pdb	L1-10-1.1pskL.pdb	66.667	9	3	0	2	10	2	10	0.099	13.4
L1-10-1.4qnpF.pdb	L1-10-1.4ag4L.pdb	55.556	9	4	0	2	10	2	10	0.11	13.4
L1-10-1.4qnpF.pdb	L1-10-1.1mhpL.pdb	62.500	8	3	0	2	9	2	9	0.39	12.1
L1-10-1.4qnpF.pdb	L1-10-1.2fbjL.pdb	33.333	3	2	0	8	10	8	10	83	 6.2
L1-10-1.4qnpF.pdb	L1-10-1.2z92B.pdb	33.333	3	2	0	8	10	8	10	298	 4.5
