L1-11-1.3wiiM.pdb	L1-11-1.1wtlB.pdb	77.778	9	2	0	1	9	1	9	0.003	18.9
L1-11-1.3wiiM.pdb	L1-11-1.3u79E.pdb	88.889	9	1	0	1	9	1	9	0.003	18.5
L1-11-1.3wiiM.pdb	L1-11-1.1fe8N.pdb	77.778	9	2	0	1	9	1	9	0.003	18.5
L1-11-1.3wiiM.pdb	L1-11-1.4ydkL.pdb	77.778	9	2	0	1	9	1	9	0.004	18.5
L1-11-1.3wiiM.pdb	L1-11-1.4edxA.pdb	88.889	9	1	0	1	9	1	9	0.005	18.0
L1-11-1.3wiiM.pdb	L1-11-1.3ra7L.pdb	77.778	9	2	0	1	9	1	9	0.005	18.0
L1-11-1.3wiiM.pdb	L1-11-1.3cdcB.pdb	77.778	9	2	0	1	9	1	9	0.007	17.6
L1-11-1.3wiiM.pdb	L1-11-1.2q20A.pdb	77.778	9	2	0	1	9	1	9	0.007	17.6
L1-11-1.3wiiM.pdb	L1-11-1.1igmL.pdb	77.778	9	2	0	1	9	1	9	0.007	17.6
L1-11-1.3wiiM.pdb	L1-11-1.3j70B.pdb	77.778	9	2	0	1	9	1	9	0.010	17.2
L1-11-1.3wiiM.pdb	L1-11-1.3u7aA.pdb	77.778	9	2	0	1	9	1	9	0.011	17.2
L1-11-1.3wiiM.pdb	L1-11-1.3kr3L.pdb	77.778	9	2	0	1	9	1	9	0.011	17.2
L1-11-1.3wiiM.pdb	L1-11-1.4kq3L.pdb	77.778	9	2	0	1	9	1	9	0.012	17.2
L1-11-1.3wiiM.pdb	L1-11-1.2d7tL.pdb	66.667	9	3	0	1	9	1	9	0.012	17.2
L1-11-1.3wiiM.pdb	L1-11-1.2aj3C.pdb	77.778	9	2	0	1	9	1	9	0.014	17.2
L1-11-1.3wiiM.pdb	L1-11-1.3hntL.pdb	66.667	9	3	0	1	9	1	9	0.017	16.8
L1-11-1.3wiiM.pdb	L1-11-1.1rzgB.pdb	77.778	9	2	0	1	9	1	9	0.019	16.8
L1-11-1.3wiiM.pdb	L1-11-1.4yueL.pdb	66.667	9	3	0	1	9	1	9	0.020	16.8
L1-11-1.3wiiM.pdb	L1-11-1.5e8eA.pdb	66.667	9	3	0	1	9	1	9	0.021	16.3
L1-11-1.3wiiM.pdb	L1-11-1.3cdyA.pdb	66.667	9	3	0	1	9	1	9	0.021	16.3
L1-11-1.3wiiM.pdb	L1-11-1.5lbsL.pdb	77.778	9	2	0	1	9	1	9	0.022	16.3
L1-11-1.3wiiM.pdb	L1-11-1.1ghfL.pdb	87.500	8	1	0	1	8	1	8	0.024	16.3
L1-11-1.3wiiM.pdb	L1-11-1.3fzuL.pdb	66.667	9	3	0	1	9	1	9	0.026	16.3
L1-11-1.3wiiM.pdb	L1-11-1.3bn9C.pdb	66.667	9	3	0	1	9	1	9	0.028	16.3
L1-11-1.3wiiM.pdb	L1-11-1.4nylL.pdb	66.667	9	3	0	1	9	1	9	0.030	15.9
L1-11-1.3wiiM.pdb	L1-11-1.1dqlL.pdb	87.500	8	1	0	1	8	1	8	0.030	15.9
L1-11-1.3wiiM.pdb	L1-11-1.1b6dB.pdb	66.667	9	3	0	1	9	1	9	0.034	15.9
L1-11-1.3wiiM.pdb	L1-11-1.3d85A.pdb	66.667	9	3	0	1	9	1	9	0.036	15.9
L1-11-1.3wiiM.pdb	L1-11-1.4nzuL.pdb	66.667	9	3	0	1	9	1	9	0.037	15.9
L1-11-1.3wiiM.pdb	L1-11-1.3uc0L.pdb	100.000	7	0	0	1	7	1	7	0.037	15.9
L1-11-1.3wiiM.pdb	L1-11-1.3idxL.pdb	66.667	9	3	0	1	9	1	9	0.040	15.9
L1-11-1.3wiiM.pdb	L1-11-1.4l1hA.pdb	66.667	9	3	0	1	9	1	9	0.041	15.9
L1-11-1.3wiiM.pdb	L1-11-1.4dkfL.pdb	66.667	9	3	0	1	9	1	9	0.045	15.5
L1-11-1.3wiiM.pdb	L1-11-1.3upaA.pdb	66.667	9	3	0	1	9	1	9	0.045	15.5
L1-11-1.3wiiM.pdb	L1-11-1.4jhaL.pdb	66.667	9	3	0	1	9	1	9	0.046	15.5
L1-11-1.3wiiM.pdb	L1-11-1.4py7J.pdb	66.667	9	3	0	1	9	1	9	0.047	15.5
L1-11-1.3wiiM.pdb	L1-11-1.5k9qI.pdb	66.667	9	3	0	1	9	1	9	0.051	15.5
L1-11-1.3wiiM.pdb	L1-11-1.4edwL.pdb	87.500	8	1	0	1	8	1	8	0.058	15.5
L1-11-1.3wiiM.pdb	L1-11-1.1dqqA.pdb	87.500	8	1	0	1	8	1	8	0.058	15.5
L1-11-1.3wiiM.pdb	L1-11-1.4fnlL.pdb	66.667	9	3	0	1	9	1	9	0.061	15.5
L1-11-1.3wiiM.pdb	L1-11-1.3sobL.pdb	75.000	8	2	0	1	8	1	8	0.062	15.5
L1-11-1.3wiiM.pdb	L1-11-1.3dvfA.pdb	66.667	9	3	0	1	9	1	9	0.066	15.1
L1-11-1.3wiiM.pdb	L1-11-1.3s34L.pdb	66.667	9	3	0	1	9	1	9	0.072	15.1
L1-11-1.3wiiM.pdb	L1-11-1.4oawA.pdb	66.667	9	3	0	1	9	1	9	0.073	15.1
L1-11-1.3wiiM.pdb	L1-11-1.4pubL.pdb	66.667	9	3	0	1	9	1	9	0.076	15.1
L1-11-1.3wiiM.pdb	L1-11-1.2vxtL.pdb	75.000	8	2	0	1	8	1	8	0.076	15.1
L1-11-1.3wiiM.pdb	L1-11-1.4qthB.pdb	75.000	8	2	0	1	8	1	8	0.079	15.1
L1-11-1.3wiiM.pdb	L1-11-1.3umtA.pdb	75.000	8	2	0	1	8	1	8	0.083	15.1
L1-11-1.3wiiM.pdb	L1-11-1.1c5dL.pdb	55.556	9	4	0	1	9	1	9	0.083	15.1
L1-11-1.3wiiM.pdb	L1-11-1.4n1eF.pdb	85.714	7	1	0	1	7	1	7	0.085	15.1
L1-11-1.3wiiM.pdb	L1-11-1.4n1cB.pdb	75.000	8	2	0	1	8	1	8	0.091	15.1
L1-11-1.3wiiM.pdb	L1-11-1.4nrzL.pdb	55.556	9	4	0	1	9	1	9	0.094	14.6
L1-11-1.3wiiM.pdb	L1-11-1.4rgoL.pdb	55.556	9	4	0	1	9	1	9	0.10	14.6
L1-11-1.3wiiM.pdb	L1-11-1.4zykB.pdb	55.556	9	4	0	1	9	1	9	0.11	14.6
L1-11-1.3wiiM.pdb	L1-11-1.1ct8A.pdb	75.000	8	2	0	1	8	1	8	0.12	14.6
L1-11-1.3wiiM.pdb	L1-11-1.1hezA.pdb	55.556	9	4	0	1	9	1	9	0.13	14.6
L1-11-1.3wiiM.pdb	L1-11-1.4nrxE.pdb	55.556	9	4	0	1	9	1	9	0.14	14.2
L1-11-1.3wiiM.pdb	L1-11-1.5czxD.pdb	55.556	9	4	0	1	9	1	9	0.14	14.2
L1-11-1.3wiiM.pdb	L1-11-1.2xraL.pdb	66.667	9	3	0	1	9	1	9	0.15	14.2
L1-11-1.3wiiM.pdb	L1-11-1.5girB.pdb	87.500	8	1	0	1	8	1	8	0.16	14.2
L1-11-1.3wiiM.pdb	L1-11-1.3eo9L.pdb	55.556	9	4	0	1	9	1	9	0.16	14.2
L1-11-1.3wiiM.pdb	L1-11-1.1dfbL.pdb	66.667	9	3	0	1	9	1	9	0.17	14.2
L1-11-1.3wiiM.pdb	L1-11-1.4xakL.pdb	75.000	8	2	0	1	8	1	8	0.17	14.2
L1-11-1.3wiiM.pdb	L1-11-1.1ivlB.pdb	75.000	8	2	0	1	8	1	8	0.17	14.2
L1-11-1.3wiiM.pdb	L1-11-1.3a6bL.pdb	75.000	8	2	0	1	8	1	8	0.19	14.2
L1-11-1.3wiiM.pdb	L1-11-1.5dd3L.pdb	55.556	9	4	0	1	9	1	9	0.19	14.2
L1-11-1.3wiiM.pdb	L1-11-1.3l5xL.pdb	55.556	9	4	0	1	9	1	9	0.19	14.2
L1-11-1.3wiiM.pdb	L1-11-1.4cmhC.pdb	62.500	8	3	0	1	8	1	8	0.20	14.2
L1-11-1.3wiiM.pdb	L1-11-1.4x4zB.pdb	71.429	7	2	0	1	7	1	7	0.21	13.8
L1-11-1.3wiiM.pdb	L1-11-1.5i66B.pdb	62.500	8	3	0	1	8	1	8	0.21	13.8
L1-11-1.3wiiM.pdb	L1-11-1.5d96I.pdb	62.500	8	3	0	1	8	1	8	0.22	13.8
L1-11-1.3wiiM.pdb	L1-11-1.5dd1L.pdb	55.556	9	4	0	1	9	1	9	0.23	13.8
L1-11-1.3wiiM.pdb	L1-11-1.3v0wL.pdb	55.556	9	4	0	1	9	1	9	0.23	13.8
L1-11-1.3wiiM.pdb	L1-11-1.4nzrL.pdb	62.500	8	3	0	1	8	1	8	0.24	13.8
L1-11-1.3wiiM.pdb	L1-11-1.5l0qE.pdb	71.429	7	2	0	1	7	1	7	0.25	13.8
L1-11-1.3wiiM.pdb	L1-11-1.1bwwB.pdb	55.556	9	4	0	1	9	1	9	0.26	13.8
L1-11-1.3wiiM.pdb	L1-11-1.4wv1A.pdb	83.333	6	1	0	1	6	1	6	0.26	13.8
L1-11-1.3wiiM.pdb	L1-11-1.4llyD.pdb	71.429	7	2	0	1	7	1	7	0.28	13.8
L1-11-1.3wiiM.pdb	L1-11-1.4h88L.pdb	71.429	7	2	0	1	7	1	7	0.29	13.8
L1-11-1.3wiiM.pdb	L1-11-1.3ncjL.pdb	55.556	9	4	0	1	9	1	9	0.32	13.4
L1-11-1.3wiiM.pdb	L1-11-1.4hbcL.pdb	55.556	9	4	0	1	9	1	9	0.33	13.4
L1-11-1.3wiiM.pdb	L1-11-1.3u6rL.pdb	44.444	9	5	0	1	9	1	9	0.34	13.4
L1-11-1.3wiiM.pdb	L1-11-1.4hhaA.pdb	44.444	9	5	0	1	9	1	9	0.35	13.4
L1-11-1.3wiiM.pdb	L1-11-1.5i8cB.pdb	62.500	8	3	0	1	8	1	8	0.40	13.4
L1-11-1.3wiiM.pdb	L1-11-1.3p0yL.pdb	62.500	8	3	0	1	8	1	8	0.40	13.4
L1-11-1.3wiiM.pdb	L1-11-1.2vxqL.pdb	55.556	9	4	0	1	9	1	9	0.53	12.9
L1-11-1.3wiiM.pdb	L1-11-1.4h20L.pdb	50.000	8	4	0	1	8	1	8	0.56	12.9
L1-11-1.3wiiM.pdb	L1-11-1.2r8sL.pdb	62.500	8	3	0	1	8	1	8	0.59	12.9
L1-11-1.3wiiM.pdb	L1-11-1.2yc1B.pdb	44.444	9	5	0	1	9	1	9	0.60	12.9
L1-11-1.3wiiM.pdb	L1-11-1.3oazL.pdb	55.556	9	4	0	1	9	1	9	0.61	12.9
L1-11-1.3wiiM.pdb	L1-11-1.3a67L.pdb	62.500	8	3	0	1	8	1	8	0.61	12.9
L1-11-1.3wiiM.pdb	L1-11-1.1op3L.pdb	55.556	9	4	0	1	9	1	9	0.61	12.9
L1-11-1.3wiiM.pdb	L1-11-1.3vfgL.pdb	62.500	8	3	0	1	8	1	8	0.63	12.9
L1-11-1.3wiiM.pdb	L1-11-1.3nzhL.pdb	62.500	8	3	0	1	8	1	8	0.63	12.9
L1-11-1.3wiiM.pdb	L1-11-1.2q8bL.pdb	62.500	8	3	0	1	8	1	8	0.63	12.9
L1-11-1.3wiiM.pdb	L1-11-1.5dhvB.pdb	55.556	9	4	0	1	9	1	9	0.66	12.9
L1-11-1.3wiiM.pdb	L1-11-1.4cniB.pdb	71.429	7	2	0	1	7	1	7	0.67	12.9
L1-11-1.3wiiM.pdb	L1-11-1.1h8nA.pdb	50.000	8	4	0	1	8	1	8	0.67	12.9
L1-11-1.3wiiM.pdb	L1-11-1.4mwfL.pdb	62.500	8	3	0	1	8	1	8	0.70	12.9
L1-11-1.3wiiM.pdb	L1-11-1.2xtjB.pdb	83.333	6	1	0	1	6	1	6	0.70	12.9
L1-11-1.3wiiM.pdb	L1-11-1.1ar2A.pdb	83.333	6	1	0	1	6	1	6	0.77	12.5
L1-11-1.3wiiM.pdb	L1-11-1.3j3zL.pdb	57.143	7	3	0	1	7	1	7	0.80	12.5
L1-11-1.3wiiM.pdb	L1-11-1.5f9oL.pdb	62.500	8	3	0	1	8	1	8	0.82	12.5
L1-11-1.3wiiM.pdb	L1-11-1.4g5zL.pdb	62.500	8	3	0	1	8	1	8	0.83	12.5
L1-11-1.3wiiM.pdb	L1-11-1.3idgA.pdb	50.000	8	4	0	1	8	1	8	0.86	12.5
L1-11-1.3wiiM.pdb	L1-11-1.2oz4L.pdb	62.500	8	3	0	1	8	1	8	0.88	12.5
L1-11-1.3wiiM.pdb	L1-11-1.5th2A.pdb	71.429	7	2	0	1	7	1	7	0.94	12.5
L1-11-1.3wiiM.pdb	L1-11-1.2vxvL.pdb	62.500	8	3	0	1	8	1	8	0.98	12.5
L1-11-1.3wiiM.pdb	L1-11-1.4lmqL.pdb	71.429	7	2	0	1	7	1	7	1.0	12.5
L1-11-1.3wiiM.pdb	L1-11-1.2ih3B.pdb	62.500	8	3	0	1	8	1	8	1.1	12.5
L1-11-1.3wiiM.pdb	L1-11-1.4j6rL.pdb	50.000	8	4	0	1	8	1	8	1.2	12.1
L1-11-1.3wiiM.pdb	L1-11-1.4m43L.pdb	62.500	8	3	0	1	8	1	8	1.5	12.1
L1-11-1.3wiiM.pdb	L1-11-1.1cicA.pdb	66.667	6	2	0	1	6	1	6	1.5	12.1
L1-11-1.3wiiM.pdb	L1-11-1.3fn0L.pdb	57.143	7	3	0	1	7	1	7	2.9	11.2
L1-11-1.3wiiM.pdb	L1-11-1.2ghwB.pdb	66.667	6	2	0	1	6	1	6	3.1	11.2
L1-11-1.3wiiM.pdb	L1-11-1.4g3yL.pdb	100.000	4	0	0	1	4	1	4	7.0	10.4
