L1-11-2.4jo4M.pdb	L1-11-2.4jr9L.pdb	66.667	9	3	0	1	9	1	9	0.018	15.9
L1-11-2.4jo4M.pdb	L1-11-2.1b0wB.pdb	66.667	9	3	0	1	9	1	9	0.019	15.5
L1-11-2.4jo4M.pdb	L1-11-2.4uinL.pdb	66.667	9	3	0	1	9	1	9	0.034	15.1
L1-11-2.4jo4M.pdb	L1-11-2.4g6mL.pdb	66.667	9	3	0	1	9	1	9	0.034	15.1
L1-11-2.4jo4M.pdb	L1-11-2.2xknA.pdb	66.667	9	3	0	1	9	1	9	0.034	15.1
L1-11-2.4jo4M.pdb	L1-11-2.4n9gL.pdb	66.667	9	3	0	1	9	1	9	0.035	15.1
L1-11-2.4jo4M.pdb	L1-11-2.3u9pL.pdb	66.667	9	3	0	1	9	1	9	0.043	14.6
L1-11-2.4jo4M.pdb	L1-11-2.1emtL.pdb	75.000	8	2	0	2	9	2	9	0.059	14.2
L1-11-2.4jo4M.pdb	L1-11-2.5dtfL.pdb	66.667	9	3	0	1	9	1	9	0.067	14.2
L1-11-2.4jo4M.pdb	L1-11-2.1e4xL.pdb	55.556	9	4	0	1	9	1	9	0.089	13.8
L1-11-2.4jo4M.pdb	L1-11-2.4k2uM.pdb	55.556	9	4	0	1	9	1	9	0.095	13.8
L1-11-2.4jo4M.pdb	L1-11-2.3esuF.pdb	55.556	9	4	0	1	9	1	9	0.095	13.8
L1-11-2.4jo4M.pdb	L1-11-2.1fgvL.pdb	55.556	9	4	0	1	9	1	9	0.11	13.8
L1-11-2.4jo4M.pdb	L1-11-2.4d3cL.pdb	62.500	8	3	0	1	8	1	8	0.13	13.8
L1-11-2.4jo4M.pdb	L1-11-2.4rgmB.pdb	55.556	9	4	0	1	9	1	9	0.14	13.4
L1-11-2.4jo4M.pdb	L1-11-2.3lizL.pdb	55.556	9	4	0	1	9	1	9	0.16	13.4
L1-11-2.4jo4M.pdb	L1-11-2.1ikfL.pdb	55.556	9	4	0	1	9	1	9	0.25	12.9
L1-11-2.4jo4M.pdb	L1-11-2.2rcsL.pdb	55.556	9	4	0	1	9	1	9	0.32	12.5
L1-11-2.4jo4M.pdb	L1-11-2.1um5L.pdb	55.556	9	4	0	1	9	1	9	0.32	12.5
L1-11-2.4jo4M.pdb	L1-11-2.1a2yA.pdb	55.556	9	4	0	1	9	1	9	0.32	12.5
L1-11-2.4jo4M.pdb	L1-11-2.2ypvL.pdb	62.500	8	3	0	2	9	2	9	0.33	12.5
L1-11-2.4jo4M.pdb	L1-11-2.1mamL.pdb	55.556	9	4	0	1	9	1	9	0.33	12.5
L1-11-2.4jo4M.pdb	L1-11-2.4r7dL.pdb	44.444	9	5	0	1	9	1	9	0.34	12.5
L1-11-2.4jo4M.pdb	L1-11-2.3qpxL.pdb	55.556	9	4	0	1	9	1	9	0.34	12.5
L1-11-2.4jo4M.pdb	L1-11-2.4yr6E.pdb	55.556	9	4	0	1	9	1	9	0.43	12.5
L1-11-2.4jo4M.pdb	L1-11-2.5fhaL.pdb	44.444	9	5	0	1	9	1	9	0.46	12.5
L1-11-2.4jo4M.pdb	L1-11-2.3ojdA.pdb	55.556	9	4	0	1	9	1	9	0.49	12.1
L1-11-2.4jo4M.pdb	L1-11-2.5kanL.pdb	44.444	9	5	0	1	9	1	9	1.1	11.2
L1-11-2.4jo4M.pdb	L1-11-2.1jhlL.pdb	50.000	8	4	0	1	8	1	8	1.7	10.8
L1-11-2.4jo4M.pdb	L1-11-2.3t3pL.pdb	50.000	8	4	0	1	8	1	8	2.2	10.8
