L1-15-1.5eocL.pdb	L1-15-1.4mauL.pdb	100.000	9	0	0	1	9	1	9	0.002	17.2
L1-15-1.5eocL.pdb	L1-15-1.2xqyL.pdb	100.000	9	0	0	1	9	1	9	0.002	17.2
L1-15-1.5eocL.pdb	L1-15-1.1ibgL.pdb	100.000	9	0	0	1	9	1	9	0.002	17.2
L1-15-1.5eocL.pdb	L1-15-1.5ggsB.pdb	88.889	9	1	0	1	9	1	9	0.006	16.3
L1-15-1.5eocL.pdb	L1-15-1.5a16F.pdb	88.889	9	1	0	1	9	1	9	0.011	15.5
L1-15-1.5eocL.pdb	L1-15-1.3zkmL.pdb	87.500	8	1	0	1	8	1	8	0.019	15.1
L1-15-1.5eocL.pdb	L1-15-1.4i77L.pdb	100.000	6	0	0	1	6	1	6	0.089	13.4
L1-15-1.5eocL.pdb	L1-15-1.2vl5B.pdb	100.000	6	0	0	1	6	1	6	0.089	13.4
L1-15-1.5eocL.pdb	L1-15-1.4x7sL.pdb	83.333	6	1	0	1	6	1	6	0.40	11.7
L1-15-1.5eocL.pdb	L1-15-1.1ggiM.pdb	83.333	6	1	0	1	6	1	6	0.49	11.7
L1-15-1.5eocL.pdb	L1-15-1.4u0rC.pdb	83.333	6	1	0	1	6	1	6	0.50	11.7
L1-15-1.5eocL.pdb	L1-15-1.2aabL.pdb	83.333	6	1	0	1	6	1	6	0.50	11.7
L1-15-1.5eocL.pdb	L1-15-1.2hrpM.pdb	83.333	6	1	0	1	6	1	6	0.51	11.7
L1-15-1.5eocL.pdb	L1-15-1.5dqdL.pdb	83.333	6	1	0	1	6	1	6	0.53	11.7
L1-15-1.5eocL.pdb	L1-15-1.4hs8L.pdb	83.333	6	1	0	1	6	1	6	0.53	11.7
L1-15-1.5eocL.pdb	L1-15-1.4ffyL.pdb	83.333	6	1	0	1	6	1	6	0.53	11.7
L1-15-1.5eocL.pdb	L1-15-1.2or9M.pdb	83.333	6	1	0	1	6	1	6	0.53	11.7
L1-15-1.5eocL.pdb	L1-15-1.1h0dA.pdb	83.333	6	1	0	1	6	1	6	0.53	11.7
L1-15-1.5eocL.pdb	L1-15-1.4gagL.pdb	83.333	6	1	0	1	6	1	6	0.54	11.7
L1-15-1.5eocL.pdb	L1-15-1.4wcyL.pdb	83.333	6	1	0	1	6	1	6	0.58	11.2
L1-15-1.5eocL.pdb	L1-15-1.4nj9L.pdb	83.333	6	1	0	1	6	1	6	0.58	11.2
L1-15-1.5eocL.pdb	L1-15-1.3wkmL.pdb	83.333	6	1	0	1	6	1	6	0.58	11.2
L1-15-1.5eocL.pdb	L1-15-1.3s35L.pdb	83.333	6	1	0	1	6	1	6	0.58	11.2
L1-15-1.5eocL.pdb	L1-15-1.2gcyA.pdb	83.333	6	1	0	1	6	1	6	0.58	11.2
L1-15-1.5eocL.pdb	L1-15-1.1ai1L.pdb	83.333	6	1	0	1	6	1	6	0.58	11.2
L1-15-1.5eocL.pdb	L1-15-1.1j05A.pdb	50.000	8	4	0	1	8	1	8	1.1	10.8
L1-15-1.5eocL.pdb	L1-15-1.1egjL.pdb	66.667	6	2	0	1	6	1	6	1.4	10.4
L1-15-1.5eocL.pdb	L1-15-1.4qyoB.pdb	66.667	6	2	0	1	6	1	6	2.0	10.0
L1-15-1.5eocL.pdb	L1-15-1.1qnzL.pdb	66.667	6	2	0	1	6	1	6	2.0	10.0
L1-15-1.5eocL.pdb	L1-15-1.3e8uL.pdb	66.667	6	2	0	1	6	1	6	2.0	10.0
