H2-9-1.5j1sC.pdb	H2-9-1.1sjxA.pdb	75.000	8	2	0	1	8	1	8	0.51	13.4
H2-9-1.5j1sC.pdb	H2-9-1.4lgrB.pdb	75.000	8	2	0	1	8	1	8	0.69	12.9
H2-9-1.5j1sC.pdb	H2-9-1.4ldeB.pdb	75.000	8	2	0	1	8	1	8	1.3	12.1
H2-9-1.5j1sC.pdb	H2-9-1.4ttdH.pdb	62.500	8	3	0	1	8	1	8	1.9	12.1
H2-9-1.5j1sC.pdb	H2-9-1.4edwH.pdb	62.500	8	3	0	2	9	1	8	2.2	11.7
H2-9-1.5j1sC.pdb	H2-9-1.3ezjF.pdb	71.429	7	2	0	2	8	2	8	2.8	11.7
H2-9-1.5j1sC.pdb	H2-9-1.4b41A.pdb	62.500	8	3	0	2	9	2	9	3.5	11.2
H2-9-1.5j1sC.pdb	H2-9-1.1c5dB.pdb	57.143	7	3	0	1	7	1	7	4.5	10.8
H2-9-1.5j1sC.pdb	H2-9-1.4cdgD.pdb	71.429	7	2	0	2	8	2	8	5.7	10.8
H2-9-1.5j1sC.pdb	H2-9-1.4mauH.pdb	80.000	5	1	0	4	8	5	9	8.0	10.4
H2-9-1.5j1sC.pdb	H2-9-1.4jy6D.pdb	80.000	5	1	0	4	8	5	9	8.6	10.4
H2-9-1.5j1sC.pdb	H2-9-1.1cf8H.pdb	100.000	4	0	0	4	7	5	8	8.8	10.4
H2-9-1.5j1sC.pdb	H2-9-1.4fqcH.pdb	66.667	6	2	0	3	8	4	9	9.0	10.4
H2-9-1.5j1sC.pdb	H2-9-1.5ewiH.pdb	80.000	5	1	0	3	7	4	8	9.2	10.4
H2-9-1.5j1sC.pdb	H2-9-1.4edxB.pdb	50.000	8	4	0	2	9	1	8	9.3	10.4
H2-9-1.5j1sC.pdb	H2-9-1.5cexD.pdb	80.000	5	1	0	4	8	5	9	10	10.0
H2-9-1.5j1sC.pdb	H2-9-1.2aj3B.pdb	80.000	5	1	0	4	8	5	9	11	10.0
H2-9-1.5j1sC.pdb	H2-9-1.4m3kB.pdb	100.000	4	0	0	5	8	6	9	11	10.0
H2-9-1.5j1sC.pdb	H2-9-1.5fhaH.pdb	100.000	4	0	0	4	7	5	8	11	10.0
H2-9-1.5j1sC.pdb	H2-9-1.1nsnH.pdb	50.000	8	4	0	2	9	2	9	26	 9.1
H2-9-1.5j1sC.pdb	H2-9-1.1kcuH.pdb	80.000	5	1	0	4	8	5	9	27	 9.1
H2-9-1.5j1sC.pdb	H2-9-1.5drwA.pdb	80.000	5	1	0	4	8	5	9	32	 8.7
H2-9-1.5j1sC.pdb	H2-9-none.1ay1H.pdb	57.143	7	3	0	2	8	2	8	32	 8.7
