H2-9-1.5i30H.pdb	H2-9-1.3fo2H.pdb	77.778	9	2	0	1	9	1	9	0.006	18.0
H2-9-1.5i30H.pdb	H2-9-1.5th2B.pdb	77.778	9	2	0	1	9	1	9	0.006	18.0
H2-9-1.5i30H.pdb	H2-9-3.4jn2H.pdb	77.778	9	2	0	1	9	1	9	0.016	17.2
H2-9-1.5i30H.pdb	H2-9-1.1gigH.pdb	66.667	9	3	0	1	9	1	9	0.016	17.2
H2-9-1.5i30H.pdb	H2-9-1.3iu4H.pdb	77.778	9	2	0	1	9	1	9	0.019	16.8
H2-9-1.5i30H.pdb	H2-9-1.3zkmH.pdb	66.667	9	3	0	1	9	1	9	0.020	16.8
H2-9-1.5i30H.pdb	H2-9-1.1ibgH.pdb	66.667	9	3	0	1	9	1	9	0.021	16.8
H2-9-1.5i30H.pdb	H2-9-1.3v6oC.pdb	87.500	8	1	0	1	8	1	8	0.040	15.9
H2-9-1.5i30H.pdb	H2-9-1.4liqH.pdb	66.667	9	3	0	1	9	1	9	0.046	15.9
H2-9-1.5i30H.pdb	H2-9-1.1nc2D.pdb	75.000	8	2	0	1	8	1	8	0.055	15.5
H2-9-1.5i30H.pdb	H2-9-1.3vfgH.pdb	66.667	9	3	0	1	9	1	9	0.057	15.5
H2-9-1.5i30H.pdb	H2-9-1.4tscH.pdb	75.000	8	2	0	1	8	1	8	0.080	15.1
H2-9-1.5i30H.pdb	H2-9-1.1zanH.pdb	62.500	8	3	0	2	9	2	9	0.096	15.1
H2-9-1.5i30H.pdb	H2-9-1.3b9kD.pdb	62.500	8	3	0	2	9	2	9	0.14	14.6
H2-9-1.5i30H.pdb	H2-9-1.43c9F.pdb	55.556	9	4	0	1	9	1	9	0.15	14.6
H2-9-1.5i30H.pdb	H2-9-1.1t4kB.pdb	75.000	8	2	0	1	8	1	8	0.19	14.2
H2-9-1.5i30H.pdb	H2-9-1.5itbH.pdb	75.000	8	2	0	1	8	1	8	0.24	13.8
H2-9-1.5i30H.pdb	H2-9-1.1kipB.pdb	55.556	9	4	0	1	9	1	9	0.24	13.8
H2-9-1.5i30H.pdb	H2-9-1.1a2yB.pdb	55.556	9	4	0	1	9	1	9	0.24	13.8
H2-9-1.5i30H.pdb	H2-9-1.4edwH.pdb	55.556	9	4	0	1	9	1	9	0.27	13.8
H2-9-1.5i30H.pdb	H2-9-1.4ij3C.pdb	55.556	9	4	0	1	9	1	9	0.31	13.8
H2-9-1.5i30H.pdb	H2-9-1.1p4bH.pdb	66.667	9	3	0	1	9	1	9	0.31	13.8
H2-9-1.5i30H.pdb	H2-9-1.4edxB.pdb	55.556	9	4	0	1	9	1	9	0.34	13.8
H2-9-1.5i30H.pdb	H2-9-1.3b2uC.pdb	62.500	8	3	0	2	9	2	9	0.41	13.4
H2-9-1.5i30H.pdb	H2-9-1.4ttdH.pdb	62.500	8	3	0	1	8	1	8	0.43	13.4
H2-9-1.5i30H.pdb	H2-9-1.3u9pH.pdb	62.500	8	3	0	2	9	2	9	0.69	12.9
H2-9-1.5i30H.pdb	H2-9-1.4lvnC.pdb	62.500	8	3	0	2	9	2	9	1.1	12.5
H2-9-1.5i30H.pdb	H2-9-1.5i8oH.pdb	75.000	8	2	0	1	8	1	8	1.3	12.5
H2-9-1.5i30H.pdb	H2-9-1.4x7fD.pdb	66.667	9	3	0	1	9	1	9	1.8	12.1
H2-9-1.5i30H.pdb	H2-9-1.3ks0K.pdb	71.429	7	2	0	2	8	2	8	2.0	12.1
H2-9-1.5i30H.pdb	H2-9-1.4k3eI.pdb	85.714	7	1	0	2	8	2	8	2.1	11.7
H2-9-1.5i30H.pdb	H2-9-1.3ezjF.pdb	62.500	8	3	0	2	9	2	9	2.7	11.7
H2-9-1.5i30H.pdb	H2-9-1.3ls5H.pdb	71.429	7	2	0	2	8	2	8	3.5	11.2
H2-9-1.5i30H.pdb	H2-9-1.2b2xI.pdb	62.500	8	3	0	1	8	1	8	3.9	11.2
H2-9-1.5i30H.pdb	H2-9-1.1sjxA.pdb	62.500	8	3	0	1	8	1	8	5.0	10.8
H2-9-1.5i30H.pdb	H2-9-1.5i8kH.pdb	71.429	7	2	0	2	8	2	8	6.5	10.8
H2-9-1.5i30H.pdb	H2-9-1.4dvbA.pdb	71.429	7	2	0	2	8	2	8	8.7	10.4
