L1-13-1.5dt1L.pdb	L1-13-1.2a9mL.pdb	84.615	13	2	0	1	13	1	13	9.83e-05	22.7
L1-13-1.5dt1L.pdb	L1-13-1.4od1L.pdb	84.615	13	2	0	1	13	1	13	1.93e-04	22.3
L1-13-1.5dt1L.pdb	L1-13-1.2xzcL.pdb	76.923	13	3	0	1	13	1	13	4.24e-04	21.0
L1-13-1.5dt1L.pdb	L1-13-none.4od3L.pdb	84.615	13	2	0	1	13	1	13	4.94e-04	21.0
L1-13-1.5dt1L.pdb	L1-13-none.4ocsL.pdb	69.231	13	4	0	1	13	1	13	7.18e-04	20.6
L1-13-1.5dt1L.pdb	L1-13-1.3gbnL.pdb	69.231	13	4	0	1	13	1	13	7.18e-04	20.6
L1-13-1.5dt1L.pdb	L1-13-1.4osuL.pdb	69.231	13	4	0	1	13	1	13	0.001	20.2
L1-13-1.5dt1L.pdb	L1-13-1.5adoL.pdb	75.000	12	3	0	1	12	1	12	0.001	20.2
L1-13-1.5dt1L.pdb	L1-13-1.4m1dM.pdb	75.000	12	3	0	1	12	1	12	0.001	20.2
L1-13-1.5dt1L.pdb	L1-13-1.5alcL.pdb	69.231	13	4	0	1	13	1	13	0.001	19.7
L1-13-1.5dt1L.pdb	L1-13-1.3mlwL.pdb	75.000	12	3	0	1	12	1	12	0.002	19.7
L1-13-1.5dt1L.pdb	L1-13-1.4ocrL.pdb	69.231	13	4	0	1	13	1	13	0.002	19.7
L1-13-1.5dt1L.pdb	L1-13-1.2xwtB.pdb	61.538	13	5	0	1	13	1	13	0.002	19.3
L1-13-1.5dt1L.pdb	L1-13-1.3g04A.pdb	83.333	12	2	0	1	12	1	12	0.003	18.9
L1-13-1.5dt1L.pdb	L1-13-1.4fqjL.pdb	66.667	12	4	0	1	12	1	12	0.005	18.5
L1-13-1.5dt1L.pdb	L1-13-1.4xvjL.pdb	69.231	13	4	0	1	13	1	13	0.005	18.5
L1-13-1.5dt1L.pdb	L1-13-1.4k3dL.pdb	61.538	13	5	0	1	13	1	13	0.006	18.0
L1-13-1.5dt1L.pdb	L1-13-1.5fcuL.pdb	61.538	13	5	0	1	13	1	13	0.006	18.0
L1-13-1.5dt1L.pdb	L1-13-1.1rzfL.pdb	76.923	13	3	0	1	13	1	13	0.011	17.6
L1-13-1.5dt1L.pdb	L1-13-1.2b1hL.pdb	58.333	12	5	0	1	12	1	12	0.022	16.8
L1-13-1.5dt1L.pdb	L1-13-1.1bjmB.pdb	61.538	13	5	0	1	13	1	13	0.027	16.3
L1-13-1.5dt1L.pdb	L1-13-1.5cgyD.pdb	66.667	12	4	0	1	12	1	12	0.053	15.5
L1-13-1.5dt1L.pdb	L1-13-1.3thmL.pdb	66.667	12	4	0	1	12	1	12	0.070	15.5
L1-13-1.5dt1L.pdb	L1-13-1.5j75B.pdb	75.000	12	3	0	1	12	1	12	0.071	15.5
L1-13-1.5dt1L.pdb	L1-13-1.4buhA.pdb	66.667	12	4	0	1	12	1	12	0.075	15.1
L1-13-1.5dt1L.pdb	L1-13-1.3lrgB.pdb	66.667	12	4	0	1	12	1	12	0.11	14.6
L1-13-1.5dt1L.pdb	L1-13-1.4yjzL.pdb	58.333	12	5	0	1	12	1	12	0.11	14.6
L1-13-1.5dt1L.pdb	L1-13-1.4o5lL.pdb	66.667	12	4	0	1	12	1	12	0.14	14.6
L1-13-1.5dt1L.pdb	L1-13-1.2fb4L.pdb	58.333	12	5	0	1	12	1	12	0.18	14.2
L1-13-1.5dt1L.pdb	L1-13-1.4gxvL.pdb	58.333	12	5	0	1	12	1	12	0.20	14.2
L1-13-1.5dt1L.pdb	L1-13-1.3t0vA.pdb	50.000	12	6	0	1	12	1	12	0.24	13.8
L1-13-1.5dt1L.pdb	L1-13-1.4fqiL.pdb	58.333	12	5	0	1	12	1	12	0.43	13.4
L1-13-1.5dt1L.pdb	L1-13-1.3tjeL.pdb	58.333	12	5	0	1	12	1	12	0.58	12.9
L1-13-1.5dt1L.pdb	L1-13-1.4q2zL.pdb	62.500	8	3	0	1	8	1	8	1.2	12.1
L1-13-1.5dt1L.pdb	L1-13-1.3npsC.pdb	66.667	6	2	0	8	13	8	13	76	 7.4
L1-13-1.5dt1L.pdb	L1-13-1.4eowL.pdb	60.000	5	2	0	8	12	8	12	262	 5.7
L1-13-1.5dt1L.pdb	L1-13-1.2yk1L.pdb	60.000	5	2	0	8	12	8	12	262	 5.7
L1-13-1.5dt1L.pdb	L1-13-1.3qhzM.pdb	66.667	6	2	0	8	13	8	13	712	 4.5
