L1-15-1.3zkmL.pdb	L1-15-1.4i77L.pdb	80.000	15	3	0	1	15	1	15	5.11e-07	29.1
L1-15-1.3zkmL.pdb	L1-15-1.2gcyA.pdb	73.333	15	4	0	1	15	1	15	2.38e-06	27.4
L1-15-1.3zkmL.pdb	L1-15-1.2vl5B.pdb	78.571	14	3	0	1	14	1	14	3.13e-06	26.9
L1-15-1.3zkmL.pdb	L1-15-1.3s35L.pdb	73.333	15	4	0	1	15	1	15	3.20e-06	26.9
L1-15-1.3zkmL.pdb	L1-15-1.4wcyL.pdb	73.333	15	4	0	1	15	1	15	3.44e-06	26.9
L1-15-1.3zkmL.pdb	L1-15-1.5dqdL.pdb	73.333	15	4	0	1	15	1	15	3.82e-06	26.9
L1-15-1.3zkmL.pdb	L1-15-1.3wkmL.pdb	73.333	15	4	0	1	15	1	15	6.13e-06	26.1
L1-15-1.3zkmL.pdb	L1-15-1.4gagL.pdb	73.333	15	4	0	1	15	1	15	7.58e-06	26.1
L1-15-1.3zkmL.pdb	L1-15-1.4odsL.pdb	66.667	15	5	0	1	15	1	15	8.94e-06	25.7
L1-15-1.3zkmL.pdb	L1-15-1.1ai1L.pdb	73.333	15	4	0	1	15	1	15	1.09e-05	25.7
L1-15-1.3zkmL.pdb	L1-15-1.5aamA.pdb	66.667	15	5	0	1	15	1	15	1.21e-05	25.7
L1-15-1.3zkmL.pdb	L1-15-1.4hs6A.pdb	73.333	15	4	0	1	15	1	15	1.33e-05	25.2
L1-15-1.3zkmL.pdb	L1-15-1.4nj9L.pdb	73.333	15	4	0	1	15	1	15	2.11e-05	24.8
L1-15-1.3zkmL.pdb	L1-15-1.3uzqA.pdb	66.667	15	5	0	1	15	1	15	2.51e-05	24.8
L1-15-1.3zkmL.pdb	L1-15-1.4ffyL.pdb	73.333	15	4	0	1	15	1	15	2.70e-05	24.4
L1-15-1.3zkmL.pdb	L1-15-1.2or9M.pdb	66.667	15	5	0	1	15	1	15	3.61e-05	24.4
L1-15-1.3zkmL.pdb	L1-15-1.4hs8L.pdb	66.667	15	5	0	1	15	1	15	8.01e-05	23.5
L1-15-1.3zkmL.pdb	L1-15-1.1ggiM.pdb	66.667	15	5	0	1	15	1	15	1.69e-04	22.7
L1-15-1.3zkmL.pdb	L1-15-1.1h0dA.pdb	71.429	14	4	0	1	14	1	14	1.83e-04	22.3
L1-15-1.3zkmL.pdb	L1-15-1.5eocL.pdb	66.667	15	5	0	1	15	1	15	2.10e-04	22.3
L1-15-1.3zkmL.pdb	L1-15-1.1ibgL.pdb	73.333	15	4	0	1	15	1	15	3.39e-04	21.8
L1-15-1.3zkmL.pdb	L1-15-1.1j05A.pdb	53.333	15	7	0	1	15	1	15	3.46e-04	21.8
L1-15-1.3zkmL.pdb	L1-15-none.4lvhF.pdb	60.000	15	6	0	1	15	1	15	6.03e-04	21.0
L1-15-1.3zkmL.pdb	L1-15-1.1egjL.pdb	60.000	15	6	0	1	15	1	15	6.17e-04	21.0
L1-15-1.3zkmL.pdb	L1-15-none.1i7zA.pdb	60.000	15	6	0	1	15	1	15	6.32e-04	21.0
L1-15-1.3zkmL.pdb	L1-15-1.5ggsB.pdb	60.000	15	6	0	1	15	1	15	8.14e-04	20.6
L1-15-1.3zkmL.pdb	L1-15-1.2aabL.pdb	53.333	15	7	0	1	15	1	15	0.001	20.6
L1-15-1.3zkmL.pdb	L1-15-1.4u0rC.pdb	53.333	15	7	0	1	15	1	15	0.001	20.6
L1-15-1.3zkmL.pdb	L1-15-1.2xqyL.pdb	60.000	15	6	0	1	15	1	15	0.001	20.6
L1-15-1.3zkmL.pdb	L1-15-1.3qq9L.pdb	60.000	15	6	0	1	15	1	15	0.002	19.7
L1-15-1.3zkmL.pdb	L1-15-1.4x7sL.pdb	53.333	15	7	0	1	15	1	15	0.006	18.5
L1-15-1.3zkmL.pdb	L1-15-1.3e8uL.pdb	46.667	15	8	0	1	15	1	15	0.009	18.0
L1-15-1.3zkmL.pdb	L1-15-1.1qnzL.pdb	46.667	15	8	0	1	15	1	15	0.023	16.8
L1-15-1.3zkmL.pdb	L1-15-1.4qyoB.pdb	46.667	15	8	0	1	15	1	15	0.034	16.3
L1-15-1.3zkmL.pdb	L1-15-none.1nsnL.pdb	46.667	15	8	0	1	15	1	15	0.048	15.9
L1-15-1.3zkmL.pdb	L1-15-1.1f58L.pdb	46.667	15	8	0	1	15	1	15	0.052	15.9
L1-15-1.3zkmL.pdb	L1-15-none.3i2cL.pdb	60.000	15	6	0	1	15	1	15	31	 8.3
L1-15-1.3zkmL.pdb	L1-15-none.3phqA.pdb	53.333	15	7	0	1	15	1	15	70	 7.4
L1-15-1.3zkmL.pdb	L1-15-1.5a16F.pdb	80.000	5	1	0	1	5	1	5	182	 6.2
L1-15-1.3zkmL.pdb	L1-15-1.4mauL.pdb	100.000	6	0	0	1	6	1	6	246	 5.7
