H2-9-1.5d96C.pdb	H2-9-1.4ij3C.pdb	88.889	9	1	0	1	9	1	9	3.32e-04	21.4
H2-9-1.5d96C.pdb	H2-9-none.5fhxH.pdb	77.778	9	2	0	1	9	1	9	0.002	19.7
H2-9-1.5d96C.pdb	H2-9-1.1fnsH.pdb	77.778	9	2	0	1	9	1	9	0.002	19.3
H2-9-1.5d96C.pdb	H2-9-1.1kipB.pdb	77.778	9	2	0	1	9	1	9	0.003	18.9
H2-9-1.5d96C.pdb	H2-9-1.3u9pH.pdb	87.500	8	1	0	2	9	2	9	0.004	18.9
H2-9-1.5d96C.pdb	H2-9-1.1a7qH.pdb	77.778	9	2	0	1	9	1	9	0.006	18.0
H2-9-1.5d96C.pdb	H2-9-1.4i77H.pdb	75.000	8	2	0	1	8	1	8	0.012	17.2
H2-9-1.5d96C.pdb	H2-9-1.3iu4H.pdb	66.667	9	3	0	1	9	1	9	0.013	17.2
H2-9-1.5d96C.pdb	H2-9-1.4edwH.pdb	66.667	9	3	0	1	9	1	9	0.022	16.8
H2-9-1.5d96C.pdb	H2-9-1.1t4kB.pdb	75.000	8	2	0	1	8	1	8	0.025	16.3
H2-9-1.5d96C.pdb	H2-9-1.3b9kD.pdb	75.000	8	2	0	2	9	2	9	0.032	16.3
H2-9-1.5d96C.pdb	H2-9-1.1fe8I.pdb	75.000	8	2	0	1	8	1	8	0.041	15.9
H2-9-1.5d96C.pdb	H2-9-none.4lmqE.pdb	62.500	8	3	0	2	9	2	9	0.69	12.9
H2-9-1.5d96C.pdb	H2-9-1.4liqH.pdb	55.556	9	4	0	1	9	1	9	0.72	12.9
H2-9-1.5d96C.pdb	H2-9-1.4g6mH.pdb	80.000	5	1	0	2	6	2	6	11	10.0
