L1-15-1.2hrpM.pdb	L1-15-1.1ai1L.pdb	86.667	15	2	0	1	15	1	15	4.44e-07	29.1
L1-15-1.2hrpM.pdb	L1-15-1.4hs8L.pdb	86.667	15	2	0	1	15	1	15	7.75e-07	28.6
L1-15-1.2hrpM.pdb	L1-15-1.5dqdL.pdb	80.000	15	3	0	1	15	1	15	1.13e-06	28.2
L1-15-1.2hrpM.pdb	L1-15-1.3s35L.pdb	80.000	15	3	0	1	15	1	15	2.02e-06	27.4
L1-15-1.2hrpM.pdb	L1-15-1.4u0rC.pdb	78.571	14	3	0	1	14	1	14	3.28e-06	26.9
L1-15-1.2hrpM.pdb	L1-15-1.3wkmL.pdb	80.000	15	3	0	1	15	1	15	3.32e-06	26.9
L1-15-1.2hrpM.pdb	L1-15-1.4nj9L.pdb	80.000	15	3	0	1	15	1	15	3.44e-06	26.9
L1-15-1.2hrpM.pdb	L1-15-1.1h0dA.pdb	80.000	15	3	0	1	15	1	15	3.74e-06	26.9
L1-15-1.2hrpM.pdb	L1-15-1.4odsL.pdb	73.333	15	4	0	1	15	1	15	4.41e-06	26.5
L1-15-1.2hrpM.pdb	L1-15-1.2or9M.pdb	86.667	15	2	0	1	15	1	15	4.57e-06	26.5
L1-15-1.2hrpM.pdb	L1-15-1.2aabL.pdb	78.571	14	3	0	1	14	1	14	5.45e-06	26.5
L1-15-1.2hrpM.pdb	L1-15-1.2gcyA.pdb	85.714	14	2	0	1	14	1	14	6.43e-06	26.1
L1-15-1.2hrpM.pdb	L1-15-1.5aamA.pdb	73.333	15	4	0	1	15	1	15	7.15e-06	26.1
L1-15-1.2hrpM.pdb	L1-15-1.4wcyL.pdb	73.333	15	4	0	1	15	1	15	7.41e-06	26.1
L1-15-1.2hrpM.pdb	L1-15-1.3uzqA.pdb	73.333	15	4	0	1	15	1	15	8.33e-06	26.1
L1-15-1.2hrpM.pdb	L1-15-1.4ffyL.pdb	78.571	14	3	0	1	14	1	14	9.71e-06	25.7
L1-15-1.2hrpM.pdb	L1-15-1.4i77L.pdb	73.333	15	4	0	1	15	1	15	1.71e-05	25.2
L1-15-1.2hrpM.pdb	L1-15-1.4gagL.pdb	73.333	15	4	0	1	15	1	15	1.88e-05	24.8
L1-15-1.2hrpM.pdb	L1-15-1.3qq9L.pdb	66.667	15	5	0	1	15	1	15	2.46e-05	24.8
L1-15-1.2hrpM.pdb	L1-15-1.4x7sL.pdb	73.333	15	4	0	1	15	1	15	2.70e-05	24.4
L1-15-1.2hrpM.pdb	L1-15-1.2vl5B.pdb	78.571	14	3	0	1	14	1	14	3.79e-05	24.4
L1-15-1.2hrpM.pdb	L1-15-1.3zkmL.pdb	66.667	15	5	0	1	15	1	15	9.32e-05	23.1
L1-15-1.2hrpM.pdb	L1-15-1.4hs6A.pdb	73.333	15	4	0	1	15	1	15	1.06e-04	23.1
L1-15-1.2hrpM.pdb	L1-15-1.1qnzL.pdb	66.667	15	5	0	1	15	1	15	1.10e-04	23.1
L1-15-1.2hrpM.pdb	L1-15-none.4lvhF.pdb	66.667	15	5	0	1	15	1	15	1.14e-04	23.1
L1-15-1.2hrpM.pdb	L1-15-1.3e8uL.pdb	60.000	15	6	0	1	15	1	15	1.40e-04	22.7
L1-15-1.2hrpM.pdb	L1-15-1.1j05A.pdb	53.333	15	7	0	1	15	1	15	2.31e-04	22.3
L1-15-1.2hrpM.pdb	L1-15-1.1ggiM.pdb	66.667	15	5	0	1	15	1	15	2.51e-04	22.3
L1-15-1.2hrpM.pdb	L1-15-1.1f58L.pdb	60.000	15	6	0	1	15	1	15	2.75e-04	21.8
L1-15-1.2hrpM.pdb	L1-15-1.4qyoB.pdb	60.000	15	6	0	1	15	1	15	4.37e-04	21.4
L1-15-1.2hrpM.pdb	L1-15-1.1egjL.pdb	66.667	15	5	0	1	15	1	15	4.79e-04	21.4
L1-15-1.2hrpM.pdb	L1-15-1.5eocL.pdb	53.333	15	7	0	1	15	1	15	0.040	16.3
L1-15-1.2hrpM.pdb	L1-15-1.2xqyL.pdb	57.143	14	6	0	1	14	1	14	0.10	15.1
L1-15-1.2hrpM.pdb	L1-15-none.1i7zA.pdb	46.667	15	8	0	1	15	1	15	0.13	14.6
L1-15-1.2hrpM.pdb	L1-15-1.1ibgL.pdb	46.667	15	8	0	1	15	1	15	0.42	13.4
L1-15-1.2hrpM.pdb	L1-15-none.1nsnL.pdb	40.000	15	9	0	1	15	1	15	0.45	13.4
L1-15-1.2hrpM.pdb	L1-15-1.5a16F.pdb	53.333	15	7	0	1	15	1	15	32	 8.3
L1-15-1.2hrpM.pdb	L1-15-none.3phqA.pdb	46.667	15	8	0	1	15	1	15	71	 7.4
L1-15-1.2hrpM.pdb	L1-15-1.4mauL.pdb	75.000	4	1	0	1	4	1	4	157	 6.6
L1-15-1.2hrpM.pdb	L1-15-none.3i2cL.pdb	75.000	4	1	0	1	4	1	4	157	 6.6
