H2-9-1.5i8oH.pdb	H2-9-1.4tscH.pdb	66.667	9	3	0	1	9	1	9	0.28	13.8
H2-9-1.5i8oH.pdb	H2-9-1.4k3dI.pdb	85.714	7	1	0	2	8	2	8	0.48	13.4
H2-9-1.5i8oH.pdb	H2-9-1.1nc2D.pdb	75.000	8	2	0	1	8	1	8	0.83	12.9
H2-9-1.5i8oH.pdb	H2-9-3.1ospH.pdb	75.000	8	2	0	2	9	2	9	0.96	12.5
H2-9-1.5i8oH.pdb	H2-9-1.4lgrB.pdb	55.556	9	4	0	1	9	1	9	1.00	12.5
H2-9-1.5i8oH.pdb	H2-9-1.3v6oC.pdb	66.667	9	3	0	1	9	1	9	1.00	12.5
H2-9-1.5i8oH.pdb	H2-9-1.5i8kH.pdb	71.429	7	2	0	2	8	2	8	1.1	12.5
H2-9-1.5i8oH.pdb	H2-9-1.4s2sA.pdb	62.500	8	3	0	2	9	2	9	1.1	12.5
H2-9-1.5i8oH.pdb	H2-9-1.2b2xI.pdb	66.667	9	3	0	1	9	1	9	1.1	12.5
H2-9-1.5i8oH.pdb	H2-9-1.3ls5H.pdb	62.500	8	3	0	2	9	2	9	1.2	12.5
H2-9-1.5i8oH.pdb	H2-9-1.5i30H.pdb	75.000	8	2	0	1	8	1	8	1.3	12.5
H2-9-1.5i8oH.pdb	H2-9-1.4dvbA.pdb	62.500	8	3	0	2	9	2	9	1.3	12.5
H2-9-1.5i8oH.pdb	H2-9-1.3ks0K.pdb	62.500	8	3	0	2	9	2	9	1.5	12.1
H2-9-1.5i8oH.pdb	H2-9-1.5itbH.pdb	66.667	9	3	0	1	9	1	9	1.6	12.1
H2-9-1.5i8oH.pdb	H2-9-1.4liqH.pdb	66.667	9	3	0	1	9	1	9	1.6	12.1
H2-9-1.5i8oH.pdb	H2-9-1.4x7cC.pdb	62.500	8	3	0	2	9	2	9	1.6	12.1
H2-9-1.5i8oH.pdb	H2-9-1.1l7tH.pdb	62.500	8	3	0	2	9	2	9	1.7	12.1
H2-9-1.5i8oH.pdb	H2-9-1.4ttdH.pdb	55.556	9	4	0	1	9	1	9	1.8	12.1
H2-9-1.5i8oH.pdb	H2-9-1.3qhfH.pdb	44.444	9	5	0	1	9	1	9	1.9	12.1
H2-9-1.5i8oH.pdb	H2-9-1.5ijvB.pdb	100.000	5	0	0	2	6	2	6	1.9	12.1
H2-9-1.5i8oH.pdb	H2-9-1.3cfbB.pdb	62.500	8	3	0	2	9	2	9	3.4	11.2
H2-9-1.5i8oH.pdb	H2-9-1.1t2qH.pdb	62.500	8	3	0	1	8	1	8	3.9	11.2
H2-9-1.5i8oH.pdb	H2-9-1.5th2B.pdb	62.500	8	3	0	1	8	1	8	5.0	10.8
H2-9-1.5i8oH.pdb	H2-9-3.4jn2H.pdb	62.500	8	3	0	1	8	1	8	5.0	10.8
H2-9-1.5i8oH.pdb	H2-9-1.1gigH.pdb	55.556	9	4	0	1	9	1	9	5.0	10.8
H2-9-1.5i8oH.pdb	H2-9-1.1t4kB.pdb	55.556	9	4	0	1	9	1	9	5.8	10.8
H2-9-1.5i8oH.pdb	H2-9-1.3eotH.pdb	62.500	8	3	0	2	9	2	9	8.2	10.4
H2-9-1.5i8oH.pdb	H2-9-1.3zkmH.pdb	55.556	9	4	0	1	9	1	9	11	10.0
H2-9-1.5i8oH.pdb	H2-9-1.4m1gH.pdb	80.000	5	1	0	5	9	5	9	20	 9.5
H2-9-1.5i8oH.pdb	H2-9-1.3vfgH.pdb	66.667	6	2	0	1	6	1	6	23	 9.1
