L1-11-2.3i75A.pdb	L1-11-2.5az2L.pdb	87.500	8	1	0	2	9	2	9	0.004	17.2
L1-11-2.3i75A.pdb	L1-11-2.1fnsL.pdb	87.500	8	1	0	2	9	2	9	0.004	17.2
L1-11-2.3i75A.pdb	L1-11-2.3b9kC.pdb	66.667	9	3	0	1	9	1	9	0.008	16.8
L1-11-2.3i75A.pdb	L1-11-2.1fgvL.pdb	66.667	9	3	0	1	9	1	9	0.013	15.9
L1-11-2.3i75A.pdb	L1-11-2.3lizL.pdb	75.000	8	2	0	2	9	2	9	0.020	15.5
L1-11-2.3i75A.pdb	L1-11-2.1b0wB.pdb	66.667	9	3	0	1	9	1	9	0.023	15.5
L1-11-2.3i75A.pdb	L1-11-2.1fgnL.pdb	75.000	8	2	0	2	9	2	9	0.028	15.1
L1-11-2.3i75A.pdb	L1-11-2.1jfqL.pdb	55.556	9	4	0	1	9	1	9	0.032	15.1
L1-11-2.3i75A.pdb	L1-11-2.1d6vL.pdb	75.000	8	2	0	2	9	2	9	0.035	15.1
L1-11-2.3i75A.pdb	L1-11-2.1axsL.pdb	75.000	8	2	0	2	9	2	9	0.035	15.1
L1-11-2.3i75A.pdb	L1-11-2.3g5vA.pdb	85.714	7	1	0	1	7	1	7	0.048	14.6
L1-11-2.3i75A.pdb	L1-11-2.2ypvL.pdb	62.500	8	3	0	2	9	2	9	0.053	14.6
L1-11-2.3i75A.pdb	L1-11-2.4uinL.pdb	55.556	9	4	0	1	9	1	9	0.055	14.6
L1-11-2.3i75A.pdb	L1-11-2.4g6mL.pdb	55.556	9	4	0	1	9	1	9	0.055	14.6
L1-11-2.3i75A.pdb	L1-11-2.2xknA.pdb	55.556	9	4	0	1	9	1	9	0.055	14.6
L1-11-2.3i75A.pdb	L1-11-2.1ikfL.pdb	55.556	9	4	0	1	9	1	9	0.056	14.2
L1-11-2.3i75A.pdb	L1-11-2.1fn4C.pdb	62.500	8	3	0	2	9	2	9	0.069	14.2
L1-11-2.3i75A.pdb	L1-11-2.1emtL.pdb	62.500	8	3	0	2	9	2	9	0.079	14.2
L1-11-2.3i75A.pdb	L1-11-2.1mamL.pdb	55.556	9	4	0	1	9	1	9	0.084	13.8
L1-11-2.3i75A.pdb	L1-11-2.1hi6A.pdb	62.500	8	3	0	2	9	2	9	0.084	13.8
L1-11-2.3i75A.pdb	L1-11-2.5kanL.pdb	44.444	9	5	0	1	9	1	9	0.098	13.8
L1-11-2.3i75A.pdb	L1-11-2.1e4xL.pdb	55.556	9	4	0	1	9	1	9	0.099	13.8
L1-11-2.3i75A.pdb	L1-11-2.4odvL.pdb	55.556	9	4	0	1	9	1	9	0.10	13.8
L1-11-2.3i75A.pdb	L1-11-2.3esuF.pdb	55.556	9	4	0	1	9	1	9	0.10	13.8
L1-11-2.3i75A.pdb	L1-11-2.1r0aL.pdb	71.429	7	2	0	3	9	3	9	0.13	13.8
L1-11-2.3i75A.pdb	L1-11-2.1bz7A.pdb	44.444	9	5	0	1	9	1	9	0.15	13.4
L1-11-2.3i75A.pdb	L1-11-2.3rvvC.pdb	62.500	8	3	0	2	9	2	9	0.25	12.9
L1-11-2.3i75A.pdb	L1-11-2.3g5yA.pdb	71.429	7	2	0	1	7	1	7	0.25	12.9
L1-11-2.3i75A.pdb	L1-11-2.1uj3A.pdb	50.000	8	4	0	2	9	2	9	0.45	12.5
