L1-13-1.5fcuL.pdb	L1-13-1.4osuL.pdb	84.615	13	2	0	1	13	1	13	1.65e-04	22.3
L1-13-1.5fcuL.pdb	L1-13-1.3gbnL.pdb	84.615	13	2	0	1	13	1	13	8.76e-04	20.2
L1-13-1.5fcuL.pdb	L1-13-none.4ocsL.pdb	84.615	13	2	0	1	13	1	13	0.001	20.2
L1-13-1.5fcuL.pdb	L1-13-1.2a9mL.pdb	76.923	13	3	0	1	13	1	13	0.001	20.2
L1-13-1.5fcuL.pdb	L1-13-1.2xwtB.pdb	76.923	13	3	0	1	13	1	13	0.001	19.7
L1-13-1.5fcuL.pdb	L1-13-1.4m1dM.pdb	83.333	12	2	0	1	12	1	12	0.002	19.7
L1-13-1.5fcuL.pdb	L1-13-1.4od1L.pdb	76.923	13	3	0	1	13	1	13	0.002	19.7
L1-13-1.5fcuL.pdb	L1-13-1.4fqjL.pdb	83.333	12	2	0	1	12	1	12	0.002	19.3
L1-13-1.5fcuL.pdb	L1-13-1.5adoL.pdb	83.333	12	2	0	1	12	1	12	0.002	19.3
L1-13-1.5fcuL.pdb	L1-13-1.4k3dL.pdb	76.923	13	3	0	1	13	1	13	0.003	18.9
L1-13-1.5fcuL.pdb	L1-13-1.5alcL.pdb	69.231	13	4	0	1	13	1	13	0.003	18.9
L1-13-1.5fcuL.pdb	L1-13-1.4ocrL.pdb	76.923	13	3	0	1	13	1	13	0.004	18.9
L1-13-1.5fcuL.pdb	L1-13-none.4od3L.pdb	69.231	13	4	0	1	13	1	13	0.005	18.5
L1-13-1.5fcuL.pdb	L1-13-1.5dt1L.pdb	61.538	13	5	0	1	13	1	13	0.006	18.0
L1-13-1.5fcuL.pdb	L1-13-1.4xvjL.pdb	69.231	13	4	0	1	13	1	13	0.007	18.0
L1-13-1.5fcuL.pdb	L1-13-1.4fqiL.pdb	69.231	13	4	0	1	13	1	13	0.013	17.2
L1-13-1.5fcuL.pdb	L1-13-1.2fb4L.pdb	75.000	12	3	0	1	12	1	12	0.015	17.2
L1-13-1.5fcuL.pdb	L1-13-1.3mlwL.pdb	66.667	12	4	0	1	12	1	12	0.016	17.2
L1-13-1.5fcuL.pdb	L1-13-1.3mlyM.pdb	76.923	13	3	0	1	13	1	13	0.019	16.8
L1-13-1.5fcuL.pdb	L1-13-1.1rzfL.pdb	76.923	13	3	0	1	13	1	13	0.019	16.8
L1-13-1.5fcuL.pdb	L1-13-1.3thmL.pdb	88.889	9	1	0	1	9	1	9	0.021	16.8
L1-13-1.5fcuL.pdb	L1-13-1.2b1hL.pdb	58.333	12	5	0	1	12	1	12	0.043	15.9
L1-13-1.5fcuL.pdb	L1-13-1.1bjmB.pdb	69.231	13	4	0	1	13	1	13	0.043	15.9
L1-13-1.5fcuL.pdb	L1-13-1.4buhA.pdb	69.231	13	4	0	1	13	1	13	0.044	15.9
L1-13-1.5fcuL.pdb	L1-13-1.3lrgB.pdb	61.538	13	5	0	1	13	1	13	0.045	15.9
L1-13-1.5fcuL.pdb	L1-13-1.3g04A.pdb	61.538	13	5	0	1	13	1	13	0.056	15.5
L1-13-1.5fcuL.pdb	L1-13-1.3tjeL.pdb	77.778	9	2	0	1	9	1	9	0.075	15.1
L1-13-1.5fcuL.pdb	L1-13-1.4yjzL.pdb	66.667	12	4	0	1	12	1	12	0.082	15.1
L1-13-1.5fcuL.pdb	L1-13-1.5j75B.pdb	61.538	13	5	0	1	13	1	13	0.083	15.1
L1-13-1.5fcuL.pdb	L1-13-2.4yo0B.pdb	54.545	11	5	0	3	13	3	13	0.086	15.1
L1-13-1.5fcuL.pdb	L1-13-1.4q2zL.pdb	87.500	8	1	0	1	8	1	8	0.14	14.6
L1-13-1.5fcuL.pdb	L1-13-2.5c9kF.pdb	50.000	12	6	0	1	12	1	12	0.18	14.2
L1-13-1.5fcuL.pdb	L1-13-1.4o5lL.pdb	61.538	13	5	0	1	13	1	13	0.18	14.2
L1-13-1.5fcuL.pdb	L1-13-1.5cgyD.pdb	61.538	13	5	0	1	13	1	13	0.18	14.2
L1-13-1.5fcuL.pdb	L1-13-2.1pewA.pdb	60.000	10	4	0	3	12	3	12	0.23	13.8
L1-13-1.5fcuL.pdb	L1-13-2.1cd0B.pdb	60.000	10	4	0	3	12	3	12	0.23	13.8
L1-13-1.5fcuL.pdb	L1-13-1.2rheA.pdb	41.667	12	7	0	1	12	1	12	0.57	12.9
L1-13-1.5fcuL.pdb	L1-13-1.3t0vA.pdb	85.714	7	1	0	1	7	1	7	1.2	12.1
L1-13-1.5fcuL.pdb	L1-13-2.3b5gB.pdb	50.000	10	5	0	3	12	3	12	1.6	11.7
L1-13-1.5fcuL.pdb	L1-13-2.2cd0A.pdb	50.000	10	5	0	3	12	3	12	1.9	11.7
L1-13-1.5fcuL.pdb	L1-13-2.3h0tA.pdb	50.000	10	5	0	3	12	3	12	3.6	10.8
L1-13-1.5fcuL.pdb	L1-13-2.4hpoL.pdb	40.000	10	6	0	3	12	3	12	6.0	10.4
L1-13-1.5fcuL.pdb	L1-13-2.5hi4D.pdb	40.000	10	6	0	3	12	3	12	16	 9.1
L1-13-1.5fcuL.pdb	L1-13-1.3npsC.pdb	66.667	6	2	0	8	13	8	13	42	 7.9
L1-13-1.5fcuL.pdb	L1-13-1.4eowL.pdb	80.000	5	1	0	8	12	8	12	146	 6.6
L1-13-1.5fcuL.pdb	L1-13-1.2yk1L.pdb	60.000	5	2	0	8	12	8	12	146	 6.6
L1-13-1.5fcuL.pdb	L1-13-1.3qhzM.pdb	50.000	6	3	0	8	13	8	13	626	 4.9
