L1-15-1.3wkmL.pdb	L1-15-1.3s35L.pdb	93.333	15	1	0	1	15	1	15	4.11e-08	31.6
L1-15-1.3wkmL.pdb	L1-15-1.4odsL.pdb	86.667	15	2	0	1	15	1	15	7.82e-08	31.2
L1-15-1.3wkmL.pdb	L1-15-1.5dqdL.pdb	86.667	15	2	0	1	15	1	15	9.46e-08	30.8
L1-15-1.3wkmL.pdb	L1-15-1.4wcyL.pdb	86.667	15	2	0	1	15	1	15	1.56e-07	30.3
L1-15-1.3wkmL.pdb	L1-15-1.4nj9L.pdb	93.333	15	1	0	1	15	1	15	1.65e-07	30.3
L1-15-1.3wkmL.pdb	L1-15-1.4i77L.pdb	86.667	15	2	0	1	15	1	15	2.20e-07	29.9
L1-15-1.3wkmL.pdb	L1-15-1.5aamA.pdb	80.000	15	3	0	1	15	1	15	3.37e-07	29.5
L1-15-1.3wkmL.pdb	L1-15-1.3uzqA.pdb	80.000	15	3	0	1	15	1	15	3.54e-07	29.5
L1-15-1.3wkmL.pdb	L1-15-1.2gcyA.pdb	86.667	15	2	0	1	15	1	15	4.38e-07	29.1
L1-15-1.3wkmL.pdb	L1-15-1.4gagL.pdb	80.000	15	3	0	1	15	1	15	4.59e-07	29.1
L1-15-1.3wkmL.pdb	L1-15-1.1egjL.pdb	86.667	15	2	0	1	15	1	15	9.58e-07	28.2
L1-15-1.3wkmL.pdb	L1-15-1.4hs8L.pdb	80.000	15	3	0	1	15	1	15	1.73e-06	27.8
L1-15-1.3wkmL.pdb	L1-15-1.2hrpM.pdb	80.000	15	3	0	1	15	1	15	3.16e-06	26.9
L1-15-1.3wkmL.pdb	L1-15-1.1h0dA.pdb	85.714	14	2	0	1	14	1	14	4.05e-06	26.5
L1-15-1.3wkmL.pdb	L1-15-1.4hs6A.pdb	80.000	15	3	0	1	15	1	15	4.35e-06	26.5
L1-15-1.3wkmL.pdb	L1-15-1.3zkmL.pdb	73.333	15	4	0	1	15	1	15	5.98e-06	26.1
L1-15-1.3wkmL.pdb	L1-15-1.2or9M.pdb	80.000	15	3	0	1	15	1	15	7.84e-06	26.1
L1-15-1.3wkmL.pdb	L1-15-1.4ffyL.pdb	73.333	15	4	0	1	15	1	15	1.24e-05	25.2
L1-15-1.3wkmL.pdb	L1-15-1.4u0rC.pdb	66.667	15	5	0	1	15	1	15	3.29e-05	24.4
L1-15-1.3wkmL.pdb	L1-15-1.1ggiM.pdb	73.333	15	4	0	1	15	1	15	3.65e-05	24.4
L1-15-1.3wkmL.pdb	L1-15-1.2aabL.pdb	66.667	15	5	0	1	15	1	15	4.35e-05	24.0
L1-15-1.3wkmL.pdb	L1-15-1.1j05A.pdb	60.000	15	6	0	1	15	1	15	1.05e-04	23.1
L1-15-1.3wkmL.pdb	L1-15-1.3qq9L.pdb	66.667	15	5	0	1	15	1	15	1.40e-04	22.7
L1-15-1.3wkmL.pdb	L1-15-none.4lvhF.pdb	60.000	15	6	0	1	15	1	15	1.79e-04	22.3
L1-15-1.3wkmL.pdb	L1-15-1.4x7sL.pdb	66.667	15	5	0	1	15	1	15	3.05e-04	21.8
L1-15-1.3wkmL.pdb	L1-15-1.4qyoB.pdb	60.000	15	6	0	1	15	1	15	7.85e-04	20.6
L1-15-1.3wkmL.pdb	L1-15-1.3e8uL.pdb	53.333	15	7	0	1	15	1	15	8.61e-04	20.6
L1-15-1.3wkmL.pdb	L1-15-1.1qnzL.pdb	60.000	15	6	0	1	15	1	15	0.001	20.6
L1-15-1.3wkmL.pdb	L1-15-1.5eocL.pdb	60.000	15	6	0	1	15	1	15	0.003	19.3
L1-15-1.3wkmL.pdb	L1-15-1.1f58L.pdb	53.333	15	7	0	1	15	1	15	0.004	18.9
L1-15-1.3wkmL.pdb	L1-15-none.1i7zA.pdb	53.333	15	7	0	1	15	1	15	0.008	18.0
L1-15-1.3wkmL.pdb	L1-15-1.2xqyL.pdb	53.333	15	7	0	1	15	1	15	0.018	17.2
L1-15-1.3wkmL.pdb	L1-15-none.1nsnL.pdb	46.667	15	8	0	1	15	1	15	0.047	15.9
L1-15-1.3wkmL.pdb	L1-15-1.1ibgL.pdb	53.333	15	7	0	1	15	1	15	0.068	15.5
L1-15-1.3wkmL.pdb	L1-15-none.3phqA.pdb	60.000	15	6	0	1	15	1	15	9.0	10.0
L1-15-1.3wkmL.pdb	L1-15-none.3i2cL.pdb	60.000	15	6	0	1	15	1	15	25	 8.7
L1-15-1.3wkmL.pdb	L1-15-1.5a16F.pdb	46.667	15	8	0	1	15	1	15	42	 7.9
L1-15-1.3wkmL.pdb	L1-15-1.4mauL.pdb	57.143	14	6	0	1	14	1	14	94	 7.0
