L1-14-2.4yaqB.pdb	L1-14-2.3u2sB.pdb	100.000	13	0	0	2	14	2	14	3.87e-06	26.5
L1-14-2.4yaqB.pdb	L1-14-2.3lrsB.pdb	78.571	14	3	0	1	14	1	14	2.54e-05	24.4
L1-14-2.4yaqB.pdb	L1-14-2.4dqoL.pdb	76.923	13	3	0	2	14	2	14	1.10e-04	22.7
L1-14-2.4yaqB.pdb	L1-14-2.5c2bL.pdb	64.286	14	5	0	1	14	1	14	3.32e-04	21.4
L1-14-2.4yaqB.pdb	L1-14-2.2omnB.pdb	71.429	14	4	0	1	14	1	14	3.73e-04	21.4
L1-14-2.4yaqB.pdb	L1-14-2.5cckL.pdb	64.286	14	5	0	1	14	1	14	5.80e-04	21.0
L1-14-2.4yaqB.pdb	L1-14-2.5awnL.pdb	69.231	13	4	0	2	14	2	14	6.01e-04	20.6
L1-14-2.4yaqB.pdb	L1-14-none.4nikB.pdb	76.923	13	3	0	2	14	2	14	0.001	20.2
L1-14-2.4yaqB.pdb	L1-14-2.4y5vE.pdb	71.429	14	4	0	1	14	1	14	0.001	20.2
L1-14-2.4yaqB.pdb	L1-14-2.4unuA.pdb	76.923	13	3	0	2	14	2	14	0.001	20.2
L1-14-2.4yaqB.pdb	L1-14-2.4rnrB.pdb	64.286	14	5	0	1	14	1	14	0.001	19.7
L1-14-2.4yaqB.pdb	L1-14-2.3gjfL.pdb	76.923	13	3	0	2	14	2	14	0.001	19.7
L1-14-2.4yaqB.pdb	L1-14-2.4h8wL.pdb	69.231	13	4	0	2	14	2	14	0.003	18.9
L1-14-2.4yaqB.pdb	L1-14-2.1dclB.pdb	69.231	13	4	0	2	14	2	14	0.003	18.9
L1-14-2.4yaqB.pdb	L1-14-2.5f6hN.pdb	57.143	14	6	0	1	14	1	14	0.005	18.5
L1-14-2.4yaqB.pdb	L1-14-none.3gheL.pdb	69.231	13	4	0	2	14	2	14	0.006	18.0
L1-14-2.4yaqB.pdb	L1-14-2.4ravB.pdb	61.538	13	5	0	2	14	2	14	0.006	18.0
L1-14-2.4yaqB.pdb	L1-14-2.4f58M.pdb	61.538	13	5	0	2	14	2	14	0.010	17.6
L1-14-2.4yaqB.pdb	L1-14-2.5f6iC.pdb	53.846	13	6	0	2	14	2	14	0.018	16.8
L1-14-2.4yaqB.pdb	L1-14-none.1jvkB.pdb	53.846	13	6	0	2	14	2	14	0.20	13.8
L1-14-2.4yaqB.pdb	L1-14-none.4ut7L.pdb	46.154	13	7	0	2	14	2	14	0.62	12.9
L1-14-2.4yaqB.pdb	L1-14-none.4m6nL.pdb	45.455	11	5	1	2	11	2	12	2.4	11.2
L1-14-2.4yaqB.pdb	L1-14-none.3h42L.pdb	45.455	11	5	1	2	11	2	12	2.5	11.2
L1-14-2.4yaqB.pdb	L1-14-none.4tscL.pdb	45.455	11	5	1	2	11	2	12	4.5	10.4
