L1-15-1.5a16F.pdb	L1-15-1.5eocL.pdb	88.889	9	1	0	1	9	1	9	0.010	15.5
L1-15-1.5a16F.pdb	L1-15-1.4mauL.pdb	88.889	9	1	0	1	9	1	9	0.010	15.5
L1-15-1.5a16F.pdb	L1-15-1.2xqyL.pdb	88.889	9	1	0	1	9	1	9	0.010	15.5
L1-15-1.5a16F.pdb	L1-15-1.1ibgL.pdb	88.889	9	1	0	1	9	1	9	0.010	15.5
L1-15-1.5a16F.pdb	L1-15-1.5ggsB.pdb	77.778	9	2	0	1	9	1	9	0.025	14.6
L1-15-1.5a16F.pdb	L1-15-1.4x7sL.pdb	100.000	6	0	0	1	6	1	6	0.057	13.8
L1-15-1.5a16F.pdb	L1-15-1.3qq9L.pdb	100.000	6	0	0	1	6	1	6	0.057	13.8
L1-15-1.5a16F.pdb	L1-15-1.3zkmL.pdb	75.000	8	2	0	1	8	1	8	0.098	13.4
L1-15-1.5a16F.pdb	L1-15-1.4u0rC.pdb	83.333	6	1	0	1	6	1	6	0.18	12.5
L1-15-1.5a16F.pdb	L1-15-1.2hrpM.pdb	83.333	6	1	0	1	6	1	6	0.18	12.5
L1-15-1.5a16F.pdb	L1-15-1.2aabL.pdb	83.333	6	1	0	1	6	1	6	0.18	12.5
L1-15-1.5a16F.pdb	L1-15-1.1ggiM.pdb	83.333	6	1	0	1	6	1	6	0.18	12.5
L1-15-1.5a16F.pdb	L1-15-1.5dqdL.pdb	83.333	6	1	0	1	6	1	6	0.18	12.5
L1-15-1.5a16F.pdb	L1-15-1.4hs8L.pdb	83.333	6	1	0	1	6	1	6	0.18	12.5
L1-15-1.5a16F.pdb	L1-15-1.2or9M.pdb	83.333	6	1	0	1	6	1	6	0.18	12.5
L1-15-1.5a16F.pdb	L1-15-1.1h0dA.pdb	83.333	6	1	0	1	6	1	6	0.18	12.5
L1-15-1.5a16F.pdb	L1-15-1.4hs6A.pdb	83.333	6	1	0	1	6	1	6	0.19	12.5
L1-15-1.5a16F.pdb	L1-15-1.4gagL.pdb	83.333	6	1	0	1	6	1	6	0.19	12.5
L1-15-1.5a16F.pdb	L1-15-1.4wcyL.pdb	83.333	6	1	0	1	6	1	6	0.20	12.5
L1-15-1.5a16F.pdb	L1-15-1.4nj9L.pdb	83.333	6	1	0	1	6	1	6	0.20	12.5
L1-15-1.5a16F.pdb	L1-15-1.3wkmL.pdb	83.333	6	1	0	1	6	1	6	0.20	12.5
L1-15-1.5a16F.pdb	L1-15-1.3s35L.pdb	83.333	6	1	0	1	6	1	6	0.20	12.5
L1-15-1.5a16F.pdb	L1-15-1.2gcyA.pdb	83.333	6	1	0	1	6	1	6	0.20	12.5
L1-15-1.5a16F.pdb	L1-15-1.3e8uL.pdb	83.333	6	1	0	1	6	1	6	0.22	12.5
L1-15-1.5a16F.pdb	L1-15-1.4qyoB.pdb	83.333	6	1	0	1	6	1	6	0.23	12.5
L1-15-1.5a16F.pdb	L1-15-1.1j05A.pdb	50.000	8	4	0	1	8	1	8	0.42	11.7
L1-15-1.5a16F.pdb	L1-15-1.1egjL.pdb	66.667	6	2	0	1	6	1	6	0.45	11.7
L1-15-1.5a16F.pdb	L1-15-1.4i77L.pdb	83.333	6	1	0	1	6	1	6	0.46	11.7
L1-15-1.5a16F.pdb	L1-15-1.2vl5B.pdb	83.333	6	1	0	1	6	1	6	0.46	11.7
