L1-12-2.5gryG.pdb	L1-12-2.1rhhA.pdb	88.889	9	1	0	1	9	1	9	0.003	15.9
L1-12-2.5gryG.pdb	L1-12-2.4xcfL.pdb	77.778	9	2	0	1	9	1	9	0.003	15.9
L1-12-2.5gryG.pdb	L1-12-2.2fx7L.pdb	77.778	9	2	0	1	9	1	9	0.003	15.9
L1-12-2.5gryG.pdb	L1-12-2.1dn0C.pdb	100.000	8	0	0	2	9	2	9	0.005	15.5
L1-12-2.5gryG.pdb	L1-12-2.5a7xM.pdb	66.667	9	3	0	1	9	1	9	0.006	15.1
L1-12-2.5gryG.pdb	L1-12-2.4dn3L.pdb	100.000	7	0	0	1	7	1	7	0.008	14.6
L1-12-2.5gryG.pdb	L1-12-2.5bzdC.pdb	100.000	7	0	0	1	7	1	7	0.009	14.6
L1-12-2.5gryG.pdb	L1-12-2.2agjL.pdb	55.556	9	4	0	1	9	1	9	0.018	13.8
L1-12-2.5gryG.pdb	L1-12-2.5dmgD.pdb	55.556	9	4	0	1	9	1	9	0.22	11.2
L1-12-2.5gryG.pdb	L1-12-2.4rzcL.pdb	55.556	9	4	0	1	9	1	9	0.24	11.2
L1-12-2.5gryG.pdb	L1-12-2.5fuzL.pdb	55.556	9	4	0	1	9	1	9	0.39	10.8
