H1-14-1.3leyH.pdb	H1-14-1.3g5yB.pdb	85.714	14	2	0	1	14	1	14	2.21e-06	26.5
H1-14-1.3leyH.pdb	H1-14-1.4lkxA.pdb	78.571	14	3	0	1	14	1	14	4.34e-06	26.1
H1-14-1.3leyH.pdb	H1-14-1.4mauH.pdb	78.571	14	3	0	1	14	1	14	4.95e-06	25.7
H1-14-1.3leyH.pdb	H1-14-none.1ncwH.pdb	78.571	14	3	0	1	14	1	14	4.95e-06	25.7
H1-14-1.3leyH.pdb	H1-14-none.3qg6H.pdb	78.571	14	3	0	1	14	1	14	6.73e-06	25.2
H1-14-1.3leyH.pdb	H1-14-1.3lexA.pdb	78.571	14	3	0	1	14	1	14	7.31e-06	25.2
H1-14-1.3leyH.pdb	H1-14-1.1kcvH.pdb	78.571	14	3	0	1	14	1	14	9.48e-06	25.2
H1-14-1.3leyH.pdb	H1-14-1.1orsB.pdb	78.571	14	3	0	1	14	1	14	1.17e-05	24.8
H1-14-1.3leyH.pdb	H1-14-1.1cf8H.pdb	78.571	14	3	0	1	14	1	14	1.23e-05	24.8
H1-14-1.3leyH.pdb	H1-14-1.2ajuH.pdb	84.615	13	2	0	1	13	1	13	1.77e-05	24.4
H1-14-1.3leyH.pdb	H1-14-none.4ocxH.pdb	71.429	14	4	0	1	14	1	14	4.88e-05	23.1
H1-14-1.3leyH.pdb	H1-14-1.5cp3H.pdb	64.286	14	5	0	1	14	1	14	8.28e-05	22.7
H1-14-1.3leyH.pdb	H1-14-1.2z92A.pdb	64.286	14	5	0	1	14	1	14	1.79e-04	21.8
H1-14-1.3leyH.pdb	H1-14-1.4x7sH.pdb	57.143	14	6	0	1	14	1	14	1.83e-04	21.8
H1-14-1.3leyH.pdb	H1-14-1.3cx5J.pdb	64.286	14	5	0	1	14	1	14	3.03e-04	21.0
H1-14-1.3leyH.pdb	H1-14-none.5e94B.pdb	64.286	14	5	0	1	14	1	14	3.40e-04	21.0
H1-14-1.3leyH.pdb	H1-14-none.4r7dI.pdb	50.000	14	7	0	1	14	1	14	0.001	19.7
H1-14-1.3leyH.pdb	H1-14-1.5e2wH.pdb	57.143	14	6	0	1	14	1	14	0.002	18.9
