H2-9-1.4i77H.pdb	H2-9-1.5d96C.pdb	75.000	8	2	0	1	8	1	8	0.011	17.2
H2-9-1.4i77H.pdb	H2-9-1.4ij3C.pdb	75.000	8	2	0	1	8	1	8	0.012	17.2
H2-9-1.4i77H.pdb	H2-9-1.1a7qH.pdb	66.667	9	3	0	1	9	1	9	0.012	17.2
H2-9-1.4i77H.pdb	H2-9-1.1a2yB.pdb	75.000	8	2	0	1	8	1	8	0.017	16.8
H2-9-1.4i77H.pdb	H2-9-1.4edxB.pdb	75.000	8	2	0	1	8	1	8	0.022	16.3
H2-9-1.4i77H.pdb	H2-9-1.1fnsH.pdb	75.000	8	2	0	1	8	1	8	0.026	16.3
H2-9-1.4i77H.pdb	H2-9-1.1t4kB.pdb	62.500	8	3	0	1	8	1	8	0.15	14.2
H2-9-1.4i77H.pdb	H2-9-1.4edwH.pdb	71.429	7	2	0	1	7	1	7	0.16	14.2
H2-9-1.4i77H.pdb	H2-9-1.3iu4H.pdb	62.500	8	3	0	1	8	1	8	0.18	14.2
H2-9-1.4i77H.pdb	H2-9-1.1p4bH.pdb	83.333	6	1	0	1	6	1	6	0.20	14.2
H2-9-1.4i77H.pdb	H2-9-1.3b9kD.pdb	57.143	7	3	0	2	8	2	8	1.1	12.5
H2-9-1.4i77H.pdb	H2-9-1.4liqH.pdb	66.667	6	2	0	1	6	1	6	1.7	12.1
H2-9-1.4i77H.pdb	H2-9-1.4g6mH.pdb	80.000	5	1	0	2	6	2	6	10	10.0
