L1-14-2.5f6hN.pdb	L1-14-2.5f6iC.pdb	78.571	14	3	0	1	14	1	14	5.65e-05	23.5
L1-14-2.5f6hN.pdb	L1-14-2.4ravB.pdb	85.714	14	2	0	1	14	1	14	1.52e-04	22.3
L1-14-2.5f6hN.pdb	L1-14-2.5c2bL.pdb	78.571	14	3	0	1	14	1	14	4.24e-04	21.0
L1-14-2.5f6hN.pdb	L1-14-2.4h8wL.pdb	71.429	14	4	0	1	14	1	14	6.37e-04	20.6
L1-14-2.5f6hN.pdb	L1-14-2.2omnB.pdb	71.429	14	4	0	1	14	1	14	0.002	19.7
L1-14-2.5f6hN.pdb	L1-14-2.4f58M.pdb	64.286	14	5	0	1	14	1	14	0.002	19.3
L1-14-2.5f6hN.pdb	L1-14-2.4unuA.pdb	71.429	14	4	0	1	14	1	14	0.002	19.3
L1-14-2.5f6hN.pdb	L1-14-2.4y5vE.pdb	71.429	14	4	0	1	14	1	14	0.003	18.9
L1-14-2.5f6hN.pdb	L1-14-2.4rnrB.pdb	64.286	14	5	0	1	14	1	14	0.003	18.9
L1-14-2.5f6hN.pdb	L1-14-2.3u2sB.pdb	61.538	13	5	0	2	14	2	14	0.006	18.0
L1-14-2.5f6hN.pdb	L1-14-2.3gjfL.pdb	64.286	14	5	0	1	14	1	14	0.006	18.0
L1-14-2.5f6hN.pdb	L1-14-2.4dqoL.pdb	61.538	13	5	0	2	14	2	14	0.006	18.0
L1-14-2.5f6hN.pdb	L1-14-2.3lrsB.pdb	57.143	14	6	0	1	14	1	14	0.006	18.0
L1-14-2.5f6hN.pdb	L1-14-2.1dclB.pdb	64.286	14	5	0	1	14	1	14	0.007	18.0
L1-14-2.5f6hN.pdb	L1-14-none.4nikB.pdb	64.286	14	5	0	1	14	1	14	0.007	18.0
L1-14-2.5f6hN.pdb	L1-14-2.5cckL.pdb	57.143	14	6	0	1	14	1	14	0.010	17.6
L1-14-2.5f6hN.pdb	L1-14-2.5awnL.pdb	50.000	14	7	0	1	14	1	14	0.021	16.8
L1-14-2.5f6hN.pdb	L1-14-2.4uu9L.pdb	100.000	8	0	0	1	8	1	8	0.022	16.8
L1-14-2.5f6hN.pdb	L1-14-none.3gheL.pdb	57.143	14	6	0	1	14	1	14	0.030	16.3
L1-14-2.5f6hN.pdb	L1-14-2.2jb5L.pdb	64.286	14	5	0	1	14	1	14	0.032	16.3
L1-14-2.5f6hN.pdb	L1-14-none.4ut7L.pdb	57.143	14	6	0	1	14	1	14	0.045	15.9
L1-14-2.5f6hN.pdb	L1-14-none.1jvkB.pdb	57.143	14	6	0	1	14	1	14	0.046	15.9
L1-14-2.5f6hN.pdb	L1-14-none.3h42L.pdb	77.778	9	2	0	1	9	1	9	0.054	15.5
L1-14-2.5f6hN.pdb	L1-14-none.4tscL.pdb	77.778	9	2	0	1	9	1	9	0.088	15.1
L1-14-2.5f6hN.pdb	L1-14-none.1aqkL.pdb	66.667	9	3	0	1	9	1	9	0.12	14.6
L1-14-2.5f6hN.pdb	L1-14-none.4m6nL.pdb	66.667	9	3	0	1	9	1	9	0.19	14.2
