L1-15-1.4odsL.pdb	L1-15-1.3s35L.pdb	93.333	15	1	0	1	15	1	15	2.53e-08	32.0
L1-15-1.4odsL.pdb	L1-15-1.5dqdL.pdb	86.667	15	2	0	1	15	1	15	7.20e-08	31.2
L1-15-1.4odsL.pdb	L1-15-1.1ai1L.pdb	86.667	15	2	0	1	15	1	15	8.61e-08	30.8
L1-15-1.4odsL.pdb	L1-15-1.4wcyL.pdb	86.667	15	2	0	1	15	1	15	9.14e-08	30.8
L1-15-1.4odsL.pdb	L1-15-1.5aamA.pdb	86.667	15	2	0	1	15	1	15	1.31e-07	30.3
L1-15-1.4odsL.pdb	L1-15-1.3uzqA.pdb	86.667	15	2	0	1	15	1	15	1.32e-07	30.3
L1-15-1.4odsL.pdb	L1-15-1.4nj9L.pdb	86.667	15	2	0	1	15	1	15	1.84e-07	29.9
L1-15-1.4odsL.pdb	L1-15-1.2gcyA.pdb	80.000	15	3	0	1	15	1	15	3.26e-07	29.5
L1-15-1.4odsL.pdb	L1-15-1.2vl5B.pdb	85.714	14	2	0	1	14	1	14	1.73e-06	27.4
L1-15-1.4odsL.pdb	L1-15-1.4hs6A.pdb	73.333	15	4	0	1	15	1	15	2.17e-06	27.4
L1-15-1.4odsL.pdb	L1-15-1.4hs8L.pdb	73.333	15	4	0	1	15	1	15	2.75e-06	26.9
L1-15-1.4odsL.pdb	L1-15-1.2hrpM.pdb	73.333	15	4	0	1	15	1	15	3.78e-06	26.5
L1-15-1.4odsL.pdb	L1-15-1.1h0dA.pdb	78.571	14	3	0	1	14	1	14	5.45e-06	26.1
L1-15-1.4odsL.pdb	L1-15-1.3zkmL.pdb	66.667	15	5	0	1	15	1	15	7.85e-06	25.7
L1-15-1.4odsL.pdb	L1-15-1.4ffyL.pdb	73.333	15	4	0	1	15	1	15	9.04e-06	25.7
L1-15-1.4odsL.pdb	L1-15-1.1ggiM.pdb	73.333	15	4	0	1	15	1	15	1.59e-05	24.8
L1-15-1.4odsL.pdb	L1-15-1.2aabL.pdb	60.000	15	6	0	1	15	1	15	4.35e-05	24.0
L1-15-1.4odsL.pdb	L1-15-1.4u0rC.pdb	60.000	15	6	0	1	15	1	15	5.01e-05	23.5
L1-15-1.4odsL.pdb	L1-15-1.1j05A.pdb	53.333	15	7	0	1	15	1	15	2.15e-04	22.3
L1-15-1.4odsL.pdb	L1-15-1.3qq9L.pdb	60.000	15	6	0	1	15	1	15	2.30e-04	21.8
L1-15-1.4odsL.pdb	L1-15-none.4lvhF.pdb	53.333	15	7	0	1	15	1	15	4.30e-04	21.4
L1-15-1.4odsL.pdb	L1-15-1.4x7sL.pdb	53.333	15	7	0	1	15	1	15	0.001	19.7
L1-15-1.4odsL.pdb	L1-15-1.5eocL.pdb	53.333	15	7	0	1	15	1	15	0.002	19.3
L1-15-1.4odsL.pdb	L1-15-1.4qyoB.pdb	46.667	15	8	0	1	15	1	15	0.004	18.9
L1-15-1.4odsL.pdb	L1-15-1.1qnzL.pdb	46.667	15	8	0	1	15	1	15	0.005	18.5
L1-15-1.4odsL.pdb	L1-15-1.1f58L.pdb	53.333	15	7	0	1	15	1	15	0.006	18.5
L1-15-1.4odsL.pdb	L1-15-1.3e8uL.pdb	40.000	15	9	0	1	15	1	15	0.006	18.0
L1-15-1.4odsL.pdb	L1-15-none.1i7zA.pdb	46.667	15	8	0	1	15	1	15	0.008	18.0
L1-15-1.4odsL.pdb	L1-15-none.1nsnL.pdb	40.000	15	9	0	1	15	1	15	0.048	15.9
L1-15-1.4odsL.pdb	L1-15-none.3phqA.pdb	60.000	15	6	0	1	15	1	15	7.9	10.0
L1-15-1.4odsL.pdb	L1-15-none.3i2cL.pdb	53.333	15	7	0	1	15	1	15	21	 8.7
