L1-15-1.5ggsB.pdb	L1-15-1.5eocL.pdb	86.667	15	2	0	1	15	1	15	8.41e-07	28.6
L1-15-1.5ggsB.pdb	L1-15-none.1i7zA.pdb	80.000	15	3	0	1	15	1	15	1.84e-06	27.4
L1-15-1.5ggsB.pdb	L1-15-1.2xqyL.pdb	80.000	15	3	0	1	15	1	15	7.93e-06	26.1
L1-15-1.5ggsB.pdb	L1-15-1.1ibgL.pdb	80.000	15	3	0	1	15	1	15	8.22e-06	26.1
L1-15-1.5ggsB.pdb	L1-15-none.1nsnL.pdb	60.000	15	6	0	1	15	1	15	1.59e-04	22.7
L1-15-1.5ggsB.pdb	L1-15-1.3zkmL.pdb	60.000	15	6	0	1	15	1	15	7.94e-04	20.6
L1-15-1.5ggsB.pdb	L1-15-1.1ggiM.pdb	53.333	15	7	0	1	15	1	15	0.001	20.2
L1-15-1.5ggsB.pdb	L1-15-1.4hs6A.pdb	60.000	15	6	0	1	15	1	15	0.001	20.2
L1-15-1.5ggsB.pdb	L1-15-1.4i77L.pdb	53.333	15	7	0	1	15	1	15	0.003	19.3
L1-15-1.5ggsB.pdb	L1-15-1.3qq9L.pdb	53.333	15	7	0	1	15	1	15	0.004	18.9
L1-15-1.5ggsB.pdb	L1-15-1.4wcyL.pdb	53.333	15	7	0	1	15	1	15	0.006	18.5
L1-15-1.5ggsB.pdb	L1-15-1.4gagL.pdb	53.333	15	7	0	1	15	1	15	0.014	17.2
L1-15-1.5ggsB.pdb	L1-15-1.2vl5B.pdb	46.667	15	8	0	1	15	1	15	0.023	16.8
L1-15-1.5ggsB.pdb	L1-15-1.1j05A.pdb	40.000	15	9	0	1	15	1	15	0.024	16.8
L1-15-1.5ggsB.pdb	L1-15-1.1f58L.pdb	40.000	15	9	0	1	15	1	15	0.039	15.9
L1-15-1.5ggsB.pdb	L1-15-1.4x7sL.pdb	46.667	15	8	0	1	15	1	15	0.053	15.9
L1-15-1.5ggsB.pdb	L1-15-1.3e8uL.pdb	46.667	15	8	0	1	15	1	15	0.064	15.5
L1-15-1.5ggsB.pdb	L1-15-none.4lvhF.pdb	40.000	15	9	0	1	15	1	15	0.077	15.5
L1-15-1.5ggsB.pdb	L1-15-1.4qyoB.pdb	40.000	15	9	0	1	15	1	15	0.15	14.6
L1-15-1.5ggsB.pdb	L1-15-1.1qnzL.pdb	40.000	15	9	0	1	15	1	15	0.19	14.2
L1-15-1.5ggsB.pdb	L1-15-none.3phqA.pdb	66.667	15	5	0	1	15	1	15	11	 9.5
L1-15-1.5ggsB.pdb	L1-15-none.3i2cL.pdb	66.667	15	5	0	1	15	1	15	32	 8.3
L1-15-1.5ggsB.pdb	L1-15-1.5a16F.pdb	66.667	15	5	0	1	15	1	15	46	 7.9
L1-15-1.5ggsB.pdb	L1-15-1.4mauL.pdb	78.571	14	3	0	1	14	1	14	91	 7.0
