L1-14-2.5c2bL.pdb	L1-14-2.2omnB.pdb	85.714	14	2	0	1	14	1	14	1.18e-05	25.2
L1-14-2.5c2bL.pdb	L1-14-2.4h8wL.pdb	78.571	14	3	0	1	14	1	14	2.10e-05	24.8
L1-14-2.5c2bL.pdb	L1-14-2.4unuA.pdb	78.571	14	3	0	1	14	1	14	3.37e-05	24.0
L1-14-2.5c2bL.pdb	L1-14-2.4f58M.pdb	71.429	14	4	0	1	14	1	14	4.85e-05	23.5
L1-14-2.5c2bL.pdb	L1-14-2.1dclB.pdb	71.429	14	4	0	1	14	1	14	7.32e-05	23.1
L1-14-2.5c2bL.pdb	L1-14-2.5cckL.pdb	71.429	14	4	0	1	14	1	14	1.05e-04	22.7
L1-14-2.5c2bL.pdb	L1-14-2.3gjfL.pdb	71.429	14	4	0	1	14	1	14	1.07e-04	22.7
L1-14-2.5c2bL.pdb	L1-14-none.4nikB.pdb	71.429	14	4	0	1	14	1	14	1.24e-04	22.7
L1-14-2.5c2bL.pdb	L1-14-2.4y5vE.pdb	78.571	14	3	0	1	14	1	14	1.32e-04	22.7
L1-14-2.5c2bL.pdb	L1-14-2.4dqoL.pdb	76.923	13	3	0	2	14	2	14	1.83e-04	22.3
L1-14-2.5c2bL.pdb	L1-14-2.3lrsB.pdb	76.923	13	3	0	2	14	2	14	1.89e-04	22.3
L1-14-2.5c2bL.pdb	L1-14-2.5awnL.pdb	64.286	14	5	0	1	14	1	14	2.39e-04	21.8
L1-14-2.5c2bL.pdb	L1-14-2.3u2sB.pdb	69.231	13	4	0	2	14	2	14	3.35e-04	21.4
L1-14-2.5c2bL.pdb	L1-14-2.4yaqB.pdb	64.286	14	5	0	1	14	1	14	3.47e-04	21.4
L1-14-2.5c2bL.pdb	L1-14-2.5f6hN.pdb	78.571	14	3	0	1	14	1	14	4.34e-04	21.0
L1-14-2.5c2bL.pdb	L1-14-none.3gheL.pdb	64.286	14	5	0	1	14	1	14	4.65e-04	21.0
L1-14-2.5c2bL.pdb	L1-14-2.2jb5L.pdb	71.429	14	4	0	1	14	1	14	4.99e-04	21.0
L1-14-2.5c2bL.pdb	L1-14-none.1jvkB.pdb	64.286	14	5	0	1	14	1	14	0.001	20.2
L1-14-2.5c2bL.pdb	L1-14-2.5f6iC.pdb	64.286	14	5	0	1	14	1	14	0.002	19.7
L1-14-2.5c2bL.pdb	L1-14-none.4ut7L.pdb	57.143	14	6	0	1	14	1	14	0.002	19.3
L1-14-2.5c2bL.pdb	L1-14-2.4uu9L.pdb	64.286	14	5	0	1	14	1	14	0.004	18.5
L1-14-2.5c2bL.pdb	L1-14-2.4rnrB.pdb	57.143	14	6	0	1	14	1	14	0.005	18.5
L1-14-2.5c2bL.pdb	L1-14-none.4d9lL.pdb	66.667	12	3	1	1	11	1	12	0.056	15.5
L1-14-2.5c2bL.pdb	L1-14-none.3h42L.pdb	66.667	12	3	1	1	11	1	12	0.069	15.5
L1-14-2.5c2bL.pdb	L1-14-none.4tscL.pdb	66.667	12	3	1	1	11	1	12	0.12	14.6
L1-14-2.5c2bL.pdb	L1-14-none.4m6nL.pdb	58.333	12	4	1	1	11	1	12	0.23	13.8
L1-14-2.5c2bL.pdb	L1-14-none.1aqkL.pdb	55.556	9	4	0	1	9	1	9	0.32	13.4
