L1-12-2.5dmgD.pdb	L1-12-2.4rzcL.pdb	75.000	12	3	0	1	12	1	12	0.003	18.5
L1-12-2.5dmgD.pdb	L1-12-2.4xcfL.pdb	66.667	12	4	0	1	12	1	12	0.015	16.3
L1-12-2.5dmgD.pdb	L1-12-2.2fx7L.pdb	66.667	12	4	0	1	12	1	12	0.015	16.3
L1-12-2.5dmgD.pdb	L1-12-2.5fuzL.pdb	58.333	12	5	0	1	12	1	12	0.028	15.9
L1-12-2.5dmgD.pdb	L1-12-2.1dn0C.pdb	70.000	10	3	0	3	12	3	12	0.042	15.1
L1-12-2.5dmgD.pdb	L1-12-2.5gryG.pdb	58.333	12	5	0	1	12	1	12	0.054	15.1
L1-12-2.5dmgD.pdb	L1-12-none.5dr5L.pdb	50.000	12	6	0	1	12	1	12	0.080	14.6
L1-12-2.5dmgD.pdb	L1-12-2.1rhhA.pdb	60.000	10	4	0	3	12	3	12	0.24	13.4
L1-12-2.5dmgD.pdb	L1-12-1.5i1kL.pdb	50.000	12	6	0	1	12	1	12	0.27	13.4
L1-12-2.5dmgD.pdb	L1-12-2.5bzdC.pdb	50.000	12	6	0	1	12	1	12	0.33	12.9
L1-12-2.5dmgD.pdb	L1-12-1.3w9eB.pdb	60.000	10	4	0	3	12	3	12	0.38	12.9
L1-12-2.5dmgD.pdb	L1-12-1.4ydlC.pdb	45.455	11	6	0	2	12	2	12	0.43	12.5
L1-12-2.5dmgD.pdb	L1-12-1.5k9jL.pdb	50.000	12	6	0	1	12	1	12	0.46	12.5
L1-12-2.5dmgD.pdb	L1-12-1.4hweL.pdb	41.667	12	7	0	1	12	1	12	0.62	12.1
L1-12-2.5dmgD.pdb	L1-12-2.4dn3L.pdb	50.000	12	6	0	1	12	1	12	0.72	12.1
L1-12-2.5dmgD.pdb	L1-12-1.5ibuL.pdb	50.000	12	6	0	1	12	1	12	0.79	12.1
L1-12-2.5dmgD.pdb	L1-12-1.3tclL.pdb	41.667	12	7	0	1	12	1	12	0.89	12.1
L1-12-2.5dmgD.pdb	L1-12-1.4qxgL.pdb	41.667	12	7	0	1	12	1	12	1.8	11.2
L1-12-2.5dmgD.pdb	L1-12-1.1iqdA.pdb	41.667	12	7	0	1	12	1	12	2.3	10.8
L1-12-2.5dmgD.pdb	L1-12-none.3eo0A.pdb	41.667	12	7	0	1	12	1	12	2.9	10.4
L1-12-2.5dmgD.pdb	L1-12-1.4xnyL.pdb	33.333	12	8	0	1	12	1	12	3.0	10.4
