H2-9-1.4pozD.pdb	H2-9-1.1nsnH.pdb	87.500	8	1	0	1	8	1	8	0.039	15.9
H2-9-1.4pozD.pdb	H2-9-1.4hs6B.pdb	66.667	9	3	0	1	9	1	9	0.078	15.1
H2-9-1.4pozD.pdb	H2-9-1.1f8tH.pdb	75.000	8	2	0	1	8	1	8	0.13	14.6
H2-9-1.4pozD.pdb	H2-9-1.1orsB.pdb	75.000	8	2	0	1	8	1	8	0.15	14.2
H2-9-1.4pozD.pdb	H2-9-1.3tnmA.pdb	66.667	9	3	0	1	9	1	9	0.17	14.2
H2-9-1.4pozD.pdb	H2-9-1.4kphH.pdb	55.556	9	4	0	1	9	1	9	0.18	14.2
H2-9-1.4pozD.pdb	H2-9-1.5bv7H.pdb	66.667	9	3	0	1	9	1	9	0.29	13.8
H2-9-1.4pozD.pdb	H2-9-1.1ndgB.pdb	44.444	9	5	0	1	9	1	9	0.31	13.8
H2-9-1.4pozD.pdb	H2-9-1.4lexH.pdb	55.556	9	4	0	1	9	1	9	0.36	13.4
H2-9-1.4pozD.pdb	H2-9-1.5e94D.pdb	71.429	7	2	0	1	7	1	7	0.42	13.4
H2-9-1.4pozD.pdb	H2-9-1.1kcvH.pdb	71.429	7	2	0	1	7	1	7	0.43	13.4
H2-9-1.4pozD.pdb	H2-9-1.3g5vB.pdb	62.500	8	3	0	1	8	1	8	0.50	13.4
H2-9-1.4pozD.pdb	H2-9-1.3cfdH.pdb	83.333	6	1	0	1	6	1	6	0.52	13.4
H2-9-1.4pozD.pdb	H2-9-1.1kcuH.pdb	62.500	8	3	0	1	8	1	8	0.52	13.4
H2-9-1.4pozD.pdb	H2-9-1.3leyH.pdb	83.333	6	1	0	1	6	1	6	0.62	12.9
H2-9-1.4pozD.pdb	H2-9-1.1ncwH.pdb	83.333	6	1	0	1	6	1	6	0.73	12.9
H2-9-1.4pozD.pdb	H2-9-1.2z92A.pdb	62.500	8	3	0	1	8	1	8	0.78	12.9
H2-9-1.4pozD.pdb	H2-9-1.3lexA.pdb	83.333	6	1	0	1	6	1	6	0.90	12.5
H2-9-1.4pozD.pdb	H2-9-1.1nakH.pdb	55.556	9	4	0	1	9	1	9	0.91	12.5
H2-9-1.4pozD.pdb	H2-9-1.5dmgE.pdb	55.556	9	4	0	1	9	1	9	0.94	12.5
H2-9-1.4pozD.pdb	H2-9-1.4lvnC.pdb	62.500	8	3	0	1	8	1	8	1.0	12.5
H2-9-1.4pozD.pdb	H2-9-1.5cp3H.pdb	62.500	8	3	0	1	8	1	8	1.0	12.5
H2-9-1.4pozD.pdb	H2-9-1.4nc2B.pdb	50.000	8	4	0	2	9	2	9	1.2	12.5
H2-9-1.4pozD.pdb	H2-9-1.5bmfH.pdb	83.333	6	1	0	1	6	1	6	1.2	12.5
H2-9-1.4pozD.pdb	H2-9-1.4r7dG.pdb	83.333	6	1	0	1	6	1	6	1.6	12.1
H2-9-1.4pozD.pdb	H2-9-1.3b2uC.pdb	62.500	8	3	0	1	8	1	8	1.9	11.7
H2-9-1.4pozD.pdb	H2-9-1.4npyH.pdb	62.500	8	3	0	1	8	1	8	2.0	11.7
H2-9-1.4pozD.pdb	H2-9-1.3mlyH.pdb	62.500	8	3	0	1	8	1	8	2.1	11.7
H2-9-1.4pozD.pdb	H2-9-1.2vxqH.pdb	55.556	9	4	0	1	9	1	9	2.1	11.7
H2-9-1.4pozD.pdb	H2-9-1.3g5yB.pdb	50.000	8	4	0	1	8	1	8	2.5	11.7
H2-9-1.4pozD.pdb	H2-9-1.4cdgD.pdb	50.000	8	4	0	2	9	2	9	7.1	10.4
H2-9-1.4pozD.pdb	H2-9-1.1f58H.pdb	66.667	6	2	0	1	6	1	6	7.7	10.4
H2-9-1.4pozD.pdb	H2-9-1.4orzC.pdb	80.000	5	1	0	2	6	2	6	13	10.0
H2-9-1.4pozD.pdb	H2-9-1.3ld8C.pdb	66.667	6	2	0	1	6	1	6	27	 9.1
