H2-9-1.43c9F.pdb	H2-9-1.1fnsH.pdb	66.667	9	3	0	1	9	1	9	0.015	17.2
H2-9-1.43c9F.pdb	H2-9-1.5d96C.pdb	66.667	9	3	0	1	9	1	9	0.025	16.3
H2-9-1.43c9F.pdb	H2-9-1.4edxB.pdb	55.556	9	4	0	1	9	1	9	0.032	16.3
H2-9-1.43c9F.pdb	H2-9-1.1kipB.pdb	55.556	9	4	0	1	9	1	9	0.036	15.9
H2-9-1.43c9F.pdb	H2-9-1.1a2yB.pdb	55.556	9	4	0	1	9	1	9	0.036	15.9
H2-9-1.43c9F.pdb	H2-9-1.4i77H.pdb	75.000	8	2	0	1	8	1	8	0.042	15.9
H2-9-1.43c9F.pdb	H2-9-1.3v6oC.pdb	75.000	8	2	0	1	8	1	8	0.077	15.1
H2-9-1.43c9F.pdb	H2-9-1.1t2qH.pdb	55.556	9	4	0	1	9	1	9	0.086	15.1
H2-9-1.43c9F.pdb	H2-9-1.5i30H.pdb	55.556	9	4	0	1	9	1	9	0.14	14.6
H2-9-1.43c9F.pdb	H2-9-1.3fo2H.pdb	55.556	9	4	0	1	9	1	9	0.21	14.2
H2-9-1.43c9F.pdb	H2-9-1.5th2B.pdb	44.444	9	5	0	1	9	1	9	0.24	13.8
H2-9-1.43c9F.pdb	H2-9-1.3b9kD.pdb	62.500	8	3	0	2	9	2	9	0.26	13.8
H2-9-1.43c9F.pdb	H2-9-1.1t4kB.pdb	62.500	8	3	0	1	8	1	8	0.28	13.8
H2-9-1.43c9F.pdb	H2-9-1.3zkmH.pdb	44.444	9	5	0	1	9	1	9	0.46	13.4
H2-9-1.43c9F.pdb	H2-9-1.1gigH.pdb	44.444	9	5	0	1	9	1	9	0.55	12.9
H2-9-1.43c9F.pdb	H2-9-1.4m1gH.pdb	50.000	8	4	0	1	8	1	8	0.78	12.9
H2-9-1.43c9F.pdb	H2-9-1.4rgoH.pdb	71.429	7	2	0	2	8	2	8	0.89	12.5
H2-9-1.43c9F.pdb	H2-9-1.3vfgH.pdb	66.667	6	2	0	1	6	1	6	1.2	12.5
H2-9-1.43c9F.pdb	H2-9-1.1nc2D.pdb	44.444	9	5	0	1	9	1	9	1.5	12.1
H2-9-1.43c9F.pdb	H2-9-1.2dquH.pdb	71.429	7	2	0	2	8	2	8	1.7	12.1
