L1-11-2.1ospL.pdb	L1-11-2.3rvvC.pdb	87.500	8	1	0	1	8	1	8	0.006	17.2
L1-11-2.1ospL.pdb	L1-11-2.4pljL.pdb	75.000	8	2	0	1	8	1	8	0.016	15.9
L1-11-2.1ospL.pdb	L1-11-2.1zanL.pdb	75.000	8	2	0	1	8	1	8	0.016	15.9
L1-11-2.1ospL.pdb	L1-11-2.3qpxL.pdb	62.500	8	3	0	1	8	1	8	0.038	15.1
L1-11-2.1ospL.pdb	L1-11-2.1mamL.pdb	62.500	8	3	0	1	8	1	8	0.044	14.6
L1-11-2.1ospL.pdb	L1-11-2.5dfwH.pdb	71.429	7	2	0	1	7	1	7	0.047	14.6
L1-11-2.1ospL.pdb	L1-11-2.4aehL.pdb	71.429	7	2	0	1	7	1	7	0.047	14.6
L1-11-2.1ospL.pdb	L1-11-2.4ht1L.pdb	62.500	8	3	0	1	8	1	8	0.054	14.6
L1-11-2.1ospL.pdb	L1-11-2.1hi6A.pdb	75.000	8	2	0	1	8	1	8	0.056	14.6
L1-11-2.1ospL.pdb	L1-11-2.3rkdC.pdb	75.000	8	2	0	1	8	1	8	0.076	14.2
L1-11-2.1ospL.pdb	L1-11-2.1d6vL.pdb	75.000	8	2	0	1	8	1	8	0.077	14.2
L1-11-2.1ospL.pdb	L1-11-2.1axsL.pdb	75.000	8	2	0	1	8	1	8	0.077	14.2
L1-11-2.1ospL.pdb	L1-11-2.2ypvL.pdb	62.500	8	3	0	1	8	1	8	0.12	13.8
L1-11-2.1ospL.pdb	L1-11-2.1uj3A.pdb	75.000	8	2	0	1	8	1	8	0.14	13.4
L1-11-2.1ospL.pdb	L1-11-2.3lizL.pdb	83.333	6	1	0	1	6	1	6	0.21	12.9
L1-11-2.1ospL.pdb	L1-11-2.1fgnL.pdb	83.333	6	1	0	1	6	1	6	0.23	12.9
L1-11-2.1ospL.pdb	L1-11-2.5az2L.pdb	83.333	6	1	0	1	6	1	6	0.23	12.9
L1-11-2.1ospL.pdb	L1-11-2.1a0qL.pdb	83.333	6	1	0	1	6	1	6	0.25	12.9
L1-11-2.1ospL.pdb	L1-11-2.4yr6E.pdb	50.000	8	4	0	1	8	1	8	0.35	12.5
L1-11-2.1ospL.pdb	L1-11-2.5dtfL.pdb	83.333	6	1	0	1	6	1	6	0.50	12.1
L1-11-2.1ospL.pdb	L1-11-2.5kanL.pdb	66.667	6	2	0	1	6	1	6	0.55	12.1
L1-11-2.1ospL.pdb	L1-11-2.1jfqL.pdb	50.000	8	4	0	1	8	1	8	0.57	12.1
L1-11-2.1ospL.pdb	L1-11-2.1e4xL.pdb	66.667	6	2	0	1	6	1	6	0.64	12.1
L1-11-2.1ospL.pdb	L1-11-2.4odvL.pdb	66.667	6	2	0	1	6	1	6	0.64	12.1
L1-11-2.1ospL.pdb	L1-11-2.3esuF.pdb	66.667	6	2	0	1	6	1	6	0.64	12.1
L1-11-2.1ospL.pdb	L1-11-2.1bz7A.pdb	66.667	6	2	0	1	6	1	6	0.68	12.1
L1-11-2.1ospL.pdb	L1-11-2.1ikfL.pdb	66.667	6	2	0	1	6	1	6	0.69	12.1
L1-11-2.1ospL.pdb	L1-11-2.4uinL.pdb	66.667	6	2	0	1	6	1	6	0.72	12.1
L1-11-2.1ospL.pdb	L1-11-2.2xknA.pdb	66.667	6	2	0	1	6	1	6	0.72	12.1
L1-11-2.1ospL.pdb	L1-11-2.1fgvL.pdb	66.667	6	2	0	1	6	1	6	0.72	12.1
L1-11-2.1ospL.pdb	L1-11-2.2e27L.pdb	66.667	6	2	0	1	6	1	6	0.72	12.1
L1-11-2.1ospL.pdb	L1-11-2.3u9pL.pdb	50.000	8	4	0	1	8	1	8	1.2	11.2
L1-11-2.1ospL.pdb	L1-11-2.1r0aL.pdb	71.429	7	2	0	2	8	2	8	1.2	11.2
L1-11-2.1ospL.pdb	L1-11-2.1b0wB.pdb	66.667	6	2	0	1	6	1	6	1.3	11.2
L1-11-2.1ospL.pdb	L1-11-2.1fnsL.pdb	80.000	5	1	0	2	6	2	6	1.4	11.2
L1-11-2.1ospL.pdb	L1-11-2.1k6qL.pdb	75.000	8	2	0	1	8	1	8	1.8	10.8
L1-11-2.1ospL.pdb	L1-11-2.1jptL.pdb	62.500	8	3	0	1	8	1	8	5.0	10.0
