L1-11-1.3vg9B.pdb	L1-11-1.3j8wJ.pdb	87.500	8	1	0	1	8	1	8	0.063	15.1
L1-11-1.3vg9B.pdb	L1-11-1.2j88L.pdb	87.500	8	1	0	1	8	1	8	0.063	15.1
L1-11-1.3vg9B.pdb	L1-11-1.3dsfL.pdb	87.500	8	1	0	1	8	1	8	0.069	15.1
L1-11-1.3vg9B.pdb	L1-11-1.2cmrL.pdb	85.714	7	1	0	1	7	1	7	0.14	14.2
L1-11-1.3vg9B.pdb	L1-11-1.4x80L.pdb	75.000	8	2	0	1	8	1	8	0.17	14.2
L1-11-1.3vg9B.pdb	L1-11-1.4g3yL.pdb	66.667	9	3	0	1	9	1	9	0.20	13.8
L1-11-1.3vg9B.pdb	L1-11-1.1kb5L.pdb	75.000	8	2	0	1	8	1	8	0.46	13.4
L1-11-1.3vg9B.pdb	L1-11-1.2vxvL.pdb	66.667	9	3	0	1	9	1	9	0.64	12.9
L1-11-1.3vg9B.pdb	L1-11-1.4g5zL.pdb	66.667	9	3	0	1	9	1	9	1.4	12.1
L1-11-1.3vg9B.pdb	L1-11-1.2ny1C.pdb	62.500	8	3	0	1	8	1	8	1.7	12.1
L1-11-1.3vg9B.pdb	L1-11-1.4lmqL.pdb	83.333	6	1	0	1	6	1	6	1.7	11.7
L1-11-1.3vg9B.pdb	L1-11-1.1yjdL.pdb	57.143	7	3	0	1	7	1	7	2.3	11.7
L1-11-1.3vg9B.pdb	L1-11-1.4qthB.pdb	66.667	9	3	0	1	9	1	9	4.5	10.8
L1-11-1.3vg9B.pdb	L1-11-1.4liqL.pdb	100.000	4	0	0	1	4	1	4	7.2	10.4
