L3-11-1.5azeL.pdb	L3-11-1.4d9lM.pdb	72.727	11	3	0	1	11	1	11	0.008	17.2
L3-11-1.5azeL.pdb	L3-11-1.4tscL.pdb	72.727	11	3	0	1	11	1	11	0.021	16.3
L3-11-1.5azeL.pdb	L3-11-1.4q2zB.pdb	72.727	11	3	0	1	11	1	11	0.023	16.3
L3-11-1.5azeL.pdb	L3-11-1.4ttdL.pdb	63.636	11	4	0	1	11	1	11	0.068	15.1
L3-11-1.5azeL.pdb	L3-11-1.4tsbL.pdb	63.636	11	4	0	1	11	1	11	0.068	15.1
L3-11-1.5azeL.pdb	L3-11-1.4xvjL.pdb	60.000	10	4	0	2	11	2	11	0.11	14.2
L3-11-1.5azeL.pdb	L3-11-1.4o5lL.pdb	60.000	10	4	0	2	11	2	11	0.16	13.8
L3-11-1.5azeL.pdb	L3-11-none.2jb5L.pdb	54.545	11	5	0	1	11	1	11	0.61	12.5
L3-11-1.5azeL.pdb	L3-11-none.4aizA.pdb	63.636	11	4	0	1	11	1	11	0.66	12.5
L3-11-1.5azeL.pdb	L3-11-1.2yk1L.pdb	60.000	10	4	0	2	11	2	11	1.3	11.7
L3-11-1.5azeL.pdb	L3-11-1.5alcL.pdb	62.500	8	3	0	2	9	2	9	2.2	11.2
L3-11-1.5azeL.pdb	L3-11-none.4m6nL.pdb	50.000	10	5	0	2	11	2	11	5.5	10.4
L3-11-1.5azeL.pdb	L3-11-none.4k3dL.pdb	71.429	7	2	0	4	10	5	11	7.1	10.0
L3-11-1.5azeL.pdb	L3-11-1.4hk0D.pdb	54.545	11	5	0	1	11	1	11	11	 9.5
L3-11-1.5azeL.pdb	L3-11-1.4fqiL.pdb	44.444	9	5	0	2	10	3	11	30	 8.3
L3-11-1.5azeL.pdb	L3-11-1.1bjmB.pdb	50.000	10	4	1	2	10	2	11	59	 7.4
