L1-13-1.5fcuL.pdb	L1-13-1.4osuL.pdb	84.615	13	2	0	1	13	1	13	1.47e-04	22.3
L1-13-1.5fcuL.pdb	L1-13-1.2xzcL.pdb	84.615	13	2	0	1	13	1	13	6.32e-04	20.6
L1-13-1.5fcuL.pdb	L1-13-none.4ocsL.pdb	84.615	13	2	0	1	13	1	13	0.001	20.2
L1-13-1.5fcuL.pdb	L1-13-1.2a9mL.pdb	76.923	13	3	0	1	13	1	13	0.001	20.2
L1-13-1.5fcuL.pdb	L1-13-1.2xwtB.pdb	76.923	13	3	0	1	13	1	13	0.001	19.7
L1-13-1.5fcuL.pdb	L1-13-1.4m1dM.pdb	83.333	12	2	0	1	12	1	12	0.001	19.7
L1-13-1.5fcuL.pdb	L1-13-1.4od1L.pdb	76.923	13	3	0	1	13	1	13	0.002	19.7
L1-13-1.5fcuL.pdb	L1-13-1.4fqjL.pdb	83.333	12	2	0	1	12	1	12	0.002	19.3
L1-13-1.5fcuL.pdb	L1-13-1.5adoL.pdb	83.333	12	2	0	1	12	1	12	0.002	19.3
L1-13-1.5fcuL.pdb	L1-13-1.4k3dL.pdb	76.923	13	3	0	1	13	1	13	0.002	18.9
L1-13-1.5fcuL.pdb	L1-13-1.5alcL.pdb	69.231	13	4	0	1	13	1	13	0.003	18.9
L1-13-1.5fcuL.pdb	L1-13-1.4ocrL.pdb	76.923	13	3	0	1	13	1	13	0.003	18.9
L1-13-1.5fcuL.pdb	L1-13-none.4od3L.pdb	69.231	13	4	0	1	13	1	13	0.005	18.5
L1-13-1.5fcuL.pdb	L1-13-1.5dt1L.pdb	61.538	13	5	0	1	13	1	13	0.006	18.0
L1-13-1.5fcuL.pdb	L1-13-1.4xvjL.pdb	69.231	13	4	0	1	13	1	13	0.007	18.0
L1-13-1.5fcuL.pdb	L1-13-1.2fb4L.pdb	75.000	12	3	0	1	12	1	12	0.013	17.2
L1-13-1.5fcuL.pdb	L1-13-1.3mlwL.pdb	66.667	12	4	0	1	12	1	12	0.014	17.2
L1-13-1.5fcuL.pdb	L1-13-1.3mlyM.pdb	76.923	13	3	0	1	13	1	13	0.017	16.8
L1-13-1.5fcuL.pdb	L1-13-1.1rzfL.pdb	76.923	13	3	0	1	13	1	13	0.017	16.8
L1-13-1.5fcuL.pdb	L1-13-1.3thmL.pdb	88.889	9	1	0	1	9	1	9	0.019	16.8
L1-13-1.5fcuL.pdb	L1-13-1.2b1hL.pdb	58.333	12	5	0	1	12	1	12	0.038	15.9
L1-13-1.5fcuL.pdb	L1-13-1.1bjmB.pdb	69.231	13	4	0	1	13	1	13	0.039	15.9
L1-13-1.5fcuL.pdb	L1-13-1.4buhA.pdb	69.231	13	4	0	1	13	1	13	0.039	15.9
L1-13-1.5fcuL.pdb	L1-13-1.3g04A.pdb	61.538	13	5	0	1	13	1	13	0.050	15.5
L1-13-1.5fcuL.pdb	L1-13-1.3tjeL.pdb	77.778	9	2	0	1	9	1	9	0.066	15.1
L1-13-1.5fcuL.pdb	L1-13-1.4yjzL.pdb	66.667	12	4	0	1	12	1	12	0.073	15.1
L1-13-1.5fcuL.pdb	L1-13-1.5j75B.pdb	61.538	13	5	0	1	13	1	13	0.074	15.1
L1-13-1.5fcuL.pdb	L1-13-1.4gxvL.pdb	100.000	8	0	0	1	8	1	8	0.076	15.1
L1-13-1.5fcuL.pdb	L1-13-2.4yo0B.pdb	54.545	11	5	0	3	13	3	13	0.077	15.1
L1-13-1.5fcuL.pdb	L1-13-1.4q2zL.pdb	87.500	8	1	0	1	8	1	8	0.13	14.6
L1-13-1.5fcuL.pdb	L1-13-1.4o5lL.pdb	61.538	13	5	0	1	13	1	13	0.16	14.2
L1-13-1.5fcuL.pdb	L1-13-1.5cgyD.pdb	61.538	13	5	0	1	13	1	13	0.16	14.2
L1-13-1.5fcuL.pdb	L1-13-2.1pewA.pdb	60.000	10	4	0	3	12	3	12	0.20	13.8
L1-13-1.5fcuL.pdb	L1-13-2.1cd0B.pdb	60.000	10	4	0	3	12	3	12	0.21	13.8
L1-13-1.5fcuL.pdb	L1-13-1.2rheA.pdb	41.667	12	7	0	1	12	1	12	0.51	12.9
L1-13-1.5fcuL.pdb	L1-13-1.3t0vA.pdb	85.714	7	1	0	1	7	1	7	1.0	12.1
L1-13-1.5fcuL.pdb	L1-13-2.3b5gB.pdb	50.000	10	5	0	3	12	3	12	1.4	11.7
L1-13-1.5fcuL.pdb	L1-13-2.3h0tA.pdb	50.000	10	5	0	3	12	3	12	3.2	10.8
L1-13-1.5fcuL.pdb	L1-13-2.4hpoL.pdb	40.000	10	6	0	3	12	3	12	5.3	10.4
L1-13-1.5fcuL.pdb	L1-13-2.5hi4D.pdb	40.000	10	6	0	3	12	3	12	14	 9.1
L1-13-1.5fcuL.pdb	L1-13-1.3npsC.pdb	66.667	6	2	0	8	13	8	13	38	 7.9
L1-13-1.5fcuL.pdb	L1-13-1.2yk1L.pdb	60.000	5	2	0	8	12	8	12	130	 6.6
