L1-11-2.4r7dL.pdb	L1-11-2.4rgmB.pdb	77.778	9	2	0	1	9	1	9	0.012	16.3
L1-11-2.4r7dL.pdb	L1-11-2.4n9gL.pdb	66.667	9	3	0	1	9	1	9	0.018	15.5
L1-11-2.4r7dL.pdb	L1-11-2.4uinL.pdb	66.667	9	3	0	1	9	1	9	0.038	15.1
L1-11-2.4r7dL.pdb	L1-11-2.4g6mL.pdb	66.667	9	3	0	1	9	1	9	0.038	15.1
L1-11-2.4r7dL.pdb	L1-11-2.2xknA.pdb	66.667	9	3	0	1	9	1	9	0.038	15.1
L1-11-2.4r7dL.pdb	L1-11-2.2rcsL.pdb	66.667	9	3	0	1	9	1	9	0.065	14.2
L1-11-2.4r7dL.pdb	L1-11-2.1um5L.pdb	66.667	9	3	0	1	9	1	9	0.065	14.2
L1-11-2.4r7dL.pdb	L1-11-2.1b0wB.pdb	66.667	9	3	0	1	9	1	9	0.069	14.2
L1-11-2.4r7dL.pdb	L1-11-2.4k2uM.pdb	55.556	9	4	0	1	9	1	9	0.095	13.8
L1-11-2.4r7dL.pdb	L1-11-2.1e4xL.pdb	66.667	9	3	0	1	9	1	9	0.13	13.4
L1-11-2.4r7dL.pdb	L1-11-2.3u0wL.pdb	62.500	8	3	0	2	9	2	9	0.17	13.4
L1-11-2.4r7dL.pdb	L1-11-2.1jfqL.pdb	62.500	8	3	0	1	8	1	8	0.17	13.4
L1-11-2.4r7dL.pdb	L1-11-2.1jhlL.pdb	75.000	8	2	0	1	8	1	8	0.18	13.4
L1-11-2.4r7dL.pdb	L1-11-2.1bz7A.pdb	55.556	9	4	0	1	9	1	9	0.18	13.4
L1-11-2.4r7dL.pdb	L1-11-2.4odvL.pdb	55.556	9	4	0	1	9	1	9	0.19	13.4
L1-11-2.4r7dL.pdb	L1-11-2.3esuF.pdb	55.556	9	4	0	1	9	1	9	0.19	13.4
L1-11-2.4r7dL.pdb	L1-11-2.1gafL.pdb	55.556	9	4	0	1	9	1	9	0.19	13.4
L1-11-2.4r7dL.pdb	L1-11-2.5kanL.pdb	85.714	7	1	0	1	7	1	7	0.20	12.9
L1-11-2.4r7dL.pdb	L1-11-2.4d3cL.pdb	62.500	8	3	0	1	8	1	8	0.23	12.9
L1-11-2.4r7dL.pdb	L1-11-2.1c5cL.pdb	55.556	9	4	0	1	9	1	9	0.23	12.9
L1-11-2.4r7dL.pdb	L1-11-2.2qqnL.pdb	55.556	9	4	0	1	9	1	9	0.33	12.5
L1-11-2.4r7dL.pdb	L1-11-2.4jo4M.pdb	44.444	9	5	0	1	9	1	9	0.34	12.5
L1-11-2.4r7dL.pdb	L1-11-2.1emtL.pdb	62.500	8	3	0	2	9	2	9	0.42	12.5
L1-11-2.4r7dL.pdb	L1-11-2.5fhaL.pdb	44.444	9	5	0	1	9	1	9	0.45	12.5
L1-11-2.4r7dL.pdb	L1-11-2.3t3pL.pdb	55.556	9	4	0	1	9	1	9	0.60	12.1
L1-11-2.4r7dL.pdb	L1-11-2.1r0aL.pdb	62.500	8	3	0	2	9	2	9	1.7	10.8
