L2-8-2.4osuL.pdb	L2-8-2.4lsuL.pdb	90.000	10	1	0	1	10	1	10	1.58e-04	20.2
L2-8-2.4osuL.pdb	L2-8-2.4p48A.pdb	70.000	10	3	0	1	10	1	10	6.13e-04	18.5
L2-8-2.4osuL.pdb	L2-8-2.4rnrD.pdb	80.000	10	2	0	1	10	1	10	6.51e-04	18.5
L2-8-2.4osuL.pdb	L2-8-2.4xvjL.pdb	70.000	10	3	0	1	10	1	10	0.001	18.0
L2-8-2.4osuL.pdb	L2-8-2.5dt1L.pdb	60.000	10	4	0	1	10	1	10	0.001	17.6
L2-8-2.4osuL.pdb	L2-8-2.2mmxA.pdb	60.000	10	4	0	1	10	1	10	0.002	17.6
L2-8-2.4osuL.pdb	L2-8-2.4p49A.pdb	60.000	10	4	0	1	10	1	10	0.005	16.3
L2-8-2.4osuL.pdb	L2-8-2.4glrK.pdb	70.000	10	3	0	1	10	1	10	0.005	16.3
L2-8-2.4osuL.pdb	L2-8-2.3go1L.pdb	60.000	10	4	0	1	10	1	10	0.006	15.9
L2-8-2.4osuL.pdb	L2-8-2.4fqiL.pdb	60.000	10	4	0	1	10	1	10	0.008	15.9
