H1-14-1.4m5yH.pdb	H1-14-1.4x7sH.pdb	88.889	9	1	0	1	9	1	9	0.001	17.2
H1-14-1.4m5yH.pdb	H1-14-1.4lkxA.pdb	77.778	9	2	0	1	9	1	9	0.003	15.9
H1-14-1.4m5yH.pdb	H1-14-1.5cp3H.pdb	66.667	9	3	0	1	9	1	9	0.005	15.5
H1-14-1.4m5yH.pdb	H1-14-1.3lexA.pdb	66.667	9	3	0	1	9	1	9	0.005	15.5
H1-14-1.4m5yH.pdb	H1-14-1.3g5yB.pdb	66.667	9	3	0	1	9	1	9	0.005	15.5
H1-14-1.4m5yH.pdb	H1-14-1.2z92A.pdb	66.667	9	3	0	1	9	1	9	0.005	15.5
H1-14-1.4m5yH.pdb	H1-14-1.1cf8H.pdb	66.667	9	3	0	1	9	1	9	0.005	15.5
H1-14-1.4m5yH.pdb	H1-14-1.3cx5J.pdb	75.000	8	2	0	2	9	2	9	0.008	15.1
H1-14-1.4m5yH.pdb	H1-14-1.2ajuH.pdb	55.556	9	4	0	1	9	1	9	0.008	15.1
H1-14-1.4m5yH.pdb	H1-14-1.4ztpH.pdb	50.000	8	4	0	2	9	2	9	4.6	 8.3
