H1-13-5.5j1sC.pdb	H1-13-5.3ezjD.pdb	77.778	9	2	0	1	9	1	9	0.006	15.5
H1-13-5.5j1sC.pdb	H1-13-5.5f7lB.pdb	66.667	9	3	0	1	9	1	9	0.008	15.1
H1-13-5.5j1sC.pdb	H1-13-5.1sjxA.pdb	75.000	8	2	0	2	9	2	9	0.011	14.6
H1-13-5.5j1sC.pdb	H1-13-5.4x7fD.pdb	66.667	9	3	0	1	9	1	9	0.027	13.8
H1-13-5.5j1sC.pdb	H1-13-5.5bopA.pdb	75.000	8	2	0	1	8	1	8	0.065	12.9
H1-13-5.5j1sC.pdb	H1-13-5.4b50A.pdb	75.000	8	2	0	1	8	1	8	0.11	12.5
H1-13-5.5j1sC.pdb	H1-13-5.3tpkA.pdb	62.500	8	3	0	1	8	1	8	0.17	11.7
H1-13-5.5j1sC.pdb	H1-13-5.4zg1D.pdb	55.556	9	4	0	1	9	1	9	0.19	11.7
H1-13-5.5j1sC.pdb	H1-13-5.1zvhA.pdb	66.667	9	3	0	1	9	1	9	0.20	11.7
H1-13-5.5j1sC.pdb	H1-13-5.4wemB.pdb	66.667	6	2	0	1	6	1	6	0.44	10.8
H1-13-5.5j1sC.pdb	H1-13-5.4idlA.pdb	62.500	8	3	0	2	9	2	9	0.51	10.8
H1-13-5.5j1sC.pdb	H1-13-5.4dkaA.pdb	55.556	9	4	0	1	9	1	9	0.57	10.8
H1-13-5.5j1sC.pdb	H1-13-5.1mvfA.pdb	62.500	8	3	0	1	8	1	8	0.70	10.4
H1-13-5.5j1sC.pdb	H1-13-5.1zvyA.pdb	55.556	9	4	0	1	9	1	9	1.6	 9.5
