H1-13-5.3ezjD.pdb	H1-13-5.5f7lB.pdb	77.778	9	2	0	1	9	1	9	0.004	15.9
H1-13-5.3ezjD.pdb	H1-13-5.5j1sC.pdb	77.778	9	2	0	1	9	1	9	0.005	15.5
H1-13-5.3ezjD.pdb	H1-13-5.4zg1D.pdb	77.778	9	2	0	1	9	1	9	0.008	14.6
H1-13-5.3ezjD.pdb	H1-13-5.1sjxA.pdb	75.000	8	2	0	2	9	2	9	0.009	14.6
H1-13-5.3ezjD.pdb	H1-13-5.4b50A.pdb	77.778	9	2	0	1	9	1	9	0.020	13.8
H1-13-5.3ezjD.pdb	H1-13-5.4wenB.pdb	77.778	9	2	0	1	9	1	9	0.026	13.8
H1-13-5.3ezjD.pdb	H1-13-5.5bopA.pdb	66.667	9	3	0	1	9	1	9	0.036	13.4
H1-13-5.3ezjD.pdb	H1-13-5.1zvhA.pdb	77.778	9	2	0	1	9	1	9	0.099	12.1
H1-13-5.3ezjD.pdb	H1-13-5.4x7fD.pdb	66.667	9	3	0	1	9	1	9	0.12	12.1
H1-13-5.3ezjD.pdb	H1-13-5.3tpkA.pdb	62.500	8	3	0	1	8	1	8	0.25	11.2
H1-13-5.3ezjD.pdb	H1-13-5.1mvfA.pdb	62.500	8	3	0	1	8	1	8	0.38	10.8
H1-13-5.3ezjD.pdb	H1-13-5.4dkaA.pdb	55.556	9	4	0	1	9	1	9	0.60	10.4
