H1-15-1.3l5xH.pdb	H1-15-1.4ps4H.pdb	93.333	15	1	0	1	15	1	15	9.38e-07	28.2
H1-15-1.3l5xH.pdb	H1-15-1.3mbxH.pdb	100.000	13	0	0	3	15	3	15	3.40e-06	26.5
H1-15-1.3l5xH.pdb	H1-15-1.1jrhH.pdb	92.308	13	1	0	3	15	3	15	8.64e-06	25.7
H1-15-1.3l5xH.pdb	H1-15-1.1ggiH.pdb	100.000	12	0	0	3	14	3	14	1.17e-05	25.2
H1-15-1.3l5xH.pdb	H1-15-none.2iqaB.pdb	73.333	15	4	0	1	15	1	15	9.31e-05	23.1
H1-15-1.3l5xH.pdb	H1-15-1.3qrgH.pdb	85.714	14	2	0	1	14	1	14	1.19e-04	22.7
H1-15-1.3l5xH.pdb	H1-15-1.3qwoH.pdb	80.000	15	3	0	1	15	1	15	1.27e-04	22.7
H1-15-1.3l5xH.pdb	H1-15-1.2hwzH.pdb	80.000	15	3	0	1	15	1	15	1.35e-04	22.7
H1-15-1.3l5xH.pdb	H1-15-1.3qq9D.pdb	91.667	12	1	0	3	14	3	14	2.47e-04	21.8
H1-15-1.3l5xH.pdb	H1-15-1.3iflH.pdb	84.615	13	2	0	3	15	3	15	2.84e-04	21.8
H1-15-1.3l5xH.pdb	H1-15-1.3idgB.pdb	76.923	13	3	0	3	15	3	15	4.51e-04	21.0
H1-15-1.3l5xH.pdb	H1-15-1.4x0kH.pdb	71.429	14	4	0	1	14	1	14	4.72e-04	21.0
H1-15-1.3l5xH.pdb	H1-15-1.1r0aH.pdb	78.571	14	3	0	1	14	1	14	7.07e-04	20.6
H1-15-1.3l5xH.pdb	H1-15-1.4yr6D.pdb	83.333	12	2	0	3	14	3	14	0.001	20.2
H1-15-1.3l5xH.pdb	H1-15-1.3qhzH.pdb	83.333	12	2	0	3	14	3	14	0.001	20.2
H1-15-1.3l5xH.pdb	H1-15-1.5a16C.pdb	76.923	13	3	0	3	15	3	15	0.001	20.2
H1-15-1.3l5xH.pdb	H1-15-1.2agjH.pdb	73.333	15	4	0	1	15	1	15	0.001	20.2
H1-15-1.3l5xH.pdb	H1-15-none.3aazA.pdb	64.286	14	5	0	1	14	1	14	0.022	16.8
H1-15-1.3l5xH.pdb	H1-15-1.4f37H.pdb	66.667	12	4	0	3	14	3	14	0.041	15.9
H1-15-1.3l5xH.pdb	H1-15-1.1ai1H.pdb	71.429	7	2	0	2	8	2	8	0.53	12.9
H1-15-1.3l5xH.pdb	H1-15-none.3tjeH.pdb	66.667	9	3	0	1	9	1	9	0.94	12.1
H1-15-1.3l5xH.pdb	H1-15-1.5bv7H.pdb	66.667	9	3	0	1	9	1	9	0.97	12.1
H1-15-1.3l5xH.pdb	H1-15-1.3b2uJ.pdb	66.667	9	3	0	1	9	1	9	1.5	11.7
H1-15-1.3l5xH.pdb	H1-15-none.5sx5H.pdb	66.667	9	3	0	1	9	1	9	2.2	11.2
H1-15-1.3l5xH.pdb	H1-15-1.3twcH.pdb	100.000	4	0	0	1	4	1	4	8.1	 9.5
H1-15-1.3l5xH.pdb	H1-15-1.2vq1F.pdb	50.000	6	3	0	10	15	10	15	18	 8.7
H1-15-1.3l5xH.pdb	H1-15-none.3tnmH.pdb	100.000	3	0	0	1	3	1	3	110	 6.6
