L1-11-2.5kanL.pdb	L1-11-2.4uinL.pdb	77.778	9	2	0	1	9	1	9	0.008	16.3
L1-11-2.5kanL.pdb	L1-11-2.4g6mL.pdb	77.778	9	2	0	1	9	1	9	0.008	16.3
L1-11-2.5kanL.pdb	L1-11-2.2xknA.pdb	77.778	9	2	0	1	9	1	9	0.008	16.3
L1-11-2.5kanL.pdb	L1-11-2.5az2L.pdb	55.556	9	4	0	1	9	1	9	0.012	16.3
L1-11-2.5kanL.pdb	L1-11-2.1fgvL.pdb	66.667	9	3	0	1	9	1	9	0.019	15.5
L1-11-2.5kanL.pdb	L1-11-2.1jfqL.pdb	66.667	9	3	0	1	9	1	9	0.019	15.5
L1-11-2.5kanL.pdb	L1-11-2.1bz7A.pdb	66.667	9	3	0	1	9	1	9	0.021	15.5
L1-11-2.5kanL.pdb	L1-11-2.4k2uM.pdb	66.667	9	3	0	1	9	1	9	0.021	15.5
L1-11-2.5kanL.pdb	L1-11-2.1a0qL.pdb	55.556	9	4	0	1	9	1	9	0.021	15.5
L1-11-2.5kanL.pdb	L1-11-2.2rcsL.pdb	66.667	9	3	0	1	9	1	9	0.029	15.1
L1-11-2.5kanL.pdb	L1-11-2.1um5L.pdb	66.667	9	3	0	1	9	1	9	0.029	15.1
L1-11-2.5kanL.pdb	L1-11-2.1r0aL.pdb	66.667	9	3	0	1	9	1	9	0.034	15.1
L1-11-2.5kanL.pdb	L1-11-2.1mamL.pdb	66.667	9	3	0	1	9	1	9	0.035	15.1
L1-11-2.5kanL.pdb	L1-11-2.1axsL.pdb	55.556	9	4	0	1	9	1	9	0.035	15.1
L1-11-2.5kanL.pdb	L1-11-2.4rgmB.pdb	85.714	7	1	0	1	7	1	7	0.037	15.1
L1-11-2.5kanL.pdb	L1-11-2.1hi6A.pdb	55.556	9	4	0	1	9	1	9	0.037	15.1
L1-11-2.5kanL.pdb	L1-11-2.3lizL.pdb	55.556	9	4	0	1	9	1	9	0.038	14.6
L1-11-2.5kanL.pdb	L1-11-2.1emtL.pdb	75.000	8	2	0	2	9	2	9	0.043	14.6
L1-11-2.5kanL.pdb	L1-11-2.4n9gL.pdb	66.667	9	3	0	1	9	1	9	0.046	14.6
L1-11-2.5kanL.pdb	L1-11-2.4odvL.pdb	100.000	6	0	0	1	6	1	6	0.050	14.6
L1-11-2.5kanL.pdb	L1-11-2.5dtfL.pdb	55.556	9	4	0	1	9	1	9	0.059	14.2
L1-11-2.5kanL.pdb	L1-11-2.3rvvC.pdb	55.556	9	4	0	1	9	1	9	0.063	14.2
L1-11-2.5kanL.pdb	L1-11-2.1uj3A.pdb	55.556	9	4	0	1	9	1	9	0.068	14.2
L1-11-2.5kanL.pdb	L1-11-2.1gafL.pdb	55.556	9	4	0	1	9	1	9	0.070	14.2
L1-11-2.5kanL.pdb	L1-11-2.1c5cL.pdb	55.556	9	4	0	1	9	1	9	0.084	13.8
L1-11-2.5kanL.pdb	L1-11-2.1ncbL.pdb	71.429	7	2	0	1	7	1	7	0.094	13.8
L1-11-2.5kanL.pdb	L1-11-2.3i75A.pdb	44.444	9	5	0	1	9	1	9	0.096	13.8
L1-11-2.5kanL.pdb	L1-11-2.2ypvL.pdb	55.556	9	4	0	1	9	1	9	0.11	13.8
L1-11-2.5kanL.pdb	L1-11-2.1zanL.pdb	83.333	6	1	0	1	6	1	6	0.14	13.4
L1-11-2.5kanL.pdb	L1-11-2.4r7dL.pdb	85.714	7	1	0	1	7	1	7	0.20	12.9
L1-11-2.5kanL.pdb	L1-11-2.3g5yA.pdb	71.429	7	2	0	1	7	1	7	0.23	12.9
L1-11-2.5kanL.pdb	L1-11-2.3u0wL.pdb	62.500	8	3	0	2	9	2	9	0.29	12.9
L1-11-2.5kanL.pdb	L1-11-2.3t3pL.pdb	71.429	7	2	0	1	7	1	7	0.35	12.5
L1-11-2.5kanL.pdb	L1-11-2.1jhlL.pdb	55.556	9	4	0	1	9	1	9	0.35	12.5
L1-11-2.5kanL.pdb	L1-11-2.1jptL.pdb	55.556	9	4	0	1	9	1	9	0.36	12.5
L1-11-2.5kanL.pdb	L1-11-2.2qqnL.pdb	55.556	9	4	0	1	9	1	9	0.46	12.5
L1-11-2.5kanL.pdb	L1-11-2.3cviL.pdb	66.667	6	2	0	1	6	1	6	0.49	12.1
L1-11-2.5kanL.pdb	L1-11-2.1ospL.pdb	66.667	6	2	0	1	6	1	6	0.52	12.1
L1-11-2.5kanL.pdb	L1-11-2.3g5vA.pdb	57.143	7	3	0	1	7	1	7	0.63	12.1
L1-11-2.5kanL.pdb	L1-11-2.1k6qL.pdb	44.444	9	5	0	1	9	1	9	0.95	11.7
L1-11-2.5kanL.pdb	L1-11-2.4jo4M.pdb	44.444	9	5	0	1	9	1	9	1.1	11.2
L1-11-2.5kanL.pdb	L1-11-2.5fhaL.pdb	44.444	9	5	0	1	9	1	9	2.0	10.8
