L3-11-1.4yjzL.pdb	L3-11-1.4fqjL.pdb	63.636	11	4	0	1	11	1	11	0.003	18.9
L3-11-1.4yjzL.pdb	L3-11-1.4eowL.pdb	63.636	11	4	0	1	11	1	11	0.003	18.9
L3-11-1.4yjzL.pdb	L3-11-1.3n9gL.pdb	63.636	11	4	0	1	11	1	11	0.004	18.5
L3-11-1.4yjzL.pdb	L3-11-1.4o5lL.pdb	63.636	11	4	0	1	11	1	11	0.009	17.2
L3-11-1.4yjzL.pdb	L3-11-1.4n0yL.pdb	54.545	11	5	0	1	11	1	11	0.009	17.2
L3-11-1.4yjzL.pdb	L3-11-1.3t0vA.pdb	60.000	10	4	0	2	11	2	11	0.013	16.8
L3-11-1.4yjzL.pdb	L3-11-1.2yk1L.pdb	54.545	11	5	0	1	11	1	11	0.014	16.8
L3-11-1.4yjzL.pdb	L3-11-1.4xvjL.pdb	63.636	11	4	0	1	11	1	11	0.021	16.3
L3-11-1.4yjzL.pdb	L3-11-1.1rzfL.pdb	54.545	11	5	0	1	11	1	11	0.035	15.9
L3-11-1.4yjzL.pdb	L3-11-1.2fb4L.pdb	63.636	11	4	0	1	11	1	11	0.044	15.5
L3-11-1.4yjzL.pdb	L3-11-1.2a9mM.pdb	55.556	9	4	0	1	9	1	9	0.045	15.5
L3-11-1.4yjzL.pdb	L3-11-1.5fcuL.pdb	45.455	11	6	0	1	11	1	11	0.067	15.1
L3-11-1.4yjzL.pdb	L3-11-1.1bjmB.pdb	62.500	8	3	0	1	8	1	8	0.067	15.1
L3-11-1.4yjzL.pdb	L3-11-1.5alcL.pdb	62.500	8	3	0	1	8	1	8	0.17	13.8
L3-11-1.4yjzL.pdb	L3-11-1.3g04A.pdb	36.364	11	7	0	1	11	1	11	0.18	13.8
