L1-14-2.4f58M.pdb	L1-14-2.4h8wL.pdb	85.714	14	2	0	1	14	1	14	5.58e-06	26.1
L1-14-2.4f58M.pdb	L1-14-2.4ravB.pdb	71.429	14	4	0	1	14	1	14	3.65e-05	24.0
L1-14-2.4f58M.pdb	L1-14-2.5c2bL.pdb	71.429	14	4	0	1	14	1	14	4.85e-05	23.5
L1-14-2.4f58M.pdb	L1-14-2.4unuA.pdb	78.571	14	3	0	1	14	1	14	5.14e-05	23.5
L1-14-2.4f58M.pdb	L1-14-none.4nikB.pdb	71.429	14	4	0	1	14	1	14	1.17e-04	22.7
L1-14-2.4f58M.pdb	L1-14-2.3gjfL.pdb	71.429	14	4	0	1	14	1	14	1.48e-04	22.3
L1-14-2.4f58M.pdb	L1-14-2.5cckL.pdb	71.429	14	4	0	1	14	1	14	1.74e-04	22.3
L1-14-2.4f58M.pdb	L1-14-2.1dclB.pdb	71.429	14	4	0	1	14	1	14	1.76e-04	22.3
L1-14-2.4f58M.pdb	L1-14-2.2omnB.pdb	71.429	14	4	0	1	14	1	14	1.98e-04	22.3
L1-14-2.4f58M.pdb	L1-14-2.2jb5L.pdb	71.429	14	4	0	1	14	1	14	2.63e-04	21.8
L1-14-2.4f58M.pdb	L1-14-2.4rnrB.pdb	69.231	13	4	0	2	14	2	14	3.77e-04	21.4
L1-14-2.4f58M.pdb	L1-14-2.4y5vE.pdb	71.429	14	4	0	1	14	1	14	4.44e-04	21.0
L1-14-2.4f58M.pdb	L1-14-2.5awnL.pdb	64.286	14	5	0	1	14	1	14	4.99e-04	21.0
L1-14-2.4f58M.pdb	L1-14-2.5f6iC.pdb	71.429	14	4	0	1	14	1	14	6.44e-04	20.6
L1-14-2.4f58M.pdb	L1-14-none.4ut7L.pdb	64.286	14	5	0	1	14	1	14	0.001	20.2
L1-14-2.4f58M.pdb	L1-14-none.3gheL.pdb	64.286	14	5	0	1	14	1	14	0.001	19.7
L1-14-2.4f58M.pdb	L1-14-none.1jvkB.pdb	64.286	14	5	0	1	14	1	14	0.001	19.7
L1-14-2.4f58M.pdb	L1-14-2.5f6hN.pdb	64.286	14	5	0	1	14	1	14	0.002	19.3
L1-14-2.4f58M.pdb	L1-14-2.4dqoL.pdb	61.538	13	5	0	2	14	2	14	0.007	18.0
L1-14-2.4f58M.pdb	L1-14-2.4uu9L.pdb	57.143	14	6	0	1	14	1	14	0.008	18.0
L1-14-2.4f58M.pdb	L1-14-2.3lrsB.pdb	61.538	13	5	0	2	14	2	14	0.008	17.6
L1-14-2.4f58M.pdb	L1-14-2.3u2sB.pdb	61.538	13	5	0	2	14	2	14	0.009	17.6
L1-14-2.4f58M.pdb	L1-14-2.4yaqB.pdb	61.538	13	5	0	2	14	2	14	0.010	17.6
