H1-14-1.5cp3H.pdb	H1-14-1.2z92A.pdb	92.857	14	1	0	1	14	1	14	2.69e-07	29.1
H1-14-1.5cp3H.pdb	H1-14-1.1cf8H.pdb	85.714	14	2	0	1	14	1	14	1.16e-06	27.4
H1-14-1.5cp3H.pdb	H1-14-1.4lvnC.pdb	85.714	14	2	0	1	14	1	14	2.77e-06	26.5
H1-14-1.5cp3H.pdb	H1-14-none.4r7dI.pdb	78.571	14	3	0	1	14	1	14	3.04e-06	26.1
H1-14-1.5cp3H.pdb	H1-14-1.4x7sH.pdb	78.571	14	3	0	1	14	1	14	3.95e-06	26.1
H1-14-1.5cp3H.pdb	H1-14-none.5e94B.pdb	85.714	14	2	0	1	14	1	14	4.14e-06	26.1
H1-14-1.5cp3H.pdb	H1-14-1.3g5yB.pdb	78.571	14	3	0	1	14	1	14	4.24e-06	25.7
H1-14-1.5cp3H.pdb	H1-14-none.3qg6H.pdb	78.571	14	3	0	1	14	1	14	5.57e-06	25.7
H1-14-1.5cp3H.pdb	H1-14-1.4mauH.pdb	71.429	14	4	0	1	14	1	14	9.48e-06	24.8
H1-14-1.5cp3H.pdb	H1-14-none.1ncwH.pdb	71.429	14	4	0	1	14	1	14	9.48e-06	24.8
H1-14-1.5cp3H.pdb	H1-14-1.3lexA.pdb	84.615	13	2	0	1	13	1	13	1.05e-05	24.8
H1-14-1.5cp3H.pdb	H1-14-1.1orsB.pdb	71.429	14	4	0	1	14	1	14	1.23e-05	24.8
H1-14-1.5cp3H.pdb	H1-14-1.4lkxA.pdb	71.429	14	4	0	1	14	1	14	1.47e-05	24.4
H1-14-1.5cp3H.pdb	H1-14-1.3cx5J.pdb	78.571	14	3	0	1	14	1	14	1.50e-05	24.4
H1-14-1.5cp3H.pdb	H1-14-none.4ocxH.pdb	71.429	14	4	0	1	14	1	14	1.56e-05	24.4
H1-14-1.5cp3H.pdb	H1-14-1.1kcvH.pdb	71.429	14	4	0	1	14	1	14	2.04e-05	24.0
H1-14-1.5cp3H.pdb	H1-14-1.2ajuH.pdb	76.923	13	3	0	1	13	1	13	3.63e-05	23.5
H1-14-1.5cp3H.pdb	H1-14-1.5e2wH.pdb	71.429	14	4	0	1	14	1	14	5.48e-05	23.1
H1-14-1.5cp3H.pdb	H1-14-1.3leyH.pdb	64.286	14	5	0	1	14	1	14	7.71e-05	22.7
H1-14-1.5cp3H.pdb	H1-14-none.2xzcH.pdb	69.231	13	4	0	1	13	1	13	2.57e-04	21.4
H1-14-1.5cp3H.pdb	H1-14-1.4m5yH.pdb	61.538	13	5	0	1	13	1	13	0.001	19.3
