H1-15-1.3ulsB.pdb	H1-15-1.3h0tB.pdb	100.000	14	0	0	1	14	1	14	3.50e-06	26.5
H1-15-1.3ulsB.pdb	H1-15-1.5k9jH.pdb	84.615	13	2	0	2	14	2	14	5.28e-05	23.5
H1-15-1.3ulsB.pdb	H1-15-1.5jw5H.pdb	78.571	14	3	0	1	14	1	14	1.28e-04	22.7
H1-15-1.3ulsB.pdb	H1-15-1.3tv3H.pdb	46.667	15	8	0	1	15	1	15	0.11	14.6
H1-15-1.3ulsB.pdb	H1-15-none.5sx5H.pdb	50.000	14	7	0	1	14	1	14	0.11	14.6
H1-15-1.3ulsB.pdb	H1-15-none.4rnrA.pdb	35.714	14	9	0	2	15	2	15	0.11	14.6
H1-15-1.3ulsB.pdb	H1-15-1.3twcH.pdb	40.000	15	9	0	1	15	1	15	0.20	13.8
H1-15-1.3ulsB.pdb	H1-15-1.3b2uJ.pdb	42.857	14	8	0	1	14	1	14	0.32	13.4
H1-15-1.3ulsB.pdb	H1-15-none.3tjeH.pdb	54.545	11	5	0	1	11	1	11	0.40	13.4
H1-15-1.3ulsB.pdb	H1-15-1.5bv7H.pdb	42.857	14	8	0	1	14	1	14	0.41	12.9
H1-15-1.3ulsB.pdb	H1-15-1.3qhzH.pdb	83.333	6	1	0	3	8	10	15	12	 9.1
H1-15-1.3ulsB.pdb	H1-15-1.2hwzH.pdb	80.000	5	1	0	3	7	10	14	28	 8.3
H1-15-1.3ulsB.pdb	H1-15-1.3iflH.pdb	80.000	5	1	0	3	7	10	14	29	 8.3
H1-15-1.3ulsB.pdb	H1-15-1.3qq9D.pdb	66.667	6	2	0	3	8	10	15	41	 7.9
H1-15-1.3ulsB.pdb	H1-15-none.3tnmH.pdb	42.857	14	8	0	1	14	1	14	537	 4.5
