L1-13-1.5j75B.pdb	L1-13-1.3mlyM.pdb	83.333	12	2	0	1	12	1	12	0.002	19.7
L1-13-1.5j75B.pdb	L1-13-none.4od3L.pdb	91.667	12	1	0	1	12	1	12	0.002	18.9
L1-13-1.5j75B.pdb	L1-13-1.1rzfL.pdb	83.333	12	2	0	1	12	1	12	0.003	18.9
L1-13-1.5j75B.pdb	L1-13-1.4m1dM.pdb	83.333	12	2	0	1	12	1	12	0.004	18.5
L1-13-1.5j75B.pdb	L1-13-1.5adoL.pdb	83.333	12	2	0	1	12	1	12	0.004	18.5
L1-13-1.5j75B.pdb	L1-13-1.2xzcL.pdb	83.333	12	2	0	1	12	1	12	0.005	18.5
L1-13-1.5j75B.pdb	L1-13-1.3lrgB.pdb	76.923	13	3	0	1	13	1	13	0.005	18.5
L1-13-1.5j75B.pdb	L1-13-1.4buhA.pdb	76.923	13	3	0	1	13	1	13	0.005	18.0
L1-13-1.5j75B.pdb	L1-13-1.2a9mL.pdb	83.333	12	2	0	1	12	1	12	0.007	18.0
L1-13-1.5j75B.pdb	L1-13-1.3g04A.pdb	76.923	13	3	0	1	13	1	13	0.007	18.0
L1-13-1.5j75B.pdb	L1-13-none.4ocsL.pdb	75.000	12	3	0	1	12	1	12	0.008	17.6
L1-13-1.5j75B.pdb	L1-13-1.3gbnL.pdb	75.000	12	3	0	1	12	1	12	0.008	17.6
L1-13-1.5j75B.pdb	L1-13-1.4fqjL.pdb	69.231	13	4	0	1	13	1	13	0.011	17.2
L1-13-1.5j75B.pdb	L1-13-1.4od1L.pdb	83.333	12	2	0	1	12	1	12	0.012	17.2
L1-13-1.5j75B.pdb	L1-13-1.5alcL.pdb	75.000	12	3	0	1	12	1	12	0.013	17.2
L1-13-1.5j75B.pdb	L1-13-1.1bjmB.pdb	75.000	12	3	0	1	12	1	12	0.013	17.2
L1-13-1.5j75B.pdb	L1-13-1.4ocrL.pdb	75.000	12	3	0	1	12	1	12	0.016	16.8
L1-13-1.5j75B.pdb	L1-13-1.4osuL.pdb	75.000	12	3	0	1	12	1	12	0.017	16.8
L1-13-1.5j75B.pdb	L1-13-1.2fb4L.pdb	61.538	13	5	0	1	13	1	13	0.018	16.8
L1-13-1.5j75B.pdb	L1-13-1.5cgyD.pdb	69.231	13	4	0	1	13	1	13	0.019	16.8
L1-13-1.5j75B.pdb	L1-13-1.2xwtB.pdb	61.538	13	5	0	1	13	1	13	0.027	16.3
L1-13-1.5j75B.pdb	L1-13-1.4fqiL.pdb	69.231	13	4	0	1	13	1	13	0.035	15.9
L1-13-1.5j75B.pdb	L1-13-1.3mlwL.pdb	66.667	12	4	0	1	12	1	12	0.054	15.5
L1-13-1.5j75B.pdb	L1-13-1.5dt1L.pdb	75.000	12	3	0	1	12	1	12	0.065	15.5
L1-13-1.5j75B.pdb	L1-13-1.4q2zL.pdb	53.846	13	6	0	1	13	1	13	0.069	15.1
L1-13-1.5j75B.pdb	L1-13-1.5fcuL.pdb	61.538	13	5	0	1	13	1	13	0.076	15.1
L1-13-1.5j75B.pdb	L1-13-1.2rheA.pdb	50.000	12	6	0	1	12	1	12	0.077	15.1
L1-13-1.5j75B.pdb	L1-13-1.3thmL.pdb	61.538	13	5	0	1	13	1	13	0.081	15.1
L1-13-1.5j75B.pdb	L1-13-1.3t0vA.pdb	58.333	12	5	0	1	12	1	12	0.089	15.1
L1-13-1.5j75B.pdb	L1-13-1.2b1hL.pdb	53.846	13	6	0	1	13	1	13	0.089	15.1
L1-13-1.5j75B.pdb	L1-13-1.4k3dL.pdb	61.538	13	5	0	1	13	1	13	0.091	15.1
L1-13-1.5j75B.pdb	L1-13-1.3tjeL.pdb	53.846	13	6	0	1	13	1	13	0.28	13.8
L1-13-1.5j75B.pdb	L1-13-2.4yo0B.pdb	63.636	11	4	0	3	13	3	13	0.49	12.9
L1-13-1.5j75B.pdb	L1-13-1.3n9gL.pdb	60.000	5	2	0	9	13	9	13	191	 6.2
L1-13-1.5j75B.pdb	L1-13-1.3qhzM.pdb	50.000	6	3	0	8	13	8	13	669	 4.5
L1-13-1.5j75B.pdb	L1-13-1.2yk1L.pdb	57.143	7	3	0	7	13	7	13	1198	 4.0
L1-13-1.5j75B.pdb	L1-13-1.4eowL.pdb	62.500	8	3	0	6	13	6	13	1392	 3.6
L1-13-1.5j75B.pdb	L1-13-1.3npsC.pdb	57.143	7	3	0	7	13	7	13	1671	 3.6
