L1-10-1.1pskL.pdb	L1-10-1.4kaqL.pdb	87.500	8	1	0	2	9	2	9	0.063	13.4
L1-10-1.1pskL.pdb	L1-10-1.4ebqL.pdb	77.778	9	2	0	1	9	1	9	0.12	12.9
L1-10-1.1pskL.pdb	L1-10-1.2w9dL.pdb	77.778	9	2	0	1	9	1	9	0.12	12.9
L1-10-1.1pskL.pdb	L1-10-1.1sy6L.pdb	77.778	9	2	0	1	9	1	9	0.12	12.9
L1-10-1.1pskL.pdb	L1-10-1.1cloL.pdb	75.000	8	2	0	2	9	2	9	0.13	12.9
L1-10-1.1pskL.pdb	L1-10-1.2z92B.pdb	77.778	9	2	0	1	9	1	9	0.14	12.5
L1-10-1.1pskL.pdb	L1-10-1.4ffvL.pdb	75.000	8	2	0	2	9	2	9	0.15	12.5
L1-10-1.1pskL.pdb	L1-10-1.1mhpL.pdb	66.667	9	3	0	1	9	1	9	0.16	12.5
L1-10-1.1pskL.pdb	L1-10-1.2fbjL.pdb	77.778	9	2	0	1	9	1	9	0.18	12.5
L1-10-1.1pskL.pdb	L1-10-1.4ki5D.pdb	66.667	9	3	0	1	9	1	9	0.24	12.1
L1-10-1.1pskL.pdb	L1-10-1.4c83B.pdb	66.667	9	3	0	1	9	1	9	0.32	11.7
L1-10-1.1pskL.pdb	L1-10-1.4kphL.pdb	66.667	9	3	0	1	9	1	9	0.36	11.7
L1-10-1.1pskL.pdb	L1-10-1.1yqvL.pdb	66.667	9	3	0	1	9	1	9	0.36	11.7
L1-10-1.1pskL.pdb	L1-10-1.1a6tC.pdb	66.667	9	3	0	1	9	1	9	0.38	11.7
L1-10-1.1pskL.pdb	L1-10-1.3nfsL.pdb	66.667	9	3	0	1	9	1	9	0.41	11.7
L1-10-1.1pskL.pdb	L1-10-1.4ag4L.pdb	85.714	7	1	0	1	7	1	7	0.64	11.2
L1-10-1.1pskL.pdb	L1-10-1.2b2xL.pdb	55.556	9	4	0	1	9	1	9	0.65	11.2
L1-10-1.1pskL.pdb	L1-10-1.1forL.pdb	55.556	9	4	0	1	9	1	9	0.68	11.2
L1-10-1.1pskL.pdb	L1-10-1.2j4wL.pdb	62.500	8	3	0	2	9	2	9	0.71	11.2
L1-10-1.1pskL.pdb	L1-10-1.4qnpF.pdb	62.500	8	3	0	2	9	2	9	0.96	10.8
L1-10-1.1pskL.pdb	L1-10-1.4kucD.pdb	62.500	8	3	0	2	9	2	9	0.99	10.8
L1-10-1.1pskL.pdb	L1-10-1.1mimL.pdb	66.667	9	3	0	1	9	1	9	1.5	10.4
L1-10-1.1pskL.pdb	L1-10-1.1eo8L.pdb	55.556	9	4	0	1	9	1	9	1.5	10.4
L1-10-1.1pskL.pdb	L1-10-1.4hxaL.pdb	55.556	9	4	0	1	9	1	9	1.7	10.0
