L1-16-1.4lqfL.pdb	L1-16-1.1dbbL.pdb	93.750	16	1	0	1	16	1	16	5.68e-08	32.9
L1-16-1.4lqfL.pdb	L1-16-1.1dlfL.pdb	87.500	16	2	0	1	16	1	16	1.40e-07	31.6
L1-16-1.4lqfL.pdb	L1-16-1.5jueL.pdb	87.500	16	2	0	1	16	1	16	3.14e-07	30.8
L1-16-1.4lqfL.pdb	L1-16-1.1mnuL.pdb	81.250	16	3	0	1	16	1	16	3.33e-07	30.8
L1-16-1.4lqfL.pdb	L1-16-1.1ynlL.pdb	81.250	16	3	0	1	16	1	16	3.41e-07	30.8
L1-16-1.4lqfL.pdb	L1-16-1.4trpL.pdb	87.500	16	2	0	1	16	1	16	3.70e-07	30.8
L1-16-1.4lqfL.pdb	L1-16-1.1qfuL.pdb	81.250	16	3	0	1	16	1	16	4.22e-07	30.3
L1-16-1.4lqfL.pdb	L1-16-1.2d03L.pdb	81.250	16	3	0	1	16	1	16	5.41e-07	30.3
L1-16-1.4lqfL.pdb	L1-16-1.1t2qL.pdb	81.250	16	3	0	1	16	1	16	5.41e-07	30.3
L1-16-1.4lqfL.pdb	L1-16-1.1makA.pdb	81.250	16	3	0	1	16	1	16	6.46e-07	29.9
L1-16-1.4lqfL.pdb	L1-16-1.1rmfL.pdb	81.250	16	3	0	1	16	1	16	6.77e-07	29.9
L1-16-1.4lqfL.pdb	L1-16-1.1x9qA.pdb	81.250	16	3	0	1	16	1	16	6.85e-07	29.9
L1-16-1.4lqfL.pdb	L1-16-1.3mckL.pdb	86.667	15	2	0	1	15	1	15	7.99e-07	29.9
L1-16-1.4lqfL.pdb	L1-16-1.3hr5A.pdb	81.250	16	3	0	1	16	1	16	8.57e-07	29.9
L1-16-1.4lqfL.pdb	L1-16-none.2vq1A.pdb	75.000	16	4	0	1	16	1	16	1.17e-06	29.5
L1-16-1.4lqfL.pdb	L1-16-1.5drxL.pdb	75.000	16	4	0	1	16	1	16	1.24e-06	29.5
L1-16-1.4lqfL.pdb	L1-16-1.4xxdA.pdb	75.000	16	4	0	1	16	1	16	1.89e-06	28.6
L1-16-1.4lqfL.pdb	L1-16-1.3fo2A.pdb	75.000	16	4	0	1	16	1	16	1.98e-06	28.6
L1-16-1.4lqfL.pdb	L1-16-1.1lmkC.pdb	81.250	16	3	0	1	16	1	16	2.57e-06	28.6
L1-16-1.4lqfL.pdb	L1-16-1.3qg6A.pdb	75.000	16	4	0	1	16	1	16	2.76e-06	28.2
L1-16-1.4lqfL.pdb	L1-16-1.1dsfL.pdb	68.750	16	5	0	1	16	1	16	2.89e-06	28.2
L1-16-1.4lqfL.pdb	L1-16-1.3fo1A.pdb	80.000	15	3	0	1	15	1	15	3.18e-06	28.2
L1-16-1.4lqfL.pdb	L1-16-1.3jauL.pdb	80.000	15	3	0	1	15	1	15	3.29e-06	28.2
L1-16-1.4lqfL.pdb	L1-16-1.3ifoB.pdb	80.000	15	3	0	1	15	1	15	3.97e-06	28.2
L1-16-1.4lqfL.pdb	L1-16-1.5aumL.pdb	81.250	16	3	0	1	16	1	16	4.12e-06	27.8
L1-16-1.4lqfL.pdb	L1-16-1.4fabL.pdb	75.000	16	4	0	1	16	1	16	4.17e-06	27.8
L1-16-1.4lqfL.pdb	L1-16-1.3qcuL.pdb	80.000	15	3	0	2	16	2	16	5.66e-06	27.8
L1-16-1.4lqfL.pdb	L1-16-none.1nakM.pdb	81.250	16	3	0	1	16	1	16	5.72e-06	27.8
L1-16-1.4lqfL.pdb	L1-16-1.2uylX.pdb	73.333	15	4	0	1	15	1	15	6.00e-06	27.4
L1-16-1.4lqfL.pdb	L1-16-1.2g60L.pdb	73.333	15	4	0	1	15	1	15	6.22e-06	27.4
L1-16-1.4lqfL.pdb	L1-16-1.2jelL.pdb	80.000	15	3	0	1	15	1	15	6.91e-06	27.4
L1-16-1.4lqfL.pdb	L1-16-1.1lo4L.pdb	73.333	15	4	0	1	15	1	15	7.07e-06	27.4
L1-16-1.4lqfL.pdb	L1-16-1.1mieL.pdb	75.000	16	4	0	1	16	1	16	7.77e-06	27.4
L1-16-1.4lqfL.pdb	L1-16-1.3utzA.pdb	73.333	15	4	0	1	15	1	15	8.64e-06	26.9
L1-16-1.4lqfL.pdb	L1-16-1.2pcpC.pdb	73.333	15	4	0	1	15	1	15	1.01e-05	26.9
L1-16-1.4lqfL.pdb	L1-16-1.1mjuL.pdb	75.000	16	4	0	1	16	1	16	1.07e-05	26.9
L1-16-1.4lqfL.pdb	L1-16-1.1i9jL.pdb	73.333	15	4	0	1	15	1	15	1.11e-05	26.9
L1-16-1.4lqfL.pdb	L1-16-1.1q72L.pdb	75.000	16	4	0	1	16	1	16	1.14e-05	26.9
L1-16-1.4lqfL.pdb	L1-16-1.3gkwL.pdb	73.333	15	4	0	1	15	1	15	1.17e-05	26.9
L1-16-1.4lqfL.pdb	L1-16-1.3bkjL.pdb	73.333	15	4	0	1	15	1	15	1.26e-05	26.5
L1-16-1.4lqfL.pdb	L1-16-none.3fo9A.pdb	68.750	16	5	0	1	16	1	16	1.48e-05	26.5
L1-16-1.4lqfL.pdb	L1-16-1.1n4xM.pdb	73.333	15	4	0	1	15	1	15	1.50e-05	26.5
L1-16-1.4lqfL.pdb	L1-16-1.5epmF.pdb	73.333	15	4	0	1	15	1	15	1.59e-05	26.5
L1-16-1.4lqfL.pdb	L1-16-1.4whtB.pdb	68.750	16	5	0	1	16	1	16	1.65e-05	26.5
L1-16-1.4lqfL.pdb	L1-16-1.4hcrN.pdb	68.750	16	5	0	1	16	1	16	1.69e-05	26.5
L1-16-1.4lqfL.pdb	L1-16-1.2dquL.pdb	62.500	16	6	0	1	16	1	16	1.81e-05	26.1
L1-16-1.4lqfL.pdb	L1-16-1.5kn5B.pdb	73.333	15	4	0	1	15	1	15	1.90e-05	26.1
L1-16-1.4lqfL.pdb	L1-16-1.4lriB.pdb	80.000	15	3	0	1	15	1	15	1.92e-05	26.1
L1-16-1.4lqfL.pdb	L1-16-1.1kelL.pdb	73.333	15	4	0	1	15	1	15	1.94e-05	26.1
L1-16-1.4lqfL.pdb	L1-16-1.1lo0X.pdb	78.571	14	3	0	2	15	2	15	2.29e-05	26.1
L1-16-1.4lqfL.pdb	L1-16-1.5iwlA.pdb	73.333	15	4	0	1	15	1	15	2.31e-05	26.1
L1-16-1.4lqfL.pdb	L1-16-1.4f37L.pdb	73.333	15	4	0	1	15	1	15	2.72e-05	25.7
L1-16-1.4lqfL.pdb	L1-16-1.4ygvB.pdb	66.667	15	5	0	1	15	1	15	2.79e-05	25.7
L1-16-1.4lqfL.pdb	L1-16-1.4uv7L.pdb	73.333	15	4	0	1	15	1	15	3.29e-05	25.7
L1-16-1.4lqfL.pdb	L1-16-1.1f3dL.pdb	66.667	15	5	0	1	15	1	15	3.40e-05	25.7
L1-16-1.4lqfL.pdb	L1-16-1.1gpoL.pdb	66.667	15	5	0	1	15	1	15	3.48e-05	25.7
L1-16-1.4lqfL.pdb	L1-16-none.5chnB.pdb	62.500	16	6	0	1	16	1	16	3.78e-05	25.7
L1-16-1.4lqfL.pdb	L1-16-1.4jn2L.pdb	62.500	16	6	0	1	16	1	16	3.91e-05	25.2
L1-16-1.4lqfL.pdb	L1-16-none.1ucbL.pdb	73.333	15	4	0	1	15	1	15	4.35e-05	25.2
L1-16-1.4lqfL.pdb	L1-16-1.3qehB.pdb	80.000	15	3	0	1	15	1	15	4.56e-05	25.2
L1-16-1.4lqfL.pdb	L1-16-none.5dlmL.pdb	66.667	15	5	0	1	15	1	15	4.77e-05	25.2
L1-16-1.4lqfL.pdb	L1-16-none.4fz8L.pdb	73.333	15	4	0	1	15	1	15	6.24e-05	24.8
L1-16-1.4lqfL.pdb	L1-16-1.3gnmL.pdb	66.667	15	5	0	1	15	1	15	6.47e-05	24.8
L1-16-1.4lqfL.pdb	L1-16-1.1ad9L.pdb	62.500	16	6	0	1	16	1	16	6.62e-05	24.8
L1-16-1.4lqfL.pdb	L1-16-1.3nz8L.pdb	66.667	15	5	0	1	15	1	15	6.70e-05	24.8
L1-16-1.4lqfL.pdb	L1-16-1.4m7jL.pdb	73.333	15	4	0	1	15	1	15	7.01e-05	24.8
L1-16-1.4lqfL.pdb	L1-16-1.3vw3L.pdb	66.667	15	5	0	1	15	1	15	7.61e-05	24.8
L1-16-1.4lqfL.pdb	L1-16-1.1yejL.pdb	62.500	16	6	0	1	16	1	16	7.97e-05	24.8
L1-16-1.4lqfL.pdb	L1-16-1.3pp4L.pdb	68.750	16	5	0	1	16	1	16	8.85e-05	24.4
L1-16-1.4lqfL.pdb	L1-16-1.1yeeL.pdb	66.667	15	5	0	1	15	1	15	1.28e-04	24.0
L1-16-1.4lqfL.pdb	L1-16-1.1wt5C.pdb	66.667	15	5	0	1	15	1	15	1.38e-04	24.0
L1-16-1.4lqfL.pdb	L1-16-1.4dtgL.pdb	56.250	16	7	0	1	16	1	16	1.58e-04	24.0
L1-16-1.4lqfL.pdb	L1-16-1.3ggwA.pdb	62.500	16	6	0	1	16	1	16	1.68e-04	24.0
L1-16-1.4lqfL.pdb	L1-16-1.4pb0L.pdb	56.250	16	7	0	1	16	1	16	1.95e-04	23.5
L1-16-1.4lqfL.pdb	L1-16-1.1f8tL.pdb	66.667	15	5	0	2	16	2	16	2.19e-04	23.5
L1-16-1.4lqfL.pdb	L1-16-1.1cr9L.pdb	60.000	15	6	0	1	15	1	15	2.35e-04	23.5
L1-16-1.4lqfL.pdb	L1-16-1.3cfbL.pdb	62.500	16	6	0	1	16	1	16	2.49e-04	23.1
L1-16-1.4lqfL.pdb	L1-16-1.2a77L.pdb	60.000	15	6	0	1	15	1	15	2.96e-04	23.1
L1-16-1.4lqfL.pdb	L1-16-1.1uz8A.pdb	62.500	16	6	0	1	16	1	16	3.28e-04	23.1
L1-16-1.4lqfL.pdb	L1-16-1.3o6kL.pdb	50.000	16	8	0	1	16	1	16	4.33e-04	22.7
L1-16-1.4lqfL.pdb	L1-16-1.3u0tA.pdb	50.000	16	8	0	1	16	1	16	6.27e-04	22.3
L1-16-1.4lqfL.pdb	L1-16-1.2g2rA.pdb	62.500	16	6	0	1	16	1	16	7.45e-04	21.8
L1-16-1.4lqfL.pdb	L1-16-1.1ncwL.pdb	50.000	16	8	0	1	16	1	16	7.62e-04	21.8
L1-16-1.4lqfL.pdb	L1-16-1.2ajvL.pdb	56.250	16	7	0	1	16	1	16	7.89e-04	21.8
L1-16-1.4lqfL.pdb	L1-16-1.5dyoB.pdb	56.250	16	7	0	1	16	1	16	7.98e-04	21.8
L1-16-1.4lqfL.pdb	L1-16-1.4xmlL.pdb	53.333	15	7	0	1	15	1	15	0.001	21.4
L1-16-1.4lqfL.pdb	L1-16-1.5ewiL.pdb	62.500	16	6	0	1	16	1	16	0.002	21.0
L1-16-1.4lqfL.pdb	L1-16-none.1cfvL.pdb	62.500	16	6	0	1	16	1	16	0.003	20.6
L1-16-1.4lqfL.pdb	L1-16-none.5bmfL.pdb	60.000	15	6	0	1	15	1	15	0.003	20.6
L1-16-1.4lqfL.pdb	L1-16-1.1igfL.pdb	46.667	15	8	0	1	15	1	15	0.003	20.2
L1-16-1.4lqfL.pdb	L1-16-1.4nujA.pdb	56.250	16	7	0	1	16	1	16	0.004	20.2
L1-16-1.4lqfL.pdb	L1-16-1.2imnA.pdb	46.667	15	8	0	1	15	1	15	0.004	20.2
L1-16-1.4lqfL.pdb	L1-16-1.4nugL.pdb	50.000	16	8	0	1	16	1	16	0.010	18.9
L1-16-1.4lqfL.pdb	L1-16-1.3m8oL.pdb	53.333	15	7	0	1	15	1	15	0.021	18.0
L1-16-1.4lqfL.pdb	L1-16-1.3u1sL.pdb	46.667	15	8	0	1	15	1	15	0.035	17.6
L1-16-1.4lqfL.pdb	L1-16-1.1rurL.pdb	43.750	16	9	0	1	16	1	16	0.069	16.8
L1-16-1.4lqfL.pdb	L1-16-none.1l7tL.pdb	46.154	13	7	0	1	13	1	13	0.96	13.8
