L1-16-1.4trpL.pdb	L1-16-1.1dlfL.pdb	93.750	16	1	0	1	16	1	16	1.08e-07	32.0
L1-16-1.4trpL.pdb	L1-16-1.1dbbL.pdb	87.500	16	2	0	1	16	1	16	2.29e-07	31.2
L1-16-1.4trpL.pdb	L1-16-1.1qfuL.pdb	87.500	16	2	0	1	16	1	16	2.70e-07	31.2
L1-16-1.4trpL.pdb	L1-16-1.1mnuL.pdb	87.500	16	2	0	1	16	1	16	2.73e-07	31.2
L1-16-1.4trpL.pdb	L1-16-1.1ynlL.pdb	87.500	16	2	0	1	16	1	16	3.04e-07	30.8
L1-16-1.4trpL.pdb	L1-16-1.5aumL.pdb	87.500	16	2	0	1	16	1	16	3.63e-07	30.8
L1-16-1.4trpL.pdb	L1-16-1.1t2qL.pdb	87.500	16	2	0	1	16	1	16	4.39e-07	30.3
L1-16-1.4trpL.pdb	L1-16-1.1makA.pdb	87.500	16	2	0	1	16	1	16	4.55e-07	30.3
L1-16-1.4trpL.pdb	L1-16-1.3mckL.pdb	93.333	15	1	0	1	15	1	15	5.97e-07	29.9
L1-16-1.4trpL.pdb	L1-16-1.5jueL.pdb	87.500	16	2	0	1	16	1	16	6.18e-07	29.9
L1-16-1.4trpL.pdb	L1-16-1.3wbdA.pdb	87.500	16	2	0	1	16	1	16	6.48e-07	29.9
L1-16-1.4trpL.pdb	L1-16-1.1rmfL.pdb	87.500	16	2	0	1	16	1	16	7.04e-07	29.9
L1-16-1.4trpL.pdb	L1-16-1.3hr5A.pdb	87.500	16	2	0	1	16	1	16	7.21e-07	29.9
L1-16-1.4trpL.pdb	L1-16-1.1x9qA.pdb	87.500	16	2	0	1	16	1	16	7.56e-07	29.9
L1-16-1.4trpL.pdb	L1-16-1.5drxL.pdb	81.250	16	3	0	1	16	1	16	9.13e-07	29.5
L1-16-1.4trpL.pdb	L1-16-none.2vq1A.pdb	81.250	16	3	0	1	16	1	16	9.35e-07	29.5
L1-16-1.4trpL.pdb	L1-16-1.1pz5A.pdb	81.250	16	3	0	1	16	1	16	1.21e-06	29.5
L1-16-1.4trpL.pdb	L1-16-1.3fo1A.pdb	86.667	15	2	0	1	15	1	15	1.65e-06	29.1
L1-16-1.4trpL.pdb	L1-16-1.3jauL.pdb	86.667	15	2	0	1	15	1	15	1.77e-06	29.1
L1-16-1.4trpL.pdb	L1-16-1.3qcuL.pdb	86.667	15	2	0	2	16	2	16	1.83e-06	28.6
L1-16-1.4trpL.pdb	L1-16-1.4m7jL.pdb	86.667	15	2	0	1	15	1	15	1.88e-06	28.6
L1-16-1.4trpL.pdb	L1-16-1.1lmkC.pdb	87.500	16	2	0	1	16	1	16	2.09e-06	28.6
L1-16-1.4trpL.pdb	L1-16-1.3qg6A.pdb	81.250	16	3	0	1	16	1	16	2.97e-06	28.2
L1-16-1.4trpL.pdb	L1-16-1.2uylX.pdb	80.000	15	3	0	1	15	1	15	3.38e-06	28.2
L1-16-1.4trpL.pdb	L1-16-none.1nakM.pdb	81.250	16	3	0	1	16	1	16	3.85e-06	28.2
L1-16-1.4trpL.pdb	L1-16-1.2jelL.pdb	86.667	15	2	0	1	15	1	15	3.99e-06	27.8
L1-16-1.4trpL.pdb	L1-16-1.2pcpC.pdb	80.000	15	3	0	1	15	1	15	4.49e-06	27.8
L1-16-1.4trpL.pdb	L1-16-1.4fabL.pdb	81.250	16	3	0	1	16	1	16	5.11e-06	27.8
L1-16-1.4trpL.pdb	L1-16-1.2g60L.pdb	80.000	15	3	0	1	15	1	15	5.88e-06	27.4
L1-16-1.4trpL.pdb	L1-16-1.3gkwL.pdb	75.000	16	4	0	1	16	1	16	6.24e-06	27.4
L1-16-1.4trpL.pdb	L1-16-1.1n4xM.pdb	80.000	15	3	0	1	15	1	15	6.94e-06	27.4
L1-16-1.4trpL.pdb	L1-16-1.5epmF.pdb	80.000	15	3	0	1	15	1	15	7.36e-06	27.4
L1-16-1.4trpL.pdb	L1-16-1.2dquL.pdb	68.750	16	5	0	1	16	1	16	7.71e-06	27.4
L1-16-1.4trpL.pdb	L1-16-1.5kn5B.pdb	80.000	15	3	0	1	15	1	15	8.08e-06	27.4
L1-16-1.4trpL.pdb	L1-16-1.4xxdA.pdb	68.750	16	5	0	1	16	1	16	9.09e-06	26.9
L1-16-1.4trpL.pdb	L1-16-1.1kelL.pdb	80.000	15	3	0	1	15	1	15	1.01e-05	26.9
L1-16-1.4trpL.pdb	L1-16-none.3fo9A.pdb	75.000	16	4	0	1	16	1	16	1.05e-05	26.9
L1-16-1.4trpL.pdb	L1-16-1.5iwlA.pdb	80.000	15	3	0	1	15	1	15	1.20e-05	26.5
L1-16-1.4trpL.pdb	L1-16-1.1s3kL.pdb	80.000	15	3	0	1	15	1	15	1.22e-05	26.5
L1-16-1.4trpL.pdb	L1-16-1.3ifoB.pdb	73.333	15	4	0	1	15	1	15	1.31e-05	26.5
L1-16-1.4trpL.pdb	L1-16-1.4ygvB.pdb	73.333	15	4	0	1	15	1	15	1.40e-05	26.5
L1-16-1.4trpL.pdb	L1-16-1.1mieL.pdb	75.000	16	4	0	1	16	1	16	1.45e-05	26.5
L1-16-1.4trpL.pdb	L1-16-1.1lo4L.pdb	73.333	15	4	0	1	15	1	15	1.75e-05	26.1
L1-16-1.4trpL.pdb	L1-16-none.1ucbL.pdb	80.000	15	3	0	1	15	1	15	2.02e-05	26.1
L1-16-1.4trpL.pdb	L1-16-1.1mjuL.pdb	75.000	16	4	0	1	16	1	16	2.02e-05	26.1
L1-16-1.4trpL.pdb	L1-16-none.5dlmL.pdb	73.333	15	4	0	1	15	1	15	2.04e-05	26.1
L1-16-1.4trpL.pdb	L1-16-1.1gpoL.pdb	68.750	16	5	0	1	16	1	16	2.24e-05	26.1
L1-16-1.4trpL.pdb	L1-16-1.1q72L.pdb	75.000	16	4	0	1	16	1	16	2.27e-05	26.1
L1-16-1.4trpL.pdb	L1-16-1.3gnmL.pdb	73.333	15	4	0	1	15	1	15	2.64e-05	25.7
L1-16-1.4trpL.pdb	L1-16-1.4whtB.pdb	68.750	16	5	0	1	16	1	16	2.87e-05	25.7
L1-16-1.4trpL.pdb	L1-16-1.3nz8L.pdb	68.750	16	5	0	1	16	1	16	3.07e-05	25.7
L1-16-1.4trpL.pdb	L1-16-1.4f37L.pdb	73.333	15	4	0	1	15	1	15	3.18e-05	25.7
L1-16-1.4trpL.pdb	L1-16-1.1lo0X.pdb	78.571	14	3	0	2	15	2	15	3.71e-05	25.2
L1-16-1.4trpL.pdb	L1-16-1.3vw3L.pdb	73.333	15	4	0	1	15	1	15	4.31e-05	25.2
L1-16-1.4trpL.pdb	L1-16-1.4uv7L.pdb	73.333	15	4	0	1	15	1	15	4.63e-05	25.2
L1-16-1.4trpL.pdb	L1-16-1.4lciL.pdb	68.750	16	5	0	1	16	1	16	4.85e-05	25.2
L1-16-1.4trpL.pdb	L1-16-1.1zeaL.pdb	66.667	15	5	0	1	15	1	15	4.96e-05	25.2
L1-16-1.4trpL.pdb	L1-16-none.5chnB.pdb	62.500	16	6	0	1	16	1	16	5.38e-05	24.8
L1-16-1.4trpL.pdb	L1-16-1.1wt5C.pdb	73.333	15	4	0	1	15	1	15	6.34e-05	24.8
L1-16-1.4trpL.pdb	L1-16-1.4hcrN.pdb	62.500	16	6	0	1	16	1	16	1.02e-04	24.4
L1-16-1.4trpL.pdb	L1-16-1.1yejL.pdb	62.500	16	6	0	1	16	1	16	1.08e-04	24.4
L1-16-1.4trpL.pdb	L1-16-1.1ad9L.pdb	62.500	16	6	0	1	16	1	16	1.22e-04	24.0
L1-16-1.4trpL.pdb	L1-16-1.3pp4L.pdb	68.750	16	5	0	1	16	1	16	1.23e-04	24.0
L1-16-1.4trpL.pdb	L1-16-none.4fz8L.pdb	73.333	15	4	0	1	15	1	15	1.48e-04	24.0
L1-16-1.4trpL.pdb	L1-16-1.2w60B.pdb	56.250	16	7	0	1	16	1	16	1.78e-04	23.5
L1-16-1.4trpL.pdb	L1-16-1.1yeeL.pdb	66.667	15	5	0	1	15	1	15	1.80e-04	23.5
L1-16-1.4trpL.pdb	L1-16-1.2a77L.pdb	66.667	15	5	0	1	15	1	15	1.83e-04	23.5
L1-16-1.4trpL.pdb	L1-16-1.4dtgL.pdb	56.250	16	7	0	1	16	1	16	2.15e-04	23.5
L1-16-1.4trpL.pdb	L1-16-1.3ggwA.pdb	62.500	16	6	0	1	16	1	16	2.33e-04	23.5
L1-16-1.4trpL.pdb	L1-16-1.4lriB.pdb	73.333	15	4	0	1	15	1	15	2.47e-04	23.1
L1-16-1.4trpL.pdb	L1-16-1.3cfbL.pdb	62.500	16	6	0	1	16	1	16	2.80e-04	23.1
L1-16-1.4trpL.pdb	L1-16-1.1f8tL.pdb	66.667	15	5	0	2	16	2	16	2.80e-04	23.1
L1-16-1.4trpL.pdb	L1-16-1.1cr9L.pdb	60.000	15	6	0	1	15	1	15	2.90e-04	23.1
L1-16-1.4trpL.pdb	L1-16-1.4jn2L.pdb	56.250	16	7	0	1	16	1	16	2.97e-04	23.1
L1-16-1.4trpL.pdb	L1-16-1.1uz8A.pdb	62.500	16	6	0	1	16	1	16	4.15e-04	22.7
L1-16-1.4trpL.pdb	L1-16-1.3qehB.pdb	73.333	15	4	0	1	15	1	15	5.87e-04	22.3
L1-16-1.4trpL.pdb	L1-16-1.3o6kL.pdb	50.000	16	8	0	1	16	1	16	6.21e-04	22.3
L1-16-1.4trpL.pdb	L1-16-1.2ajvL.pdb	56.250	16	7	0	1	16	1	16	7.56e-04	21.8
L1-16-1.4trpL.pdb	L1-16-1.3u0tA.pdb	50.000	16	8	0	1	16	1	16	8.48e-04	21.8
L1-16-1.4trpL.pdb	L1-16-1.2g2rA.pdb	62.500	16	6	0	1	16	1	16	0.001	21.8
L1-16-1.4trpL.pdb	L1-16-1.1ncwL.pdb	50.000	16	8	0	1	16	1	16	0.001	21.4
L1-16-1.4trpL.pdb	L1-16-1.2imnA.pdb	46.667	15	8	0	1	15	1	15	0.002	20.6
L1-16-1.4trpL.pdb	L1-16-none.5bmfL.pdb	66.667	15	5	0	1	15	1	15	0.003	20.6
L1-16-1.4trpL.pdb	L1-16-1.4xmlL.pdb	53.333	15	7	0	1	15	1	15	0.003	20.6
L1-16-1.4trpL.pdb	L1-16-1.1igfL.pdb	43.750	16	9	0	1	16	1	16	0.003	20.2
L1-16-1.4trpL.pdb	L1-16-1.5dyoB.pdb	56.250	16	7	0	1	16	1	16	0.003	20.2
L1-16-1.4trpL.pdb	L1-16-1.3m8oL.pdb	60.000	15	6	0	1	15	1	15	0.004	20.2
L1-16-1.4trpL.pdb	L1-16-none.1cfvL.pdb	68.750	16	5	0	1	16	1	16	0.005	19.7
L1-16-1.4trpL.pdb	L1-16-1.5ewiL.pdb	62.500	16	6	0	1	16	1	16	0.006	19.7
L1-16-1.4trpL.pdb	L1-16-1.4nujA.pdb	56.250	16	7	0	1	16	1	16	0.010	18.9
L1-16-1.4trpL.pdb	L1-16-none.1l7tL.pdb	61.538	13	5	0	1	13	1	13	0.021	18.0
L1-16-1.4trpL.pdb	L1-16-1.4nugL.pdb	50.000	16	8	0	1	16	1	16	0.024	18.0
L1-16-1.4trpL.pdb	L1-16-1.3u1sL.pdb	46.667	15	8	0	1	15	1	15	0.039	17.2
L1-16-1.4trpL.pdb	L1-16-1.1rurL.pdb	43.750	16	9	0	1	16	1	16	0.098	16.3
