L2-8-1.5kveL.pdb	L2-8-1.4rgnE.pdb	90.000	10	1	0	1	10	1	10	0.002	20.6
L2-8-1.5kveL.pdb	L2-8-1.3jbaL.pdb	80.000	10	2	0	1	10	1	10	0.003	20.2
L2-8-1.5kveL.pdb	L2-8-1.1ek3A.pdb	80.000	10	2	0	1	10	1	10	0.005	19.7
L2-8-1.5kveL.pdb	L2-8-1.3i02A.pdb	70.000	10	3	0	1	10	1	10	0.008	18.9
L2-8-1.5kveL.pdb	L2-8-1.2ck0L.pdb	80.000	10	2	0	1	10	1	10	0.009	18.9
L2-8-1.5kveL.pdb	L2-8-1.4nm4M.pdb	70.000	10	3	0	1	10	1	10	0.010	18.9
L2-8-1.5kveL.pdb	L2-8-1.1q9wC.pdb	70.000	10	3	0	1	10	1	10	0.012	18.5
L2-8-1.5kveL.pdb	L2-8-1.1h8nA.pdb	70.000	10	3	0	1	10	1	10	0.019	18.0
L2-8-1.5kveL.pdb	L2-8-1.3j8zJ.pdb	70.000	10	3	0	1	10	1	10	0.022	18.0
L2-8-1.5kveL.pdb	L2-8-1.3mnzA.pdb	70.000	10	3	0	1	10	1	10	0.034	17.2
L2-8-1.5kveL.pdb	L2-8-1.4ydvA.pdb	80.000	10	2	0	1	10	1	10	0.049	17.2
L2-8-1.5kveL.pdb	L2-8-1.1ncbL.pdb	70.000	10	3	0	1	10	1	10	0.051	16.8
L2-8-1.5kveL.pdb	L2-8-1.3ntcL.pdb	70.000	10	3	0	1	10	1	10	0.061	16.8
L2-8-1.5kveL.pdb	L2-8-1.5d6cA.pdb	70.000	10	3	0	1	10	1	10	0.063	16.8
L2-8-1.5kveL.pdb	L2-8-1.5kvdL.pdb	70.000	10	3	0	1	10	1	10	0.18	15.5
L2-8-1.5kveL.pdb	L2-8-1.5drxL.pdb	70.000	10	3	0	1	10	1	10	0.20	15.5
L2-8-1.5kveL.pdb	L2-8-1.1cr9L.pdb	60.000	10	4	0	1	10	1	10	0.21	15.5
L2-8-1.5kveL.pdb	L2-8-1.1ztxL.pdb	66.667	9	3	0	2	10	2	10	0.23	15.1
L2-8-1.5kveL.pdb	L2-8-1.5drzA.pdb	70.000	10	3	0	1	10	1	10	0.24	15.1
L2-8-1.5kveL.pdb	L2-8-1.4lriB.pdb	70.000	10	3	0	1	10	1	10	0.32	15.1
L2-8-1.5kveL.pdb	L2-8-1.4al8L.pdb	60.000	10	4	0	1	10	1	10	0.39	14.6
L2-8-1.5kveL.pdb	L2-8-1.4dtgL.pdb	60.000	10	4	0	1	10	1	10	0.45	14.6
L2-8-1.5kveL.pdb	L2-8-1.1ibgL.pdb	60.000	10	4	0	1	10	1	10	0.45	14.6
L2-8-1.5kveL.pdb	L2-8-1.2gjjA.pdb	66.667	9	3	0	2	10	2	10	0.59	14.2
L2-8-1.5kveL.pdb	L2-8-1.4ye4L.pdb	77.778	9	2	0	2	10	2	10	0.65	14.2
L2-8-1.5kveL.pdb	L2-8-1.4x8jB.pdb	60.000	10	4	0	1	10	1	10	0.66	14.2
L2-8-1.5kveL.pdb	L2-8-1.4i77L.pdb	60.000	10	4	0	1	10	1	10	0.75	13.8
L2-8-1.5kveL.pdb	L2-8-1.5dyoB.pdb	60.000	10	4	0	1	10	1	10	0.78	13.8
L2-8-1.5kveL.pdb	L2-8-1.5jw5L.pdb	70.000	10	3	0	1	10	1	10	0.85	13.8
L2-8-1.5kveL.pdb	L2-8-1.4j6rL.pdb	70.000	10	3	0	1	10	1	10	0.85	13.8
L2-8-1.5kveL.pdb	L2-8-1.3j30A.pdb	60.000	10	4	0	1	10	1	10	0.85	13.8
L2-8-1.5kveL.pdb	L2-8-1.4qt5A.pdb	60.000	10	4	0	1	10	1	10	0.98	13.8
L2-8-1.5kveL.pdb	L2-8-1.5i8cB.pdb	60.000	10	4	0	1	10	1	10	1.0	13.8
L2-8-1.5kveL.pdb	L2-8-1.2w60B.pdb	60.000	10	4	0	1	10	1	10	1.1	13.4
L2-8-1.5kveL.pdb	L2-8-1.1f8tL.pdb	60.000	10	4	0	1	10	1	10	1.1	13.4
L2-8-1.5kveL.pdb	L2-8-1.3v6oE.pdb	50.000	10	5	0	1	10	1	10	1.1	13.4
L2-8-1.5kveL.pdb	L2-8-1.3clfL.pdb	70.000	10	3	0	1	10	1	10	1.1	13.4
L2-8-1.5kveL.pdb	L2-8-1.2q8bL.pdb	60.000	10	4	0	1	10	1	10	1.2	13.4
L2-8-1.5kveL.pdb	L2-8-1.4hs6A.pdb	60.000	10	4	0	1	10	1	10	1.2	13.4
L2-8-1.5kveL.pdb	L2-8-1.2qqnL.pdb	70.000	10	3	0	1	10	1	10	1.2	13.4
L2-8-1.5kveL.pdb	L2-8-1.5ggsB.pdb	60.000	10	4	0	1	10	1	10	1.3	13.4
L2-8-1.5kveL.pdb	L2-8-1.4pubL.pdb	60.000	10	4	0	1	10	1	10	1.5	13.4
L2-8-1.5kveL.pdb	L2-8-1.2rcsL.pdb	70.000	10	3	0	1	10	1	10	1.5	13.4
L2-8-1.5kveL.pdb	L2-8-1.2uziL.pdb	60.000	10	4	0	1	10	1	10	1.6	12.9
L2-8-1.5kveL.pdb	L2-8-1.5dmgL.pdb	60.000	10	4	0	1	10	1	10	1.7	12.9
L2-8-1.5kveL.pdb	L2-8-1.5i8oL.pdb	60.000	10	4	0	1	10	1	10	1.7	12.9
L2-8-1.5kveL.pdb	L2-8-1.4xcfL.pdb	70.000	10	3	0	1	10	1	10	1.7	12.9
L2-8-1.5kveL.pdb	L2-8-1.4rgmB.pdb	70.000	10	3	0	1	10	1	10	1.8	12.9
L2-8-1.5kveL.pdb	L2-8-1.1tqbC.pdb	60.000	10	4	0	1	10	1	10	1.8	12.9
L2-8-1.5kveL.pdb	L2-8-1.5f9oL.pdb	60.000	10	4	0	1	10	1	10	1.9	12.9
L2-8-1.5kveL.pdb	L2-8-1.3i2cL.pdb	60.000	10	4	0	1	10	1	10	1.9	12.9
L2-8-1.5kveL.pdb	L2-8-1.3mxwL.pdb	60.000	10	4	0	1	10	1	10	2.0	12.9
L2-8-1.5kveL.pdb	L2-8-1.4ztpL.pdb	60.000	10	4	0	1	10	1	10	2.1	12.9
L2-8-1.5kveL.pdb	L2-8-1.1fvdC.pdb	60.000	10	4	0	1	10	1	10	2.1	12.9
L2-8-1.5kveL.pdb	L2-8-1.5k9qI.pdb	50.000	10	5	0	1	10	1	10	2.2	12.9
L2-8-1.5kveL.pdb	L2-8-1.5dd5L.pdb	60.000	10	4	0	1	10	1	10	2.3	12.9
L2-8-1.5kveL.pdb	L2-8-1.1mexL.pdb	70.000	10	3	0	1	10	1	10	2.3	12.9
L2-8-1.5kveL.pdb	L2-8-1.2gcyA.pdb	50.000	10	5	0	1	10	1	10	2.3	12.9
L2-8-1.5kveL.pdb	L2-8-1.4hs8L.pdb	60.000	10	4	0	1	10	1	10	2.4	12.9
L2-8-1.5kveL.pdb	L2-8-1.1ncwL.pdb	50.000	10	5	0	1	10	1	10	2.5	12.5
L2-8-1.5kveL.pdb	L2-8-1.2ghwB.pdb	60.000	10	4	0	1	10	1	10	2.9	12.5
L2-8-1.5kveL.pdb	L2-8-1.5i1kL.pdb	60.000	10	4	0	1	10	1	10	3.0	12.5
L2-8-1.5kveL.pdb	L2-8-1.5dd3L.pdb	60.000	10	4	0	1	10	1	10	3.1	12.5
L2-8-1.5kveL.pdb	L2-8-1.4o4yL.pdb	60.000	10	4	0	1	10	1	10	3.1	12.5
L2-8-1.5kveL.pdb	L2-8-1.3bdyL.pdb	60.000	10	4	0	1	10	1	10	3.2	12.5
L2-8-1.5kveL.pdb	L2-8-1.2eizA.pdb	60.000	10	4	0	1	10	1	10	3.3	12.5
L2-8-1.5kveL.pdb	L2-8-1.3eo0C.pdb	60.000	10	4	0	1	10	1	10	3.6	12.5
L2-8-1.5kveL.pdb	L2-8-1.3qq9L.pdb	60.000	10	4	0	1	10	1	10	3.7	12.1
L2-8-1.5kveL.pdb	L2-8-1.3uc0M.pdb	60.000	10	4	0	1	10	1	10	3.9	12.1
L2-8-1.5kveL.pdb	L2-8-1.1i7zC.pdb	60.000	10	4	0	1	10	1	10	4.3	12.1
L2-8-1.5kveL.pdb	L2-8-1.3jabL.pdb	60.000	10	4	0	1	10	1	10	4.3	12.1
L2-8-1.5kveL.pdb	L2-8-1.1ai1L.pdb	60.000	10	4	0	1	10	1	10	4.4	12.1
L2-8-1.5kveL.pdb	L2-8-1.5e8eA.pdb	60.000	10	4	0	1	10	1	10	4.5	12.1
L2-8-1.5kveL.pdb	L2-8-1.5f96L.pdb	60.000	10	4	0	1	10	1	10	5.0	12.1
L2-8-1.5kveL.pdb	L2-8-1.3kr3L.pdb	60.000	10	4	0	1	10	1	10	5.0	12.1
L2-8-1.5kveL.pdb	L2-8-1.4llyD.pdb	60.000	10	4	0	1	10	1	10	5.2	12.1
L2-8-1.5kveL.pdb	L2-8-1.4hieA.pdb	60.000	10	4	0	1	10	1	10	5.2	12.1
L2-8-1.5kveL.pdb	L2-8-1.4ersL.pdb	60.000	10	4	0	1	10	1	10	5.3	12.1
L2-8-1.5kveL.pdb	L2-8-1.4zfoL.pdb	60.000	10	4	0	1	10	1	10	5.4	12.1
L2-8-1.5kveL.pdb	L2-8-1.3idgA.pdb	60.000	10	4	0	1	10	1	10	6.0	11.7
L2-8-1.5kveL.pdb	L2-8-1.2vxtL.pdb	60.000	10	4	0	1	10	1	10	6.1	11.7
L2-8-1.5kveL.pdb	L2-8-1.4lvhI.pdb	50.000	10	5	0	1	10	1	10	6.4	11.7
L2-8-1.5kveL.pdb	L2-8-1.3zkmD.pdb	50.000	10	5	0	1	10	1	10	6.6	11.7
L2-8-1.5kveL.pdb	L2-8-1.1h0dA.pdb	60.000	10	4	0	1	10	1	10	7.2	11.7
L2-8-1.5kveL.pdb	L2-8-1.2aabL.pdb	60.000	10	4	0	1	10	1	10	7.6	11.7
L2-8-1.5kveL.pdb	L2-8-1.4hhaA.pdb	60.000	10	4	0	1	10	1	10	7.7	11.7
L2-8-1.5kveL.pdb	L2-8-1.4oawA.pdb	60.000	10	4	0	1	10	1	10	7.8	11.7
L2-8-1.5kveL.pdb	L2-8-1.1rzgD.pdb	60.000	10	4	0	1	10	1	10	7.9	11.7
L2-8-1.5kveL.pdb	L2-8-1.4jo4M.pdb	60.000	10	4	0	1	10	1	10	8.0	11.7
L2-8-1.5kveL.pdb	L2-8-1.2kqnB.pdb	50.000	10	5	0	1	10	1	10	8.1	11.7
L2-8-1.5kveL.pdb	L2-8-1.3iy4A.pdb	60.000	10	4	0	1	10	1	10	9.0	11.2
L2-8-1.5kveL.pdb	L2-8-1.1yejL.pdb	50.000	10	5	0	1	10	1	10	9.0	11.2
L2-8-1.5kveL.pdb	L2-8-1.1vgeL.pdb	60.000	10	4	0	1	10	1	10	9.4	11.2
L2-8-1.5kveL.pdb	L2-8-1.1f58L.pdb	50.000	10	5	0	1	10	1	10	9.5	11.2
L2-8-1.5kveL.pdb	L2-8-1.3fzuD.pdb	60.000	10	4	0	1	10	1	10	9.8	11.2
L2-8-1.5kveL.pdb	L2-8-1.1wtlA.pdb	50.000	10	5	0	1	10	1	10	9.8	11.2
L2-8-1.5kveL.pdb	L2-8-1.2qscL.pdb	50.000	10	5	0	1	10	1	10	11	11.2
L2-8-1.5kveL.pdb	L2-8-1.1gafL.pdb	60.000	10	4	0	1	10	1	10	12	11.2
L2-8-1.5kveL.pdb	L2-8-1.2cmrL.pdb	60.000	10	4	0	1	10	1	10	12	11.2
L2-8-1.5kveL.pdb	L2-8-1.3ncjL.pdb	60.000	10	4	0	1	10	1	10	13	10.8
L2-8-1.5kveL.pdb	L2-8-1.5dscF.pdb	60.000	10	4	0	1	10	1	10	14	10.8
L2-8-1.5kveL.pdb	L2-8-1.4ptuA.pdb	60.000	10	4	0	1	10	1	10	14	10.8
L2-8-1.5kveL.pdb	L2-8-1.3idxL.pdb	50.000	10	5	0	1	10	1	10	14	10.8
L2-8-1.5kveL.pdb	L2-8-1.4jhaL.pdb	50.000	10	5	0	1	10	1	10	14	10.8
L2-8-1.5kveL.pdb	L2-8-1.3eyfA.pdb	50.000	10	5	0	1	10	1	10	14	10.8
L2-8-1.5kveL.pdb	L2-8-1.5dd1L.pdb	60.000	10	4	0	1	10	1	10	15	10.8
L2-8-1.5kveL.pdb	L2-8-1.5aamB.pdb	50.000	10	5	0	1	10	1	10	15	10.8
L2-8-1.5kveL.pdb	L2-8-1.5a16B.pdb	55.556	9	4	0	2	10	2	10	15	10.8
L2-8-1.5kveL.pdb	L2-8-1.4x7sL.pdb	60.000	10	4	0	1	10	1	10	15	10.8
L2-8-1.5kveL.pdb	L2-8-1.4cmhC.pdb	60.000	10	4	0	1	10	1	10	15	10.8
L2-8-1.5kveL.pdb	L2-8-1.5dfvD.pdb	55.556	9	4	0	2	10	2	10	16	10.8
L2-8-1.5kveL.pdb	L2-8-1.2r8sL.pdb	60.000	10	4	0	1	10	1	10	16	10.8
L2-8-1.5kveL.pdb	L2-8-1.3ld8B.pdb	50.000	10	5	0	1	10	1	10	17	10.8
L2-8-1.5kveL.pdb	L2-8-1.5ibuL.pdb	60.000	10	4	0	1	10	1	10	18	10.8
L2-8-1.5kveL.pdb	L2-8-1.1lk3M.pdb	60.000	10	4	0	1	10	1	10	20	10.4
L2-8-1.5kveL.pdb	L2-8-1.1rjlA.pdb	50.000	10	5	0	1	10	1	10	23	10.4
L2-8-1.5kveL.pdb	L2-8-1.4liqL.pdb	60.000	10	4	0	1	10	1	10	23	10.4
L2-8-1.5kveL.pdb	L2-8-1.4x4zB.pdb	60.000	10	4	0	1	10	1	10	25	10.4
L2-8-1.5kveL.pdb	L2-8-1.5czxD.pdb	60.000	10	4	0	1	10	1	10	25	10.4
L2-8-1.5kveL.pdb	L2-8-1.3w9eB.pdb	62.500	8	3	0	3	10	3	10	25	10.4
L2-8-1.5kveL.pdb	L2-8-1.3v0wL.pdb	50.000	10	5	0	1	10	1	10	26	10.4
L2-8-1.5kveL.pdb	L2-8-1.1j1oL.pdb	55.556	9	4	0	2	10	2	10	28	10.0
L2-8-1.5kveL.pdb	L2-8-1.3p0yL.pdb	60.000	10	4	0	1	10	1	10	29	10.0
L2-8-1.5kveL.pdb	L2-8-1.2yc1E.pdb	62.500	8	3	0	3	10	3	10	29	10.0
L2-8-1.5kveL.pdb	L2-8-1.3hc4L.pdb	66.667	9	3	0	2	10	2	10	31	10.0
L2-8-1.5kveL.pdb	L2-8-1.2ih3B.pdb	55.556	9	4	0	2	10	2	10	33	10.0
L2-8-1.5kveL.pdb	L2-8-1.4ht1L.pdb	60.000	10	4	0	1	10	1	10	43	 9.5
L2-8-1.5kveL.pdb	L2-8-1.3d9aL.pdb	55.556	9	4	0	2	10	2	10	44	 9.5
L2-8-1.5kveL.pdb	L2-8-1.4lspL.pdb	50.000	8	4	0	3	10	3	10	47	 9.5
L2-8-1.5kveL.pdb	L2-8-1.4rgoL.pdb	55.556	9	4	0	2	10	2	10	49	 9.5
L2-8-1.5kveL.pdb	L2-8-1.5dtfB.pdb	60.000	10	4	0	1	10	1	10	56	 9.5
L2-8-1.5kveL.pdb	L2-8-1.4ij3B.pdb	55.556	9	4	0	2	10	2	10	58	 9.1
L2-8-1.5kveL.pdb	L2-8-1.2d7tL.pdb	50.000	10	5	0	1	10	1	10	62	 9.1
L2-8-1.5kveL.pdb	L2-8-1.4jo1L.pdb	60.000	10	4	0	1	10	1	10	64	 9.1
L2-8-1.5kveL.pdb	L2-8-1.4g3yL.pdb	55.556	9	4	0	2	10	2	10	64	 9.1
L2-8-1.5kveL.pdb	L2-8-1.5fhaL.pdb	62.500	8	3	0	3	10	3	10	69	 9.1
L2-8-1.5kveL.pdb	L2-8-1.4zfgL.pdb	60.000	10	4	0	1	10	1	10	69	 9.1
L2-8-1.5kveL.pdb	L2-8-1.4zykL.pdb	50.000	8	4	0	3	10	3	10	73	 9.1
L2-8-1.5kveL.pdb	L2-8-1.3ojdA.pdb	40.000	10	6	0	1	10	1	10	86	 8.7
L2-8-1.5kveL.pdb	L2-8-1.5drnB.pdb	60.000	10	4	0	1	10	1	10	87	 8.7
L2-8-1.5kveL.pdb	L2-8-1.4l1hA.pdb	50.000	10	5	0	1	10	1	10	91	 8.7
L2-8-1.5kveL.pdb	L2-8-1.2dqiL.pdb	62.500	8	3	0	3	10	3	10	102	 8.7
L2-8-1.5kveL.pdb	L2-8-1.2xraL.pdb	50.000	10	5	0	1	10	1	10	109	 8.7
L2-8-1.5kveL.pdb	L2-8-1.4fnlL.pdb	50.000	10	5	0	1	10	1	10	134	 8.3
L2-8-1.5kveL.pdb	L2-8-1.4g5zL.pdb	55.556	9	4	0	2	10	2	10	147	 8.3
L2-8-1.5kveL.pdb	L2-8-1.1tzhA.pdb	60.000	10	4	0	1	10	1	10	167	 8.3
L2-8-1.5kveL.pdb	L2-8-1.1tziA.pdb	60.000	10	4	0	1	10	1	10	199	 7.9
L2-8-1.5kveL.pdb	L2-8-1.5i8kL.pdb	62.500	8	3	0	3	10	3	10	248	 7.9
L2-8-1.5kveL.pdb	L2-8-1.4nzuL.pdb	50.000	10	5	0	1	10	1	10	295	 7.4
