H1-13-5.4wenB.pdb	H1-13-5.4b50A.pdb	77.778	9	2	0	1	9	1	9	0.014	14.2
H1-13-5.4wenB.pdb	H1-13-5.3ezjD.pdb	77.778	9	2	0	1	9	1	9	0.030	13.8
H1-13-5.4wenB.pdb	H1-13-5.1zvhA.pdb	66.667	9	3	0	1	9	1	9	0.078	12.5
H1-13-5.4wenB.pdb	H1-13-5.5f7lB.pdb	66.667	9	3	0	1	9	1	9	0.11	12.5
H1-13-5.4wenB.pdb	H1-13-5.1zvyA.pdb	66.667	9	3	0	1	9	1	9	0.20	11.7
H1-13-5.4wenB.pdb	H1-13-5.4idlA.pdb	62.500	8	3	0	2	9	2	9	0.37	11.2
H1-13-5.4wenB.pdb	H1-13-5.4dkaA.pdb	55.556	9	4	0	1	9	1	9	0.51	10.8
H1-13-5.4wenB.pdb	H1-13-5.4zg1D.pdb	55.556	9	4	0	1	9	1	9	0.88	10.0
H1-13-5.4wenB.pdb	H1-13-5.4x7fD.pdb	55.556	9	4	0	1	9	1	9	1.3	 9.5
H1-13-5.4wenB.pdb	H1-13-5.3tpkA.pdb	62.500	8	3	0	1	8	1	8	1.4	 9.5
