L1-10-1.4kphL.pdb	L1-10-1.1forL.pdb	90.000	10	1	0	1	10	1	10	2.24e-04	20.2
L1-10-1.4kphL.pdb	L1-10-1.4hxaL.pdb	90.000	10	1	0	1	10	1	10	4.48e-04	19.3
L1-10-1.4kphL.pdb	L1-10-1.2bmkL.pdb	80.000	10	2	0	1	10	1	10	5.16e-04	19.3
L1-10-1.4kphL.pdb	L1-10-1.2w9dL.pdb	90.000	10	1	0	1	10	1	10	6.03e-04	19.3
L1-10-1.4kphL.pdb	L1-10-1.4c83B.pdb	90.000	10	1	0	1	10	1	10	8.31e-04	18.9
L1-10-1.4kphL.pdb	L1-10-1.1yqvL.pdb	90.000	10	1	0	1	10	1	10	8.61e-04	18.9
L1-10-1.4kphL.pdb	L1-10-1.3nfsL.pdb	80.000	10	2	0	1	10	1	10	0.001	18.5
L1-10-1.4kphL.pdb	L1-10-1.3qwoL.pdb	80.000	10	2	0	1	10	1	10	0.002	18.0
L1-10-1.4kphL.pdb	L1-10-1.1sy6L.pdb	80.000	10	2	0	1	10	1	10	0.003	17.2
L1-10-1.4kphL.pdb	L1-10-none.4eneD.pdb	80.000	10	2	0	1	10	1	10	0.003	17.2
L1-10-1.4kphL.pdb	L1-10-1.4ffvL.pdb	88.889	9	1	0	2	10	2	10	0.003	17.2
L1-10-1.4kphL.pdb	L1-10-1.2j4wL.pdb	77.778	9	2	0	2	10	2	10	0.004	17.2
L1-10-1.4kphL.pdb	L1-10-1.4qnpF.pdb	77.778	9	2	0	2	10	2	10	0.004	17.2
L1-10-1.4kphL.pdb	L1-10-1.4ebqL.pdb	80.000	10	2	0	1	10	1	10	0.004	16.8
L1-10-1.4kphL.pdb	L1-10-none.1ay1L.pdb	80.000	10	2	0	1	10	1	10	0.004	16.8
L1-10-1.4kphL.pdb	L1-10-1.1eo8L.pdb	70.000	10	3	0	1	10	1	10	0.005	16.8
L1-10-1.4kphL.pdb	L1-10-1.1a6tC.pdb	70.000	10	3	0	1	10	1	10	0.005	16.8
L1-10-1.4kphL.pdb	L1-10-1.4kucD.pdb	77.778	9	2	0	2	10	2	10	0.005	16.8
L1-10-1.4kphL.pdb	L1-10-1.1cloL.pdb	77.778	9	2	0	2	10	2	10	0.007	16.3
L1-10-1.4kphL.pdb	L1-10-1.4kaqL.pdb	77.778	9	2	0	2	10	2	10	0.008	16.3
L1-10-1.4kphL.pdb	L1-10-1.1mhpL.pdb	88.889	9	1	0	1	9	1	9	0.009	15.9
L1-10-1.4kphL.pdb	L1-10-1.4ag4L.pdb	70.000	10	3	0	1	10	1	10	0.012	15.9
L1-10-1.4kphL.pdb	L1-10-1.1mimL.pdb	70.000	10	3	0	1	10	1	10	0.019	15.5
L1-10-1.4kphL.pdb	L1-10-1.2b2xL.pdb	77.778	9	2	0	1	9	1	9	0.038	14.6
L1-10-1.4kphL.pdb	L1-10-1.1pskL.pdb	70.000	10	3	0	1	10	1	10	0.038	14.6
L1-10-1.4kphL.pdb	L1-10-1.2hwzL.pdb	83.333	6	1	0	5	10	5	10	0.046	14.2
L1-10-1.4kphL.pdb	L1-10-1.2fbjL.pdb	25.000	4	3	0	7	10	7	10	114	 5.7
L1-10-1.4kphL.pdb	L1-10-1.2z92B.pdb	25.000	4	3	0	7	10	7	10	420	 4.0
