H1-14-1.1cf8H.pdb	H1-14-1.5cp3H.pdb	100.000	9	0	0	1	9	1	9	3.04e-04	18.9
H1-14-1.1cf8H.pdb	H1-14-1.3lexA.pdb	100.000	9	0	0	1	9	1	9	3.04e-04	18.9
H1-14-1.1cf8H.pdb	H1-14-1.2z92A.pdb	100.000	9	0	0	1	9	1	9	3.04e-04	18.9
H1-14-1.1cf8H.pdb	H1-14-1.1orsB.pdb	88.889	9	1	0	1	9	1	9	7.09e-04	17.6
H1-14-1.1cf8H.pdb	H1-14-1.4mauH.pdb	88.889	9	1	0	1	9	1	9	7.35e-04	17.6
H1-14-1.1cf8H.pdb	H1-14-1.4lkxA.pdb	88.889	9	1	0	1	9	1	9	0.001	17.6
H1-14-1.1cf8H.pdb	H1-14-1.3cx5J.pdb	88.889	9	1	0	1	9	1	9	0.001	17.6
H1-14-1.1cf8H.pdb	H1-14-1.2ajuH.pdb	88.889	9	1	0	1	9	1	9	0.001	17.2
H1-14-1.1cf8H.pdb	H1-14-1.1kcvH.pdb	88.889	9	1	0	1	9	1	9	0.002	16.8
H1-14-1.1cf8H.pdb	H1-14-1.4x7sH.pdb	77.778	9	2	0	1	9	1	9	0.002	16.3
H1-14-1.1cf8H.pdb	H1-14-1.5e2wH.pdb	77.778	9	2	0	1	9	1	9	0.004	15.9
H1-14-1.1cf8H.pdb	H1-14-1.4m5yH.pdb	66.667	9	3	0	1	9	1	9	0.006	15.5
H1-14-1.1cf8H.pdb	H1-14-1.4lvnC.pdb	77.778	9	2	0	1	9	1	9	0.007	15.1
H1-14-1.1cf8H.pdb	H1-14-1.3leyH.pdb	77.778	9	2	0	1	9	1	9	0.007	15.1
