L3-8-1.3o2dL.pdb	L3-8-1.4pubL.pdb	70.000	10	3	0	1	10	1	10	0.002	17.6
L3-8-1.3o2dL.pdb	L3-8-1.1jrhL.pdb	70.000	10	3	0	1	10	1	10	0.002	17.2
L3-8-1.3o2dL.pdb	L3-8-1.1a0qL.pdb	77.778	9	2	0	2	10	2	10	0.003	16.8
L3-8-1.3o2dL.pdb	L3-8-1.5f9oL.pdb	60.000	10	4	0	1	10	1	10	0.004	16.3
L3-8-1.3o2dL.pdb	L3-8-1.4u6vL.pdb	60.000	10	4	0	1	10	1	10	0.020	14.6
L3-8-1.3o2dL.pdb	L3-8-1.5f96L.pdb	55.556	9	4	0	2	10	2	10	0.021	14.6
L3-8-1.3o2dL.pdb	L3-8-1.3t65A.pdb	60.000	10	4	0	1	10	1	10	0.027	14.2
L3-8-1.3o2dL.pdb	L3-8-1.5az2L.pdb	66.667	9	3	0	2	10	2	10	0.041	13.8
L3-8-1.3o2dL.pdb	L3-8-1.4jr9L.pdb	66.667	9	3	0	2	10	2	10	0.063	13.4
L3-8-1.3o2dL.pdb	L3-8-1.3ijhC.pdb	50.000	10	5	0	1	10	1	10	0.11	12.9
L3-8-1.3o2dL.pdb	L3-8-1.3cmoL.pdb	60.000	10	4	0	1	10	1	10	0.24	12.1
L3-8-1.3o2dL.pdb	L3-8-1.4dgyL.pdb	50.000	10	5	0	1	10	1	10	0.38	11.7
L3-8-1.3o2dL.pdb	L3-8-1.3u6rL.pdb	50.000	10	5	0	1	10	1	10	0.70	10.8
L3-8-1.3o2dL.pdb	L3-8-1.1h3pL.pdb	60.000	10	4	0	1	10	1	10	0.81	10.8
L3-8-1.3o2dL.pdb	L3-8-1.3b9kL.pdb	55.556	9	4	0	2	10	2	10	3.4	 9.1
L3-8-1.3o2dL.pdb	L3-8-1.1c5dA.pdb	55.556	9	4	0	2	10	2	10	5.5	 8.7
