L1-16-1.5ewiL.pdb	L1-16-1.2g2rA.pdb	100.000	7	0	0	1	7	1	7	0.054	14.6
L1-16-1.5ewiL.pdb	L1-16-1.4lriB.pdb	100.000	7	0	0	1	7	1	7	0.056	14.6
L1-16-1.5ewiL.pdb	L1-16-1.3qehB.pdb	100.000	7	0	0	1	7	1	7	0.056	14.6
L1-16-1.5ewiL.pdb	L1-16-1.5jueL.pdb	100.000	7	0	0	1	7	1	7	0.062	14.6
L1-16-1.5ewiL.pdb	L1-16-1.1pz5A.pdb	100.000	7	0	0	1	7	1	7	0.062	14.6
L1-16-1.5ewiL.pdb	L1-16-1.4whtB.pdb	100.000	7	0	0	1	7	1	7	0.063	14.6
L1-16-1.5ewiL.pdb	L1-16-1.2jelL.pdb	66.667	9	3	0	1	9	1	9	0.066	14.6
L1-16-1.5ewiL.pdb	L1-16-1.5aumL.pdb	100.000	7	0	0	1	7	1	7	0.067	14.6
L1-16-1.5ewiL.pdb	L1-16-1.3m8oL.pdb	100.000	7	0	0	1	7	1	7	0.075	14.6
L1-16-1.5ewiL.pdb	L1-16-1.4lqfL.pdb	85.714	7	1	0	1	7	1	7	0.14	13.8
L1-16-1.5ewiL.pdb	L1-16-1.4xxdA.pdb	66.667	9	3	0	1	9	1	9	0.16	13.8
L1-16-1.5ewiL.pdb	L1-16-1.4xmlL.pdb	85.714	7	1	0	1	7	1	7	0.16	13.8
L1-16-1.5ewiL.pdb	L1-16-1.1dbbL.pdb	85.714	7	1	0	1	7	1	7	0.17	13.8
L1-16-1.5ewiL.pdb	L1-16-1.3hr5A.pdb	85.714	7	1	0	1	7	1	7	0.17	13.8
L1-16-1.5ewiL.pdb	L1-16-1.1igfL.pdb	55.556	9	4	0	1	9	1	9	0.18	13.4
L1-16-1.5ewiL.pdb	L1-16-1.4jn2L.pdb	85.714	7	1	0	1	7	1	7	0.19	13.4
L1-16-1.5ewiL.pdb	L1-16-1.2imnA.pdb	85.714	7	1	0	1	7	1	7	0.19	13.4
L1-16-1.5ewiL.pdb	L1-16-1.4hcrN.pdb	85.714	7	1	0	1	7	1	7	0.19	13.4
L1-16-1.5ewiL.pdb	L1-16-1.5drxL.pdb	85.714	7	1	0	1	7	1	7	0.21	13.4
L1-16-1.5ewiL.pdb	L1-16-1.4fabL.pdb	85.714	7	1	0	1	7	1	7	0.21	13.4
L1-16-1.5ewiL.pdb	L1-16-1.3wbdA.pdb	85.714	7	1	0	1	7	1	7	0.21	13.4
L1-16-1.5ewiL.pdb	L1-16-1.3mckL.pdb	85.714	7	1	0	1	7	1	7	0.21	13.4
L1-16-1.5ewiL.pdb	L1-16-1.1x9qA.pdb	85.714	7	1	0	1	7	1	7	0.21	13.4
L1-16-1.5ewiL.pdb	L1-16-1.1t2qL.pdb	85.714	7	1	0	1	7	1	7	0.21	13.4
L1-16-1.5ewiL.pdb	L1-16-1.1rmfL.pdb	85.714	7	1	0	1	7	1	7	0.21	13.4
L1-16-1.5ewiL.pdb	L1-16-1.1makA.pdb	85.714	7	1	0	1	7	1	7	0.21	13.4
L1-16-1.5ewiL.pdb	L1-16-1.1lmkC.pdb	85.714	7	1	0	1	7	1	7	0.21	13.4
L1-16-1.5ewiL.pdb	L1-16-1.1dlfL.pdb	85.714	7	1	0	1	7	1	7	0.21	13.4
L1-16-1.5ewiL.pdb	L1-16-1.4trpL.pdb	85.714	7	1	0	1	7	1	7	0.21	13.4
L1-16-1.5ewiL.pdb	L1-16-1.4dtgL.pdb	85.714	7	1	0	1	7	1	7	0.21	13.4
L1-16-1.5ewiL.pdb	L1-16-1.4pb0L.pdb	85.714	7	1	0	1	7	1	7	0.22	13.4
L1-16-1.5ewiL.pdb	L1-16-1.2w60B.pdb	85.714	7	1	0	1	7	1	7	0.22	13.4
L1-16-1.5ewiL.pdb	L1-16-1.1cr9L.pdb	85.714	7	1	0	1	7	1	7	0.22	13.4
L1-16-1.5ewiL.pdb	L1-16-1.3u0tA.pdb	85.714	7	1	0	1	7	1	7	0.22	13.4
L1-16-1.5ewiL.pdb	L1-16-1.1yejL.pdb	85.714	7	1	0	1	7	1	7	0.22	13.4
L1-16-1.5ewiL.pdb	L1-16-1.1yeeL.pdb	85.714	7	1	0	1	7	1	7	0.22	13.4
L1-16-1.5ewiL.pdb	L1-16-1.2ajvL.pdb	85.714	7	1	0	1	7	1	7	0.36	12.9
L1-16-1.5ewiL.pdb	L1-16-1.4f37L.pdb	71.429	7	2	0	1	7	1	7	0.38	12.9
L1-16-1.5ewiL.pdb	L1-16-1.1uz8A.pdb	85.714	7	1	0	1	7	1	7	0.39	12.9
L1-16-1.5ewiL.pdb	L1-16-1.1rurL.pdb	85.714	7	1	0	1	7	1	7	0.39	12.9
L1-16-1.5ewiL.pdb	L1-16-1.5iwlA.pdb	55.556	9	4	0	1	9	1	9	0.40	12.9
L1-16-1.5ewiL.pdb	L1-16-1.5epmF.pdb	71.429	7	2	0	1	7	1	7	0.41	12.9
L1-16-1.5ewiL.pdb	L1-16-1.1f3dL.pdb	71.429	7	2	0	1	7	1	7	0.42	12.9
L1-16-1.5ewiL.pdb	L1-16-1.1q72L.pdb	85.714	7	1	0	1	7	1	7	0.43	12.5
L1-16-1.5ewiL.pdb	L1-16-1.1mjuL.pdb	85.714	7	1	0	1	7	1	7	0.43	12.5
L1-16-1.5ewiL.pdb	L1-16-1.1mieL.pdb	85.714	7	1	0	1	7	1	7	0.43	12.5
L1-16-1.5ewiL.pdb	L1-16-1.1ad9L.pdb	85.714	7	1	0	1	7	1	7	0.43	12.5
L1-16-1.5ewiL.pdb	L1-16-1.1qfuL.pdb	71.429	7	2	0	1	7	1	7	0.45	12.5
L1-16-1.5ewiL.pdb	L1-16-1.1gpoL.pdb	71.429	7	2	0	1	7	1	7	0.46	12.5
L1-16-1.5ewiL.pdb	L1-16-1.5kn5B.pdb	71.429	7	2	0	1	7	1	7	0.48	12.5
L1-16-1.5ewiL.pdb	L1-16-1.4ygvB.pdb	71.429	7	2	0	1	7	1	7	0.48	12.5
L1-16-1.5ewiL.pdb	L1-16-1.3jauL.pdb	71.429	7	2	0	1	7	1	7	0.48	12.5
L1-16-1.5ewiL.pdb	L1-16-1.3fo2A.pdb	71.429	7	2	0	1	7	1	7	0.48	12.5
L1-16-1.5ewiL.pdb	L1-16-1.3fo1A.pdb	71.429	7	2	0	1	7	1	7	0.48	12.5
L1-16-1.5ewiL.pdb	L1-16-1.2uylX.pdb	71.429	7	2	0	1	7	1	7	0.48	12.5
L1-16-1.5ewiL.pdb	L1-16-1.1i9jL.pdb	71.429	7	2	0	1	7	1	7	0.48	12.5
L1-16-1.5ewiL.pdb	L1-16-1.1dsfL.pdb	71.429	7	2	0	1	7	1	7	0.52	12.5
L1-16-1.5ewiL.pdb	L1-16-1.1mnuL.pdb	71.429	7	2	0	1	7	1	7	0.56	12.5
L1-16-1.5ewiL.pdb	L1-16-1.1f8tL.pdb	100.000	6	0	0	2	7	2	7	0.61	12.5
L1-16-1.5ewiL.pdb	L1-16-1.5dyoB.pdb	71.429	7	2	0	1	7	1	7	0.62	12.5
L1-16-1.5ewiL.pdb	L1-16-1.3o6kL.pdb	71.429	7	2	0	1	7	1	7	0.78	12.1
L1-16-1.5ewiL.pdb	L1-16-1.1lo4L.pdb	57.143	7	3	0	1	7	1	7	0.86	12.1
L1-16-1.5ewiL.pdb	L1-16-1.3gnmL.pdb	44.444	9	5	0	1	9	1	9	0.88	12.1
L1-16-1.5ewiL.pdb	L1-16-1.1n4xM.pdb	57.143	7	3	0	1	7	1	7	0.88	12.1
L1-16-1.5ewiL.pdb	L1-16-1.2g60L.pdb	44.444	9	5	0	1	9	1	9	0.90	12.1
L1-16-1.5ewiL.pdb	L1-16-1.4lciL.pdb	71.429	7	2	0	1	7	1	7	0.92	12.1
L1-16-1.5ewiL.pdb	L1-16-1.3cfbL.pdb	71.429	7	2	0	1	7	1	7	0.92	12.1
L1-16-1.5ewiL.pdb	L1-16-1.1wt5C.pdb	57.143	7	3	0	1	7	1	7	0.97	12.1
L1-16-1.5ewiL.pdb	L1-16-1.3ifoB.pdb	57.143	7	3	0	1	7	1	7	0.98	12.1
L1-16-1.5ewiL.pdb	L1-16-1.3nz8L.pdb	57.143	7	3	0	1	7	1	7	1.0	11.7
L1-16-1.5ewiL.pdb	L1-16-1.2pcpC.pdb	57.143	7	3	0	1	7	1	7	1.0	11.7
L1-16-1.5ewiL.pdb	L1-16-1.2dquL.pdb	57.143	7	3	0	1	7	1	7	1.0	11.7
L1-16-1.5ewiL.pdb	L1-16-1.3qg6A.pdb	71.429	7	2	0	1	7	1	7	1.0	11.7
L1-16-1.5ewiL.pdb	L1-16-1.3vw3L.pdb	57.143	7	3	0	1	7	1	7	1.2	11.7
L1-16-1.5ewiL.pdb	L1-16-1.3gkwL.pdb	57.143	7	3	0	1	7	1	7	1.2	11.7
L1-16-1.5ewiL.pdb	L1-16-1.1ncwL.pdb	71.429	7	2	0	1	7	1	7	1.3	11.7
L1-16-1.5ewiL.pdb	L1-16-1.4nujA.pdb	83.333	6	1	0	1	6	1	6	1.8	11.2
L1-16-1.5ewiL.pdb	L1-16-1.1zeaL.pdb	57.143	7	3	0	1	7	1	7	1.8	11.2
L1-16-1.5ewiL.pdb	L1-16-1.1s3kL.pdb	57.143	7	3	0	1	7	1	7	2.3	10.8
L1-16-1.5ewiL.pdb	L1-16-1.4m7jL.pdb	57.143	7	3	0	1	7	1	7	2.7	10.8
