H1-15-1.4f37H.pdb	H1-15-1.4yr6D.pdb	88.889	9	1	0	1	9	1	9	0.003	16.8
H1-15-1.4f37H.pdb	H1-15-1.3qq9D.pdb	88.889	9	1	0	1	9	1	9	0.003	16.8
H1-15-1.4f37H.pdb	H1-15-1.3qhzH.pdb	88.889	9	1	0	1	9	1	9	0.003	16.8
H1-15-1.4f37H.pdb	H1-15-1.3mbxH.pdb	88.889	9	1	0	1	9	1	9	0.003	16.8
H1-15-1.4f37H.pdb	H1-15-1.3iflH.pdb	88.889	9	1	0	1	9	1	9	0.003	16.8
H1-15-1.4f37H.pdb	H1-15-1.2ipuH.pdb	88.889	9	1	0	1	9	1	9	0.003	16.8
H1-15-1.4f37H.pdb	H1-15-1.1ggiH.pdb	88.889	9	1	0	1	9	1	9	0.003	16.8
H1-15-1.4f37H.pdb	H1-15-1.5a16C.pdb	88.889	9	1	0	1	9	1	9	0.005	16.3
H1-15-1.4f37H.pdb	H1-15-1.1jrhH.pdb	88.889	9	1	0	1	9	1	9	0.005	16.3
H1-15-1.4f37H.pdb	H1-15-1.3qwoH.pdb	77.778	9	2	0	1	9	1	9	0.008	15.5
H1-15-1.4f37H.pdb	H1-15-1.2hwzH.pdb	77.778	9	2	0	1	9	1	9	0.008	15.5
H1-15-1.4f37H.pdb	H1-15-1.1r0aH.pdb	77.778	9	2	0	1	9	1	9	0.008	15.5
H1-15-1.4f37H.pdb	H1-15-1.2agjH.pdb	77.778	9	2	0	1	9	1	9	0.011	15.5
H1-15-1.4f37H.pdb	H1-15-1.2vq1F.pdb	77.778	9	2	0	1	9	1	9	0.014	15.1
H1-15-1.4f37H.pdb	H1-15-1.3idgB.pdb	100.000	7	0	0	1	7	1	7	0.015	15.1
H1-15-1.4f37H.pdb	H1-15-1.4ps4H.pdb	85.714	7	1	0	3	9	3	9	0.061	13.4
H1-15-1.4f37H.pdb	H1-15-1.3l5xH.pdb	85.714	7	1	0	3	9	3	9	0.061	13.4
H1-15-1.4f37H.pdb	H1-15-1.4x0kH.pdb	71.429	7	2	0	3	9	3	9	0.12	12.9
H1-15-1.4f37H.pdb	H1-15-1.1ai1H.pdb	80.000	5	1	0	3	7	3	7	0.98	10.8
