L3-8-1.3cmoL.pdb	L3-8-1.5f9oL.pdb	60.000	10	4	0	1	10	1	10	0.002	17.2
L3-8-1.3cmoL.pdb	L3-8-1.3b9kL.pdb	66.667	9	3	0	2	10	2	10	0.007	15.9
L3-8-1.3cmoL.pdb	L3-8-1.1jrhL.pdb	60.000	10	4	0	1	10	1	10	0.010	15.5
L3-8-1.3cmoL.pdb	L3-8-1.4jr9L.pdb	66.667	9	3	0	2	10	2	10	0.011	15.1
L3-8-1.3cmoL.pdb	L3-8-1.4pubL.pdb	60.000	10	4	0	1	10	1	10	0.012	15.1
L3-8-1.3cmoL.pdb	L3-8-1.4dgyL.pdb	60.000	10	4	0	1	10	1	10	0.021	14.6
L3-8-1.3cmoL.pdb	L3-8-1.5az2L.pdb	66.667	9	3	0	2	10	2	10	0.025	14.2
L3-8-1.3cmoL.pdb	L3-8-1.1a0qL.pdb	66.667	9	3	0	2	10	2	10	0.070	13.4
L3-8-1.3cmoL.pdb	L3-8-1.3u6rL.pdb	60.000	10	4	0	1	10	1	10	0.077	12.9
L3-8-1.3cmoL.pdb	L3-8-1.3o2dL.pdb	60.000	10	4	0	1	10	1	10	0.22	12.1
L3-8-1.3cmoL.pdb	L3-8-1.1il1B.pdb	60.000	10	4	0	1	10	1	10	0.22	12.1
