L1-13-2.4hpoL.pdb	L1-13-2.3b5gB.pdb	84.615	13	2	0	1	13	1	13	1.38e-05	25.2
L1-13-2.4hpoL.pdb	L1-13-2.1pewA.pdb	76.923	13	3	0	1	13	1	13	2.99e-05	24.0
L1-13-2.4hpoL.pdb	L1-13-2.2cd0A.pdb	69.231	13	4	0	1	13	1	13	8.09e-05	23.1
L1-13-2.4hpoL.pdb	L1-13-2.3h0tA.pdb	84.615	13	2	0	1	13	1	13	1.33e-04	22.7
L1-13-2.4hpoL.pdb	L1-13-2.1cd0B.pdb	69.231	13	4	0	1	13	1	13	1.59e-04	22.3
L1-13-2.4hpoL.pdb	L1-13-2.5c9kF.pdb	76.923	13	3	0	1	13	1	13	3.49e-04	21.4
L1-13-2.4hpoL.pdb	L1-13-2.5hi4D.pdb	76.923	13	3	0	1	13	1	13	5.21e-04	21.0
L1-13-2.4hpoL.pdb	L1-13-2.4yo0B.pdb	54.545	11	5	0	2	12	2	12	0.008	17.6
L1-13-2.4hpoL.pdb	L1-13-1.3gbnL.pdb	50.000	10	5	0	3	12	3	12	0.28	13.8
L1-13-2.4hpoL.pdb	L1-13-1.5adoL.pdb	36.364	11	7	0	3	13	3	13	0.47	13.4
L1-13-2.4hpoL.pdb	L1-13-1.4m1dM.pdb	36.364	11	7	0	3	13	3	13	0.69	12.9
L1-13-2.4hpoL.pdb	L1-13-1.2xwtB.pdb	50.000	10	5	0	3	12	3	12	0.87	12.5
L1-13-2.4hpoL.pdb	L1-13-1.2xzcL.pdb	40.000	10	6	0	3	12	3	12	0.90	12.5
L1-13-2.4hpoL.pdb	L1-13-1.4ocrL.pdb	40.000	10	6	0	3	12	3	12	0.93	12.5
L1-13-2.4hpoL.pdb	L1-13-1.4fqjL.pdb	40.000	10	6	0	3	12	3	12	0.93	12.5
L1-13-2.4hpoL.pdb	L1-13-1.4k3dL.pdb	50.000	10	5	0	3	12	3	12	1.2	12.1
L1-13-2.4hpoL.pdb	L1-13-1.4osuL.pdb	40.000	10	6	0	3	12	3	12	1.5	11.7
L1-13-2.4hpoL.pdb	L1-13-none.4ocsL.pdb	40.000	10	6	0	3	12	3	12	2.0	11.7
L1-13-2.4hpoL.pdb	L1-13-1.5fcuL.pdb	40.000	10	6	0	3	12	3	12	6.1	10.4
L1-13-2.4hpoL.pdb	L1-13-none.5i8oL.pdb	41.667	12	6	1	2	12	1	12	22	 8.7
L1-13-2.4hpoL.pdb	L1-13-none.5i8kL.pdb	66.667	6	2	0	2	7	1	6	60	 7.4
L1-13-2.4hpoL.pdb	L1-13-1.3npsC.pdb	75.000	4	1	0	9	12	9	12	96	 7.0
L1-13-2.4hpoL.pdb	L1-13-1.4eowL.pdb	50.000	4	2	0	9	12	9	12	122	 6.6
L1-13-2.4hpoL.pdb	L1-13-1.2yk1L.pdb	75.000	4	1	0	9	12	9	12	122	 6.6
