L1-12-1.4xp9L.pdb	L1-12-1.5k9jL.pdb	81.818	11	2	0	1	11	1	11	0.003	18.0
L1-12-1.4xp9L.pdb	L1-12-none.3eo0A.pdb	81.818	11	2	0	1	11	1	11	0.004	18.0
L1-12-1.4xp9L.pdb	L1-12-1.4dvbL.pdb	66.667	12	4	0	1	12	1	12	0.005	17.6
L1-12-1.4xp9L.pdb	L1-12-1.5i1kL.pdb	81.818	11	2	0	1	11	1	11	0.005	17.6
L1-12-1.4xp9L.pdb	L1-12-1.4hweL.pdb	72.727	11	3	0	1	11	1	11	0.011	16.8
L1-12-1.4xp9L.pdb	L1-12-2.5gryG.pdb	72.727	11	3	0	1	11	1	11	0.011	16.8
L1-12-1.4xp9L.pdb	L1-12-1.4r8wL.pdb	63.636	11	4	0	1	11	1	11	0.020	16.3
L1-12-1.4xp9L.pdb	L1-12-1.5ibuL.pdb	63.636	11	4	0	1	11	1	11	0.034	15.5
L1-12-1.4xp9L.pdb	L1-12-2.4dn3L.pdb	63.636	11	4	0	1	11	1	11	0.034	15.5
L1-12-1.4xp9L.pdb	L1-12-2.4xcfL.pdb	63.636	11	4	0	1	11	1	11	0.046	15.1
L1-12-1.4xp9L.pdb	L1-12-2.2fx7L.pdb	63.636	11	4	0	1	11	1	11	0.046	15.1
L1-12-1.4xp9L.pdb	L1-12-1.4qxgL.pdb	63.636	11	4	0	1	11	1	11	0.050	15.1
L1-12-1.4xp9L.pdb	L1-12-1.1iqdA.pdb	72.727	11	3	0	1	11	1	11	0.050	15.1
L1-12-1.4xp9L.pdb	L1-12-1.3tclL.pdb	63.636	11	4	0	1	11	1	11	0.11	14.2
L1-12-1.4xp9L.pdb	L1-12-1.3w9eB.pdb	72.727	11	3	0	1	11	1	11	0.20	13.4
L1-12-1.4xp9L.pdb	L1-12-2.1rhhA.pdb	63.636	11	4	0	1	11	1	11	0.44	12.5
L1-12-1.4xp9L.pdb	L1-12-2.5bzdC.pdb	54.545	11	5	0	1	11	1	11	0.46	12.5
L1-12-1.4xp9L.pdb	L1-12-1.2brrL.pdb	91.667	12	1	0	1	12	1	12	0.49	12.5
L1-12-1.4xp9L.pdb	L1-12-1.4m1gL.pdb	80.000	5	1	0	8	12	8	12	3.2	10.4
L1-12-1.4xp9L.pdb	L1-12-1.1orsA.pdb	90.909	11	1	0	2	12	2	12	4.0	10.4
L1-12-1.4xp9L.pdb	L1-12-1.4lvnB.pdb	60.000	5	2	0	8	12	8	12	19	 8.3
L1-12-1.4xp9L.pdb	L1-12-1.35c8L.pdb	81.818	11	2	0	2	12	2	12	44	 7.4
L1-12-1.4xp9L.pdb	L1-12-1.1cf8L.pdb	33.333	6	4	0	7	12	7	12	158	 5.7
L1-12-1.4xp9L.pdb	L1-12-1.3gkzA.pdb	75.000	4	1	0	8	11	8	11	496	 4.5
L1-12-1.4xp9L.pdb	L1-12-1.3eotL.pdb	60.000	5	2	0	7	11	7	11	1049	 3.6
