L1-12-2.4dn3L.pdb	L1-12-2.5gryG.pdb	100.000	7	0	0	1	7	1	7	0.007	14.6
L1-12-2.4dn3L.pdb	L1-12-2.4xcfL.pdb	75.000	8	2	0	1	8	1	8	0.007	14.6
L1-12-2.4dn3L.pdb	L1-12-2.2fx7L.pdb	75.000	8	2	0	1	8	1	8	0.007	14.6
L1-12-2.4dn3L.pdb	L1-12-2.1rhhA.pdb	100.000	7	0	0	1	7	1	7	0.008	14.6
L1-12-2.4dn3L.pdb	L1-12-2.5bzdC.pdb	100.000	7	0	0	1	7	1	7	0.008	14.6
L1-12-2.4dn3L.pdb	L1-12-2.2agjL.pdb	62.500	8	3	0	1	8	1	8	0.023	13.4
L1-12-2.4dn3L.pdb	L1-12-2.5a7xM.pdb	62.500	8	3	0	1	8	1	8	0.028	13.4
L1-12-2.4dn3L.pdb	L1-12-2.1dn0C.pdb	100.000	6	0	0	2	7	2	7	0.074	12.5
L1-12-2.4dn3L.pdb	L1-12-2.4rzcL.pdb	50.000	8	4	0	1	8	1	8	0.42	10.8
L1-12-2.4dn3L.pdb	L1-12-2.5dmgD.pdb	66.667	6	2	0	1	6	1	6	0.84	10.0
