L1-16-1.5epmF.pdb	L1-16-1.1n4xM.pdb	87.500	16	2	0	1	16	1	16	1.11e-07	32.0
L1-16-1.5epmF.pdb	L1-16-1.3jauL.pdb	87.500	16	2	0	1	16	1	16	1.70e-07	31.6
L1-16-1.5epmF.pdb	L1-16-1.2jelL.pdb	87.500	16	2	0	1	16	1	16	2.06e-07	31.2
L1-16-1.5epmF.pdb	L1-16-1.2uylX.pdb	81.250	16	3	0	1	16	1	16	3.22e-07	30.8
L1-16-1.5epmF.pdb	L1-16-1.3utzA.pdb	81.250	16	3	0	1	16	1	16	3.99e-07	30.8
L1-16-1.5epmF.pdb	L1-16-1.3mckL.pdb	81.250	16	3	0	1	16	1	16	4.28e-07	30.3
L1-16-1.5epmF.pdb	L1-16-1.2pcpC.pdb	81.250	16	3	0	1	16	1	16	4.28e-07	30.3
L1-16-1.5epmF.pdb	L1-16-1.3bkjL.pdb	81.250	16	3	0	1	16	1	16	4.65e-07	30.3
L1-16-1.5epmF.pdb	L1-16-1.1lo4L.pdb	81.250	16	3	0	1	16	1	16	4.82e-07	30.3
L1-16-1.5epmF.pdb	L1-16-none.1ucbL.pdb	87.500	16	2	0	1	16	1	16	5.24e-07	30.3
L1-16-1.5epmF.pdb	L1-16-1.3fo2A.pdb	81.250	16	3	0	1	16	1	16	5.43e-07	30.3
L1-16-1.5epmF.pdb	L1-16-1.5kn5B.pdb	81.250	16	3	0	1	16	1	16	6.80e-07	29.9
L1-16-1.5epmF.pdb	L1-16-1.1i9jL.pdb	81.250	16	3	0	1	16	1	16	6.80e-07	29.9
L1-16-1.5epmF.pdb	L1-16-1.1s3kL.pdb	81.250	16	3	0	1	16	1	16	7.30e-07	29.9
L1-16-1.5epmF.pdb	L1-16-1.3fo1A.pdb	81.250	16	3	0	1	16	1	16	8.61e-07	29.5
L1-16-1.5epmF.pdb	L1-16-1.1kelL.pdb	81.250	16	3	0	1	16	1	16	8.82e-07	29.5
L1-16-1.5epmF.pdb	L1-16-1.4f37L.pdb	75.000	16	4	0	1	16	1	16	1.43e-06	29.1
L1-16-1.5epmF.pdb	L1-16-1.3gkwL.pdb	75.000	16	4	0	1	16	1	16	1.50e-06	29.1
L1-16-1.5epmF.pdb	L1-16-1.1wt5C.pdb	81.250	16	3	0	1	16	1	16	1.67e-06	29.1
L1-16-1.5epmF.pdb	L1-16-1.2dquL.pdb	68.750	16	5	0	1	16	1	16	1.90e-06	28.6
L1-16-1.5epmF.pdb	L1-16-1.1zeaL.pdb	75.000	16	4	0	1	16	1	16	2.21e-06	28.6
L1-16-1.5epmF.pdb	L1-16-1.3ifoB.pdb	75.000	16	4	0	1	16	1	16	2.29e-06	28.6
L1-16-1.5epmF.pdb	L1-16-1.4ygvB.pdb	75.000	16	4	0	1	16	1	16	2.35e-06	28.6
L1-16-1.5epmF.pdb	L1-16-1.4m7jL.pdb	81.250	16	3	0	1	16	1	16	2.80e-06	28.2
L1-16-1.5epmF.pdb	L1-16-none.5dlmL.pdb	75.000	16	4	0	1	16	1	16	2.84e-06	28.2
L1-16-1.5epmF.pdb	L1-16-1.3gnmL.pdb	75.000	16	4	0	1	16	1	16	3.23e-06	28.2
L1-16-1.5epmF.pdb	L1-16-none.2vq1A.pdb	68.750	16	5	0	1	16	1	16	3.31e-06	28.2
L1-16-1.5epmF.pdb	L1-16-1.1x9qA.pdb	80.000	15	3	0	1	15	1	15	3.42e-06	28.2
L1-16-1.5epmF.pdb	L1-16-1.1makA.pdb	80.000	15	3	0	1	15	1	15	3.63e-06	28.2
L1-16-1.5epmF.pdb	L1-16-1.3hr5A.pdb	80.000	15	3	0	1	15	1	15	3.67e-06	28.2
L1-16-1.5epmF.pdb	L1-16-1.3wbdA.pdb	80.000	15	3	0	1	15	1	15	3.81e-06	28.2
L1-16-1.5epmF.pdb	L1-16-1.3vw3L.pdb	75.000	16	4	0	1	16	1	16	3.90e-06	27.8
L1-16-1.5epmF.pdb	L1-16-1.1lo0X.pdb	80.000	15	3	0	2	16	2	16	3.99e-06	27.8
L1-16-1.5epmF.pdb	L1-16-1.3nz8L.pdb	68.750	16	5	0	1	16	1	16	5.61e-06	27.8
L1-16-1.5epmF.pdb	L1-16-1.5drxL.pdb	73.333	15	4	0	1	15	1	15	6.85e-06	27.4
L1-16-1.5epmF.pdb	L1-16-1.4trpL.pdb	80.000	15	3	0	1	15	1	15	7.36e-06	27.4
L1-16-1.5epmF.pdb	L1-16-1.1f3dL.pdb	68.750	16	5	0	1	16	1	16	8.27e-06	26.9
L1-16-1.5epmF.pdb	L1-16-1.1ynlL.pdb	73.333	15	4	0	1	15	1	15	8.47e-06	26.9
L1-16-1.5epmF.pdb	L1-16-1.1mnuL.pdb	73.333	15	4	0	1	15	1	15	8.88e-06	26.9
L1-16-1.5epmF.pdb	L1-16-1.5iwlA.pdb	75.000	16	4	0	1	16	1	16	8.98e-06	26.9
L1-16-1.5epmF.pdb	L1-16-1.1qfuL.pdb	73.333	15	4	0	1	15	1	15	9.41e-06	26.9
L1-16-1.5epmF.pdb	L1-16-1.5jueL.pdb	73.333	15	4	0	1	15	1	15	1.05e-05	26.9
L1-16-1.5epmF.pdb	L1-16-1.2d03L.pdb	73.333	15	4	0	1	15	1	15	1.20e-05	26.5
L1-16-1.5epmF.pdb	L1-16-1.1t2qL.pdb	73.333	15	4	0	1	15	1	15	1.20e-05	26.5
L1-16-1.5epmF.pdb	L1-16-1.1dbbL.pdb	73.333	15	4	0	1	15	1	15	1.32e-05	26.5
L1-16-1.5epmF.pdb	L1-16-1.2a77L.pdb	68.750	16	5	0	1	16	1	16	1.40e-05	26.5
L1-16-1.5epmF.pdb	L1-16-1.4lqfL.pdb	73.333	15	4	0	1	15	1	15	1.54e-05	26.5
L1-16-1.5epmF.pdb	L1-16-1.4fabL.pdb	73.333	15	4	0	1	15	1	15	1.82e-05	26.1
L1-16-1.5epmF.pdb	L1-16-1.5aumL.pdb	73.333	15	4	0	1	15	1	15	2.29e-05	26.1
L1-16-1.5epmF.pdb	L1-16-none.5bmfL.pdb	75.000	16	4	0	1	16	1	16	2.58e-05	25.7
L1-16-1.5epmF.pdb	L1-16-1.1rmfL.pdb	73.333	15	4	0	1	15	1	15	2.58e-05	25.7
L1-16-1.5epmF.pdb	L1-16-1.4uv7L.pdb	62.500	16	6	0	1	16	1	16	4.74e-05	25.2
L1-16-1.5epmF.pdb	L1-16-none.3fo9A.pdb	66.667	15	5	0	1	15	1	15	6.49e-05	24.8
L1-16-1.5epmF.pdb	L1-16-1.1mjuL.pdb	66.667	15	5	0	1	15	1	15	6.96e-05	24.8
L1-16-1.5epmF.pdb	L1-16-1.1lmkC.pdb	73.333	15	4	0	1	15	1	15	7.21e-05	24.8
L1-16-1.5epmF.pdb	L1-16-1.1dsfL.pdb	60.000	15	6	0	1	15	1	15	7.64e-05	24.8
L1-16-1.5epmF.pdb	L1-16-none.1nakM.pdb	66.667	15	5	0	1	15	1	15	1.02e-04	24.4
L1-16-1.5epmF.pdb	L1-16-1.1gpoL.pdb	60.000	15	6	0	1	15	1	15	1.02e-04	24.4
L1-16-1.5epmF.pdb	L1-16-1.3qg6A.pdb	66.667	15	5	0	1	15	1	15	1.20e-04	24.0
L1-16-1.5epmF.pdb	L1-16-none.4fz8L.pdb	56.250	16	7	0	1	16	1	16	1.26e-04	24.0
L1-16-1.5epmF.pdb	L1-16-1.4lriB.pdb	56.250	16	7	0	1	16	1	16	1.57e-04	24.0
L1-16-1.5epmF.pdb	L1-16-1.1igfL.pdb	50.000	16	8	0	1	16	1	16	1.64e-04	23.5
L1-16-1.5epmF.pdb	L1-16-none.5chnB.pdb	53.333	15	7	0	1	15	1	15	2.10e-04	23.5
L1-16-1.5epmF.pdb	L1-16-1.4whtB.pdb	60.000	15	6	0	1	15	1	15	2.22e-04	23.5
L1-16-1.5epmF.pdb	L1-16-1.3qcuL.pdb	71.429	14	4	0	2	15	2	15	3.00e-04	23.1
L1-16-1.5epmF.pdb	L1-16-1.3qehB.pdb	56.250	16	7	0	1	16	1	16	3.15e-04	23.1
L1-16-1.5epmF.pdb	L1-16-1.4hcrN.pdb	53.333	15	7	0	1	15	1	15	3.53e-04	22.7
L1-16-1.5epmF.pdb	L1-16-1.1ad9L.pdb	53.333	15	7	0	1	15	1	15	4.01e-04	22.7
L1-16-1.5epmF.pdb	L1-16-1.4xxdA.pdb	53.333	15	7	0	1	15	1	15	6.81e-04	22.3
L1-16-1.5epmF.pdb	L1-16-1.1yeeL.pdb	53.333	15	7	0	1	15	1	15	6.89e-04	22.3
L1-16-1.5epmF.pdb	L1-16-1.3pp4L.pdb	60.000	15	6	0	1	15	1	15	7.30e-04	21.8
L1-16-1.5epmF.pdb	L1-16-1.1yejL.pdb	53.333	15	7	0	1	15	1	15	7.82e-04	21.8
L1-16-1.5epmF.pdb	L1-16-1.3ggwA.pdb	53.333	15	7	0	1	15	1	15	0.001	21.4
L1-16-1.5epmF.pdb	L1-16-1.4jn2L.pdb	46.667	15	8	0	1	15	1	15	0.001	21.4
L1-16-1.5epmF.pdb	L1-16-1.3cfbL.pdb	53.333	15	7	0	1	15	1	15	0.002	21.0
L1-16-1.5epmF.pdb	L1-16-1.1cr9L.pdb	46.667	15	8	0	1	15	1	15	0.002	21.0
L1-16-1.5epmF.pdb	L1-16-1.5ewiL.pdb	50.000	16	8	0	1	16	1	16	0.002	21.0
L1-16-1.5epmF.pdb	L1-16-1.1f8tL.pdb	57.143	14	6	0	2	15	2	15	0.002	21.0
L1-16-1.5epmF.pdb	L1-16-1.4dtgL.pdb	46.667	15	8	0	1	15	1	15	0.002	21.0
L1-16-1.5epmF.pdb	L1-16-1.4pb0L.pdb	46.667	15	8	0	1	15	1	15	0.002	20.6
L1-16-1.5epmF.pdb	L1-16-1.2ajvL.pdb	46.667	15	8	0	1	15	1	15	0.004	20.2
L1-16-1.5epmF.pdb	L1-16-1.3o6kL.pdb	40.000	15	9	0	1	15	1	15	0.005	19.7
L1-16-1.5epmF.pdb	L1-16-1.3u0tA.pdb	40.000	15	9	0	1	15	1	15	0.006	19.7
L1-16-1.5epmF.pdb	L1-16-1.1ncwL.pdb	40.000	15	9	0	1	15	1	15	0.009	19.3
L1-16-1.5epmF.pdb	L1-16-1.2g2rA.pdb	53.333	15	7	0	1	15	1	15	0.011	18.9
L1-16-1.5epmF.pdb	L1-16-none.1l7tL.pdb	62.500	16	6	0	1	16	1	16	0.016	18.5
L1-16-1.5epmF.pdb	L1-16-none.1cfvL.pdb	60.000	15	6	0	1	15	1	15	0.017	18.5
L1-16-1.5epmF.pdb	L1-16-1.2imnA.pdb	31.250	16	11	0	1	16	1	16	0.018	18.5
L1-16-1.5epmF.pdb	L1-16-1.3m8oL.pdb	43.750	16	9	0	1	16	1	16	0.023	18.0
L1-16-1.5epmF.pdb	L1-16-1.5dyoB.pdb	46.667	15	8	0	1	15	1	15	0.029	17.6
L1-16-1.5epmF.pdb	L1-16-1.4nujA.pdb	53.846	13	6	0	1	13	1	13	0.045	17.2
L1-16-1.5epmF.pdb	L1-16-1.4nugL.pdb	46.154	13	7	0	1	13	1	13	0.16	15.9
