L1-10-1.4ffvL.pdb	L1-10-1.3bkyL.pdb	80.000	10	2	0	1	10	1	10	0.001	18.0
L1-10-1.4ffvL.pdb	L1-10-1.4kphL.pdb	88.889	9	1	0	2	10	2	10	0.003	17.2
L1-10-1.4ffvL.pdb	L1-10-1.4qnpF.pdb	70.000	10	3	0	1	10	1	10	0.004	16.8
L1-10-1.4ffvL.pdb	L1-10-1.4kucD.pdb	70.000	10	3	0	1	10	1	10	0.006	16.3
L1-10-1.4ffvL.pdb	L1-10-1.2j4wL.pdb	70.000	10	3	0	1	10	1	10	0.006	16.3
L1-10-1.4ffvL.pdb	L1-10-1.1forL.pdb	77.778	9	2	0	2	10	2	10	0.006	16.3
L1-10-1.4ffvL.pdb	L1-10-1.1cloL.pdb	70.000	10	3	0	1	10	1	10	0.007	16.3
L1-10-1.4ffvL.pdb	L1-10-1.4kaqL.pdb	70.000	10	3	0	1	10	1	10	0.007	16.3
L1-10-1.4ffvL.pdb	L1-10-1.1yqvL.pdb	77.778	9	2	0	2	10	2	10	0.011	15.9
L1-10-1.4ffvL.pdb	L1-10-1.4hxaL.pdb	77.778	9	2	0	2	10	2	10	0.012	15.9
L1-10-1.4ffvL.pdb	L1-10-1.2w9dL.pdb	77.778	9	2	0	2	10	2	10	0.012	15.9
L1-10-1.4ffvL.pdb	L1-10-1.2bmkL.pdb	66.667	9	3	0	2	10	2	10	0.017	15.5
L1-10-1.4ffvL.pdb	L1-10-1.1pskL.pdb	77.778	9	2	0	2	10	2	10	0.018	15.5
L1-10-1.4ffvL.pdb	L1-10-1.4c83B.pdb	77.778	9	2	0	2	10	2	10	0.024	15.1
L1-10-1.4ffvL.pdb	L1-10-1.3nfsL.pdb	66.667	9	3	0	2	10	2	10	0.026	15.1
L1-10-1.4ffvL.pdb	L1-10-1.4ebqL.pdb	66.667	9	3	0	2	10	2	10	0.043	14.2
L1-10-1.4ffvL.pdb	L1-10-none.1ay1L.pdb	66.667	9	3	0	2	10	2	10	0.043	14.2
L1-10-1.4ffvL.pdb	L1-10-1.3qwoL.pdb	66.667	9	3	0	2	10	2	10	0.050	14.2
L1-10-1.4ffvL.pdb	L1-10-none.4eneD.pdb	66.667	9	3	0	2	10	2	10	0.067	13.8
L1-10-1.4ffvL.pdb	L1-10-1.1sy6L.pdb	66.667	9	3	0	2	10	2	10	0.081	13.8
L1-10-1.4ffvL.pdb	L1-10-1.4ag4L.pdb	66.667	9	3	0	2	10	2	10	0.10	13.4
L1-10-1.4ffvL.pdb	L1-10-1.2b2xL.pdb	75.000	8	2	0	2	9	2	9	0.11	13.4
L1-10-1.4ffvL.pdb	L1-10-1.1eo8L.pdb	55.556	9	4	0	2	10	2	10	0.13	13.4
L1-10-1.4ffvL.pdb	L1-10-1.2hwzL.pdb	66.667	6	2	0	5	10	5	10	0.49	11.7
L1-10-1.4ffvL.pdb	L1-10-1.1mimL.pdb	55.556	9	4	0	2	10	2	10	0.73	11.2
L1-10-1.4ffvL.pdb	L1-10-1.2fbjL.pdb	25.000	4	3	0	7	10	7	10	79	 6.2
