H1-14-1.4x7sH.pdb	H1-14-1.4lkxA.pdb	88.889	9	1	0	1	9	1	9	0.001	17.6
H1-14-1.4x7sH.pdb	H1-14-1.4m5yH.pdb	88.889	9	1	0	1	9	1	9	0.001	17.2
H1-14-1.4x7sH.pdb	H1-14-1.5cp3H.pdb	77.778	9	2	0	1	9	1	9	0.002	16.3
H1-14-1.4x7sH.pdb	H1-14-1.3lexA.pdb	77.778	9	2	0	1	9	1	9	0.002	16.3
H1-14-1.4x7sH.pdb	H1-14-1.3g5yB.pdb	77.778	9	2	0	1	9	1	9	0.002	16.3
H1-14-1.4x7sH.pdb	H1-14-1.2z92A.pdb	77.778	9	2	0	1	9	1	9	0.002	16.3
H1-14-1.4x7sH.pdb	H1-14-1.1cf8H.pdb	77.778	9	2	0	1	9	1	9	0.002	16.3
H1-14-1.4x7sH.pdb	H1-14-1.3cx5J.pdb	77.778	9	2	0	1	9	1	9	0.003	16.3
H1-14-1.4x7sH.pdb	H1-14-1.1orsB.pdb	66.667	9	3	0	1	9	1	9	0.005	15.5
H1-14-1.4x7sH.pdb	H1-14-1.2ajuH.pdb	66.667	9	3	0	1	9	1	9	0.005	15.5
H1-14-1.4x7sH.pdb	H1-14-1.4mauH.pdb	66.667	9	3	0	1	9	1	9	0.006	15.5
H1-14-1.4x7sH.pdb	H1-14-1.5e2wH.pdb	66.667	9	3	0	1	9	1	9	0.012	14.6
H1-14-1.4x7sH.pdb	H1-14-1.3leyH.pdb	55.556	9	4	0	1	9	1	9	0.036	13.4
H1-14-1.4x7sH.pdb	H1-14-1.4lvnC.pdb	55.556	9	4	0	1	9	1	9	0.080	12.5
