H1-14-1.2ajuH.pdb	H1-14-1.5cp3H.pdb	88.889	9	1	0	1	9	1	9	0.001	17.2
H1-14-1.2ajuH.pdb	H1-14-1.3lexA.pdb	88.889	9	1	0	1	9	1	9	0.001	17.2
H1-14-1.2ajuH.pdb	H1-14-1.3g5yB.pdb	88.889	9	1	0	1	9	1	9	0.001	17.2
H1-14-1.2ajuH.pdb	H1-14-1.2z92A.pdb	88.889	9	1	0	1	9	1	9	0.001	17.2
H1-14-1.2ajuH.pdb	H1-14-1.1cf8H.pdb	88.889	9	1	0	1	9	1	9	0.001	17.2
H1-14-1.2ajuH.pdb	H1-14-1.1orsB.pdb	100.000	8	0	0	1	8	1	8	0.001	17.2
H1-14-1.2ajuH.pdb	H1-14-1.4lkxA.pdb	77.778	9	2	0	1	9	1	9	0.002	16.3
H1-14-1.2ajuH.pdb	H1-14-1.3cx5J.pdb	77.778	9	2	0	1	9	1	9	0.002	16.3
H1-14-1.2ajuH.pdb	H1-14-1.4mauH.pdb	77.778	9	2	0	1	9	1	9	0.002	16.3
H1-14-1.2ajuH.pdb	H1-14-1.3leyH.pdb	88.889	9	1	0	1	9	1	9	0.004	15.9
H1-14-1.2ajuH.pdb	H1-14-1.1kcvH.pdb	77.778	9	2	0	1	9	1	9	0.005	15.5
H1-14-1.2ajuH.pdb	H1-14-1.4x7sH.pdb	66.667	9	3	0	1	9	1	9	0.005	15.5
H1-14-1.2ajuH.pdb	H1-14-1.4m5yH.pdb	55.556	9	4	0	1	9	1	9	0.010	15.1
H1-14-1.2ajuH.pdb	H1-14-1.4lvnC.pdb	66.667	9	3	0	1	9	1	9	0.021	14.2
