L1-14-2.4y5vE.pdb	L1-14-2.3gjfL.pdb	85.714	14	2	0	1	14	1	14	2.05e-05	24.4
L1-14-2.4y5vE.pdb	L1-14-2.1dclB.pdb	85.714	14	2	0	1	14	1	14	2.05e-05	24.4
L1-14-2.4y5vE.pdb	L1-14-none.4nikB.pdb	85.714	14	2	0	1	14	1	14	2.28e-05	24.4
L1-14-2.4y5vE.pdb	L1-14-2.4ravB.pdb	78.571	14	3	0	1	14	1	14	6.21e-05	23.5
L1-14-2.4y5vE.pdb	L1-14-2.4h8wL.pdb	78.571	14	3	0	1	14	1	14	7.41e-05	23.1
L1-14-2.4y5vE.pdb	L1-14-none.3gheL.pdb	78.571	14	3	0	1	14	1	14	8.63e-05	23.1
L1-14-2.4y5vE.pdb	L1-14-2.2omnB.pdb	85.714	14	2	0	1	14	1	14	1.02e-04	22.7
L1-14-2.4y5vE.pdb	L1-14-2.5c2bL.pdb	78.571	14	3	0	1	14	1	14	1.26e-04	22.7
L1-14-2.4y5vE.pdb	L1-14-2.5cckL.pdb	71.429	14	4	0	1	14	1	14	2.36e-04	21.8
L1-14-2.4y5vE.pdb	L1-14-2.2jb5L.pdb	78.571	14	3	0	1	14	1	14	2.51e-04	21.8
L1-14-2.4y5vE.pdb	L1-14-2.4uu9L.pdb	78.571	14	3	0	1	14	1	14	2.54e-04	21.8
L1-14-2.4y5vE.pdb	L1-14-2.4rnrB.pdb	64.286	14	5	0	1	14	1	14	4.04e-04	21.4
L1-14-2.4y5vE.pdb	L1-14-2.4f58M.pdb	71.429	14	4	0	1	14	1	14	4.24e-04	21.0
L1-14-2.4y5vE.pdb	L1-14-2.5awnL.pdb	64.286	14	5	0	1	14	1	14	5.41e-04	21.0
L1-14-2.4y5vE.pdb	L1-14-2.3u2sB.pdb	76.923	13	3	0	2	14	2	14	0.001	20.2
L1-14-2.4y5vE.pdb	L1-14-2.4yaqB.pdb	71.429	14	4	0	1	14	1	14	0.001	20.2
L1-14-2.4y5vE.pdb	L1-14-2.4dqoL.pdb	76.923	13	3	0	2	14	2	14	0.001	20.2
L1-14-2.4y5vE.pdb	L1-14-2.3lrsB.pdb	71.429	14	4	0	1	14	1	14	0.001	20.2
L1-14-2.4y5vE.pdb	L1-14-2.5f6hN.pdb	71.429	14	4	0	1	14	1	14	0.003	18.9
L1-14-2.4y5vE.pdb	L1-14-2.5f6iC.pdb	64.286	14	5	0	1	14	1	14	0.010	17.6
L1-14-2.4y5vE.pdb	L1-14-none.1jvkB.pdb	64.286	14	5	0	1	14	1	14	0.031	16.3
L1-14-2.4y5vE.pdb	L1-14-none.4ut7L.pdb	57.143	14	6	0	1	14	1	14	0.034	15.9
L1-14-2.4y5vE.pdb	L1-14-none.4d9lL.pdb	50.000	10	5	0	1	10	1	10	0.29	13.4
L1-14-2.4y5vE.pdb	L1-14-none.3h42L.pdb	63.636	11	3	1	1	10	1	11	0.58	12.9
L1-14-2.4y5vE.pdb	L1-14-none.4m6nL.pdb	63.636	11	3	1	1	10	1	11	0.60	12.9
L1-14-2.4y5vE.pdb	L1-14-none.4tscL.pdb	63.636	11	3	1	1	10	1	11	1.0	12.1
