L1-12-1.3w9eB.pdb	L1-12-1.5k9jL.pdb	88.889	9	1	0	1	9	1	9	0.005	15.9
L1-12-1.3w9eB.pdb	L1-12-1.5i1kL.pdb	88.889	9	1	0	1	9	1	9	0.005	15.9
L1-12-1.3w9eB.pdb	L1-12-1.4qxgL.pdb	88.889	9	1	0	1	9	1	9	0.005	15.9
L1-12-1.3w9eB.pdb	L1-12-1.4hweL.pdb	77.778	9	2	0	1	9	1	9	0.011	15.1
L1-12-1.3w9eB.pdb	L1-12-1.5ibuL.pdb	77.778	9	2	0	1	9	1	9	0.026	14.2
L1-12-1.3w9eB.pdb	L1-12-1.3tclL.pdb	87.500	8	1	0	1	8	1	8	0.030	13.8
L1-12-1.3w9eB.pdb	L1-12-1.1iqdA.pdb	77.778	9	2	0	1	9	1	9	0.050	13.4
L1-12-1.3w9eB.pdb	L1-12-1.2brrL.pdb	77.778	9	2	0	1	9	1	9	0.11	12.5
L1-12-1.3w9eB.pdb	L1-12-1.4zfgL.pdb	62.500	8	3	0	1	8	1	8	0.19	12.1
L1-12-1.3w9eB.pdb	L1-12-1.4xp9L.pdb	77.778	9	2	0	1	9	1	9	0.21	12.1
L1-12-1.3w9eB.pdb	L1-12-1.35c8L.pdb	75.000	8	2	0	2	9	2	9	1.2	10.4
L1-12-1.3w9eB.pdb	L1-12-1.1orsA.pdb	75.000	8	2	0	2	9	2	9	1.2	10.4
L1-12-1.3w9eB.pdb	L1-12-1.3eotL.pdb	75.000	8	2	0	2	9	2	9	1.2	10.0
L1-12-1.3w9eB.pdb	L1-12-1.1cf8L.pdb	71.429	7	2	0	2	8	2	8	2.7	 9.1
L1-12-1.3w9eB.pdb	L1-12-1.4lvnB.pdb	62.500	8	3	0	2	9	2	9	3.5	 9.1
