L2-8-2.4xvjL.pdb	L2-8-2.5dt1L.pdb	70.000	10	3	0	1	10	1	10	7.00e-04	18.5
L2-8-2.4xvjL.pdb	L2-8-2.4osuL.pdb	70.000	10	3	0	1	10	1	10	0.001	18.0
L2-8-2.4xvjL.pdb	L2-8-2.4p48A.pdb	70.000	10	3	0	1	10	1	10	0.001	17.6
L2-8-2.4xvjL.pdb	L2-8-2.4fqiL.pdb	80.000	10	2	0	1	10	1	10	0.001	17.6
L2-8-2.4xvjL.pdb	L2-8-2.4glrK.pdb	80.000	10	2	0	1	10	1	10	0.002	17.2
L2-8-2.4xvjL.pdb	L2-8-2.2mmxA.pdb	60.000	10	4	0	1	10	1	10	0.004	16.3
L2-8-2.4xvjL.pdb	L2-8-2.4lsuL.pdb	60.000	10	4	0	1	10	1	10	0.004	16.3
L2-8-2.4xvjL.pdb	L2-8-2.4p49A.pdb	60.000	10	4	0	1	10	1	10	0.007	15.9
L2-8-2.4xvjL.pdb	L2-8-2.3go1L.pdb	60.000	10	4	0	1	10	1	10	0.011	15.5
L2-8-2.4xvjL.pdb	L2-8-2.4rnrD.pdb	50.000	10	5	0	1	10	1	10	0.013	15.1
L2-8-2.4xvjL.pdb	L2-8-2.1fl5A.pdb	60.000	10	4	0	1	10	1	10	0.19	12.1
