L1-13-1.5cgyD.pdb	L1-13-1.3thmL.pdb	76.923	13	3	0	1	13	1	13	0.002	19.7
L1-13-1.5cgyD.pdb	L1-13-1.4gxvL.pdb	76.923	13	3	0	1	13	1	13	0.004	18.5
L1-13-1.5cgyD.pdb	L1-13-1.3lrgB.pdb	76.923	13	3	0	1	13	1	13	0.004	18.5
L1-13-1.5cgyD.pdb	L1-13-1.3tjeL.pdb	69.231	13	4	0	1	13	1	13	0.005	18.5
L1-13-1.5cgyD.pdb	L1-13-1.4buhA.pdb	76.923	13	3	0	1	13	1	13	0.006	18.0
L1-13-1.5cgyD.pdb	L1-13-1.2fb4L.pdb	76.923	13	3	0	1	13	1	13	0.007	18.0
L1-13-1.5cgyD.pdb	L1-13-1.4yjzL.pdb	61.538	13	5	0	1	13	1	13	0.009	17.6
L1-13-1.5cgyD.pdb	L1-13-1.4o5lL.pdb	69.231	13	4	0	1	13	1	13	0.015	17.2
L1-13-1.5cgyD.pdb	L1-13-1.1bjmB.pdb	75.000	12	3	0	1	12	1	12	0.017	16.8
L1-13-1.5cgyD.pdb	L1-13-1.4fqjL.pdb	69.231	13	4	0	1	13	1	13	0.018	16.8
L1-13-1.5cgyD.pdb	L1-13-1.5j75B.pdb	69.231	13	4	0	1	13	1	13	0.021	16.8
L1-13-1.5cgyD.pdb	L1-13-1.3mlyM.pdb	75.000	12	3	0	1	12	1	12	0.023	16.8
L1-13-1.5cgyD.pdb	L1-13-1.4od1L.pdb	75.000	12	3	0	1	12	1	12	0.027	16.3
L1-13-1.5cgyD.pdb	L1-13-1.1rzfL.pdb	75.000	12	3	0	1	12	1	12	0.028	16.3
L1-13-1.5cgyD.pdb	L1-13-1.2xwtB.pdb	75.000	12	3	0	1	12	1	12	0.030	16.3
L1-13-1.5cgyD.pdb	L1-13-1.4xvjL.pdb	75.000	12	3	0	1	12	1	12	0.030	16.3
L1-13-1.5cgyD.pdb	L1-13-1.5adoL.pdb	75.000	12	3	0	1	12	1	12	0.040	15.9
L1-13-1.5cgyD.pdb	L1-13-1.4m1dM.pdb	75.000	12	3	0	1	12	1	12	0.041	15.9
L1-13-1.5cgyD.pdb	L1-13-1.2xzcL.pdb	75.000	12	3	0	1	12	1	12	0.049	15.9
L1-13-1.5cgyD.pdb	L1-13-1.5dt1L.pdb	66.667	12	4	0	1	12	1	12	0.052	15.5
L1-13-1.5cgyD.pdb	L1-13-1.4osuL.pdb	75.000	12	3	0	1	12	1	12	0.053	15.5
L1-13-1.5cgyD.pdb	L1-13-none.4ocsL.pdb	75.000	12	3	0	1	12	1	12	0.059	15.5
L1-13-1.5cgyD.pdb	L1-13-1.4fqiL.pdb	61.538	13	5	0	1	13	1	13	0.067	15.5
L1-13-1.5cgyD.pdb	L1-13-1.2rheA.pdb	50.000	12	6	0	1	12	1	12	0.075	15.1
L1-13-1.5cgyD.pdb	L1-13-1.2a9mL.pdb	66.667	12	4	0	1	12	1	12	0.092	15.1
L1-13-1.5cgyD.pdb	L1-13-1.3gbnL.pdb	66.667	12	4	0	1	12	1	12	0.096	15.1
L1-13-1.5cgyD.pdb	L1-13-none.4od3L.pdb	66.667	12	4	0	1	12	1	12	0.11	14.6
L1-13-1.5cgyD.pdb	L1-13-1.4q2zL.pdb	53.846	13	6	0	1	13	1	13	0.12	14.6
L1-13-1.5cgyD.pdb	L1-13-1.3mlwL.pdb	66.667	12	4	0	1	12	1	12	0.13	14.6
L1-13-1.5cgyD.pdb	L1-13-1.5fcuL.pdb	61.538	13	5	0	1	13	1	13	0.18	14.2
L1-13-1.5cgyD.pdb	L1-13-1.3t0vA.pdb	58.333	12	5	0	1	12	1	12	0.19	14.2
L1-13-1.5cgyD.pdb	L1-13-1.4ocrL.pdb	66.667	12	4	0	1	12	1	12	0.20	14.2
L1-13-1.5cgyD.pdb	L1-13-2.4yo0B.pdb	70.000	10	3	0	4	13	4	13	0.23	13.8
L1-13-1.5cgyD.pdb	L1-13-1.5alcL.pdb	58.333	12	5	0	1	12	1	12	0.28	13.8
L1-13-1.5cgyD.pdb	L1-13-1.2b1hL.pdb	53.846	13	6	0	1	13	1	13	0.56	12.9
L1-13-1.5cgyD.pdb	L1-13-1.4k3dL.pdb	75.000	8	2	0	1	8	1	8	1.0	12.1
L1-13-1.5cgyD.pdb	L1-13-2.1cd0B.pdb	66.667	9	3	0	4	12	4	12	2.1	11.7
L1-13-1.5cgyD.pdb	L1-13-1.3n9gL.pdb	80.000	5	1	0	9	13	9	13	207	 6.2
L1-13-1.5cgyD.pdb	L1-13-1.3qhzM.pdb	80.000	5	1	0	8	12	8	12	999	 4.0
