L2-8-1.3mlyL.pdb	L2-8-1.4hpyL.pdb	90.000	10	1	0	1	10	1	10	0.001	21.0
L2-8-1.3mlyL.pdb	L2-8-1.3ujiL.pdb	80.000	10	2	0	1	10	1	10	0.003	20.2
L2-8-1.3mlyL.pdb	L2-8-1.4aj0B.pdb	80.000	10	2	0	1	10	1	10	0.003	20.2
L2-8-1.3mlyL.pdb	L2-8-1.5awnL.pdb	90.000	10	1	0	1	10	1	10	0.003	19.7
L2-8-1.3mlyL.pdb	L2-8-1.4m6nL.pdb	90.000	10	1	0	1	10	1	10	0.004	19.7
L2-8-1.3mlyL.pdb	L2-8-1.4ocsL.pdb	80.000	10	2	0	1	10	1	10	0.004	19.7
L2-8-1.3mlyL.pdb	L2-8-1.2xzcL.pdb	80.000	10	2	0	1	10	1	10	0.005	19.7
L2-8-1.3mlyL.pdb	L2-8-1.3h0tA.pdb	80.000	10	2	0	1	10	1	10	0.006	19.3
L2-8-1.3mlyL.pdb	L2-8-1.4ut7L.pdb	80.000	10	2	0	1	10	1	10	0.006	19.3
L2-8-1.3mlyL.pdb	L2-8-1.4xnqA.pdb	70.000	10	3	0	1	10	1	10	0.007	18.9
L2-8-1.3mlyL.pdb	L2-8-1.3ulsL.pdb	80.000	10	2	0	1	10	1	10	0.009	18.9
L2-8-1.3mlyL.pdb	L2-8-1.4od3L.pdb	80.000	10	2	0	1	10	1	10	0.010	18.9
L2-8-1.3mlyL.pdb	L2-8-1.5cckL.pdb	80.000	10	2	0	1	10	1	10	0.012	18.5
L2-8-1.3mlyL.pdb	L2-8-1.5fgcB.pdb	70.000	10	3	0	1	10	1	10	0.012	18.5
L2-8-1.3mlyL.pdb	L2-8-1.3u2sB.pdb	80.000	10	2	0	1	10	1	10	0.013	18.5
L2-8-1.3mlyL.pdb	L2-8-1.4m1dL.pdb	80.000	10	2	0	1	10	1	10	0.014	18.5
L2-8-1.3mlyL.pdb	L2-8-1.4qciA.pdb	70.000	10	3	0	1	10	1	10	0.015	18.5
L2-8-1.3mlyL.pdb	L2-8-1.4jamB.pdb	80.000	10	2	0	1	10	1	10	0.015	18.5
L2-8-1.3mlyL.pdb	L2-8-1.1rzfL.pdb	80.000	10	2	0	1	10	1	10	0.015	18.5
L2-8-1.3mlyL.pdb	L2-8-1.3mlrL.pdb	70.000	10	3	0	1	10	1	10	0.016	18.0
L2-8-1.3mlyL.pdb	L2-8-1.4m5yL.pdb	70.000	10	3	0	1	10	1	10	0.017	18.0
L2-8-1.3mlyL.pdb	L2-8-1.5fcuL.pdb	70.000	10	3	0	1	10	1	10	0.020	18.0
L2-8-1.3mlyL.pdb	L2-8-1.4d9lL.pdb	80.000	10	2	0	1	10	1	10	0.020	18.0
L2-8-1.3mlyL.pdb	L2-8-1.4unuA.pdb	80.000	10	2	0	1	10	1	10	0.021	18.0
L2-8-1.3mlyL.pdb	L2-8-1.3npsC.pdb	70.000	10	3	0	1	10	1	10	0.021	18.0
L2-8-1.3mlyL.pdb	L2-8-1.3gheL.pdb	70.000	10	3	0	1	10	1	10	0.029	17.6
L2-8-1.3mlyL.pdb	L2-8-1.4q2zL.pdb	70.000	10	3	0	1	10	1	10	0.034	17.2
L2-8-1.3mlyL.pdb	L2-8-1.1lilB.pdb	60.000	10	4	0	1	10	1	10	0.038	17.2
L2-8-1.3mlyL.pdb	L2-8-1.4y5vE.pdb	70.000	10	3	0	1	10	1	10	0.039	17.2
L2-8-1.3mlyL.pdb	L2-8-1.4h8wL.pdb	80.000	10	2	0	1	10	1	10	0.040	17.2
L2-8-1.3mlyL.pdb	L2-8-1.4tscL.pdb	70.000	10	3	0	1	10	1	10	0.044	17.2
L2-8-1.3mlyL.pdb	L2-8-1.1nfdE.pdb	70.000	10	3	0	1	10	1	10	0.044	17.2
L2-8-1.3mlyL.pdb	L2-8-1.3g6aA.pdb	60.000	10	4	0	1	10	1	10	0.057	16.8
L2-8-1.3mlyL.pdb	L2-8-1.3lmjL.pdb	50.000	10	5	0	1	10	1	10	0.063	16.8
L2-8-1.3mlyL.pdb	L2-8-1.2omnA.pdb	70.000	10	3	0	1	10	1	10	0.067	16.8
L2-8-1.3mlyL.pdb	L2-8-1.2z92B.pdb	70.000	10	3	0	1	10	1	10	0.069	16.8
L2-8-1.3mlyL.pdb	L2-8-1.4aizA.pdb	70.000	10	3	0	1	10	1	10	0.097	16.3
L2-8-1.3mlyL.pdb	L2-8-1.2cd0A.pdb	60.000	10	4	0	1	10	1	10	0.099	16.3
L2-8-1.3mlyL.pdb	L2-8-1.4jy5L.pdb	70.000	10	3	0	1	10	1	10	0.10	16.3
L2-8-1.3mlyL.pdb	L2-8-1.4qhuL.pdb	60.000	10	4	0	1	10	1	10	0.11	15.9
L2-8-1.3mlyL.pdb	L2-8-1.5cgyL.pdb	70.000	10	3	0	1	10	1	10	0.11	15.9
L2-8-1.3mlyL.pdb	L2-8-1.3qhzL.pdb	70.000	10	3	0	1	10	1	10	0.11	15.9
L2-8-1.3mlyL.pdb	L2-8-1.5j75A.pdb	70.000	10	3	0	1	10	1	10	0.12	15.9
L2-8-1.3mlyL.pdb	L2-8-1.8fabC.pdb	60.000	10	4	0	1	10	1	10	0.13	15.9
L2-8-1.3mlyL.pdb	L2-8-1.4fzeL.pdb	70.000	10	3	0	1	10	1	10	0.13	15.9
L2-8-1.3mlyL.pdb	L2-8-1.4eowL.pdb	70.000	10	3	0	1	10	1	10	0.13	15.9
L2-8-1.3mlyL.pdb	L2-8-1.4ocrL.pdb	70.000	10	3	0	1	10	1	10	0.14	15.9
L2-8-1.3mlyL.pdb	L2-8-1.3t0xB.pdb	60.000	10	4	0	1	10	1	10	0.15	15.9
L2-8-1.3mlyL.pdb	L2-8-1.5hi4D.pdb	60.000	10	4	0	1	10	1	10	0.15	15.9
L2-8-1.3mlyL.pdb	L2-8-1.4yjzL.pdb	70.000	10	3	0	1	10	1	10	0.15	15.9
L2-8-1.3mlyL.pdb	L2-8-1.3se9L.pdb	60.000	10	4	0	1	10	1	10	0.17	15.5
L2-8-1.3mlyL.pdb	L2-8-1.4xcfL.pdb	70.000	10	3	0	1	10	1	10	0.18	15.5
L2-8-1.3mlyL.pdb	L2-8-1.4fq2L.pdb	70.000	10	3	0	1	10	1	10	0.19	15.5
L2-8-1.3mlyL.pdb	L2-8-1.1e6oL.pdb	70.000	10	3	0	1	10	1	10	0.22	15.5
L2-8-1.3mlyL.pdb	L2-8-1.2yk1L.pdb	70.000	10	3	0	1	10	1	10	0.22	15.5
L2-8-1.3mlyL.pdb	L2-8-1.3h42L.pdb	77.778	9	2	0	2	10	2	10	0.24	15.1
L2-8-1.3mlyL.pdb	L2-8-1.2fb4L.pdb	60.000	10	4	0	1	10	1	10	0.24	15.1
L2-8-1.3mlyL.pdb	L2-8-1.2xqbL.pdb	60.000	10	4	0	1	10	1	10	0.26	15.1
L2-8-1.3mlyL.pdb	L2-8-1.5chnL.pdb	70.000	10	3	0	1	10	1	10	0.27	15.1
L2-8-1.3mlyL.pdb	L2-8-1.4f57L.pdb	50.000	10	5	0	1	10	1	10	0.33	14.6
L2-8-1.3mlyL.pdb	L2-8-1.2w9dL.pdb	60.000	10	4	0	1	10	1	10	0.37	14.6
L2-8-1.3mlyL.pdb	L2-8-1.5fuzL.pdb	70.000	10	3	0	1	10	1	10	0.39	14.6
L2-8-1.3mlyL.pdb	L2-8-1.4hcrL.pdb	70.000	10	3	0	1	10	1	10	0.40	14.6
L2-8-1.3mlyL.pdb	L2-8-1.3kdmA.pdb	60.000	10	4	0	1	10	1	10	0.41	14.6
L2-8-1.3mlyL.pdb	L2-8-1.4yo0D.pdb	60.000	10	4	0	1	10	1	10	0.48	14.2
L2-8-1.3mlyL.pdb	L2-8-1.2fatL.pdb	60.000	10	4	0	1	10	1	10	0.48	14.2
L2-8-1.3mlyL.pdb	L2-8-1.4eneF.pdb	60.000	10	4	0	1	10	1	10	0.49	14.2
L2-8-1.3mlyL.pdb	L2-8-1.4jy6A.pdb	60.000	10	4	0	1	10	1	10	0.51	14.2
L2-8-1.3mlyL.pdb	L2-8-1.5c2bL.pdb	50.000	10	5	0	1	10	1	10	0.56	14.2
L2-8-1.3mlyL.pdb	L2-8-1.4jo1L.pdb	60.000	10	4	0	1	10	1	10	0.58	14.2
L2-8-1.3mlyL.pdb	L2-8-1.4wukL.pdb	75.000	8	2	0	3	10	3	10	0.59	14.2
L2-8-1.3mlyL.pdb	L2-8-1.4toyL.pdb	50.000	10	5	0	1	10	1	10	0.59	14.2
L2-8-1.3mlyL.pdb	L2-8-1.1f3dJ.pdb	70.000	10	3	0	1	10	1	10	0.60	14.2
L2-8-1.3mlyL.pdb	L2-8-1.4hbcL.pdb	60.000	10	4	0	1	10	1	10	0.74	13.8
L2-8-1.3mlyL.pdb	L2-8-1.5azeL.pdb	75.000	8	2	0	3	10	3	10	0.85	13.8
L2-8-1.3mlyL.pdb	L2-8-1.4ydjL.pdb	50.000	10	5	0	1	10	1	10	0.86	13.8
L2-8-1.3mlyL.pdb	L2-8-1.4gxvL.pdb	60.000	10	4	0	1	10	1	10	0.86	13.8
L2-8-1.3mlyL.pdb	L2-8-1.1rurL.pdb	60.000	10	4	0	1	10	1	10	1.3	13.4
L2-8-1.3mlyL.pdb	L2-8-1.3mlwL.pdb	50.000	10	5	0	1	10	1	10	1.5	13.4
L2-8-1.3mlyL.pdb	L2-8-1.4n0yL.pdb	60.000	10	4	0	1	10	1	10	1.5	13.4
L2-8-1.3mlyL.pdb	L2-8-1.5dtfB.pdb	60.000	10	4	0	1	10	1	10	1.6	12.9
L2-8-1.3mlyL.pdb	L2-8-1.3tnmB.pdb	66.667	9	3	0	2	10	2	10	1.6	12.9
L2-8-1.3mlyL.pdb	L2-8-1.4fqjL.pdb	60.000	10	4	0	1	10	1	10	2.0	12.9
L2-8-1.3mlyL.pdb	L2-8-1.1cr9L.pdb	85.714	7	1	0	4	10	4	10	2.9	12.5
L2-8-1.3mlyL.pdb	L2-8-1.4g6mL.pdb	60.000	10	4	0	1	10	1	10	3.4	12.5
L2-8-1.3mlyL.pdb	L2-8-1.2rheA.pdb	60.000	10	4	0	1	10	1	10	4.2	12.1
L2-8-1.3mlyL.pdb	L2-8-1.3lexB.pdb	60.000	10	4	0	1	10	1	10	4.4	12.1
L2-8-1.3mlyL.pdb	L2-8-1.4l1hA.pdb	50.000	10	5	0	1	10	1	10	5.0	12.1
L2-8-1.3mlyL.pdb	L2-8-1.3rpiB.pdb	50.000	10	5	0	1	10	1	10	5.5	11.7
L2-8-1.3mlyL.pdb	L2-8-1.3g04A.pdb	50.000	10	5	0	1	10	1	10	5.9	11.7
L2-8-1.3mlyL.pdb	L2-8-1.5i8kL.pdb	55.556	9	4	0	2	10	2	10	11	11.2
L2-8-1.3mlyL.pdb	L2-8-1.1l7tL.pdb	50.000	10	5	0	1	10	1	10	14	10.8
L2-8-1.3mlyL.pdb	L2-8-1.2w60B.pdb	60.000	10	4	0	1	10	1	10	15	10.8
L2-8-1.3mlyL.pdb	L2-8-1.1f8tL.pdb	60.000	10	4	0	1	10	1	10	15	10.8
L2-8-1.3mlyL.pdb	L2-8-1.1y0lE.pdb	57.143	7	3	0	4	10	4	10	18	10.8
L2-8-1.3mlyL.pdb	L2-8-1.1yejL.pdb	71.429	7	2	0	4	10	4	10	39	 9.5
