L1-12-1.4xnyL.pdb	L1-12-1.5i1kL.pdb	58.333	12	5	0	1	12	1	12	0.011	16.8
L1-12-1.4xnyL.pdb	L1-12-1.1iqdA.pdb	58.333	12	5	0	1	12	1	12	0.014	16.3
L1-12-1.4xnyL.pdb	L1-12-2.4dn3L.pdb	50.000	12	6	0	1	12	1	12	0.022	15.9
L1-12-1.4xnyL.pdb	L1-12-none.5dr5L.pdb	58.333	12	5	0	1	12	1	12	0.024	15.9
L1-12-1.4xnyL.pdb	L1-12-1.3w9eB.pdb	50.000	12	6	0	1	12	1	12	0.025	15.9
L1-12-1.4xnyL.pdb	L1-12-2.5gryG.pdb	50.000	12	6	0	1	12	1	12	0.029	15.5
L1-12-1.4xnyL.pdb	L1-12-1.5k9jL.pdb	50.000	12	6	0	1	12	1	12	0.034	15.5
L1-12-1.4xnyL.pdb	L1-12-none.3eo0A.pdb	50.000	12	6	0	1	12	1	12	0.054	15.1
L1-12-1.4xnyL.pdb	L1-12-1.4xmpL.pdb	50.000	12	6	0	1	12	1	12	0.062	14.6
L1-12-1.4xnyL.pdb	L1-12-2.5bzdC.pdb	50.000	12	6	0	1	12	1	12	0.084	14.6
L1-12-1.4xnyL.pdb	L1-12-1.4ydlC.pdb	50.000	12	6	0	1	12	1	12	0.095	14.2
L1-12-1.4xnyL.pdb	L1-12-2.4xcfL.pdb	41.667	12	7	0	1	12	1	12	0.099	14.2
L1-12-1.4xnyL.pdb	L1-12-2.2fx7L.pdb	41.667	12	7	0	1	12	1	12	0.099	14.2
L1-12-1.4xnyL.pdb	L1-12-2.1rhhA.pdb	50.000	12	6	0	1	12	1	12	0.10	14.2
L1-12-1.4xnyL.pdb	L1-12-1.5ibuL.pdb	41.667	12	7	0	1	12	1	12	0.17	13.8
L1-12-1.4xnyL.pdb	L1-12-2.1dn0C.pdb	45.455	11	6	0	2	12	2	12	0.21	13.4
L1-12-1.4xnyL.pdb	L1-12-2.4rzcL.pdb	33.333	12	8	0	1	12	1	12	0.80	12.1
L1-12-1.4xnyL.pdb	L1-12-2.5dmgD.pdb	33.333	12	8	0	1	12	1	12	2.9	10.4
