L1-15-1.5aamA.pdb	L1-15-1.5dqdL.pdb	86.667	15	2	0	1	15	1	15	8.82e-08	30.8
L1-15-1.5aamA.pdb	L1-15-1.3s35L.pdb	86.667	15	2	0	1	15	1	15	1.17e-07	30.3
L1-15-1.5aamA.pdb	L1-15-1.4odsL.pdb	86.667	15	2	0	1	15	1	15	1.31e-07	30.3
L1-15-1.5aamA.pdb	L1-15-1.3wkmL.pdb	80.000	15	3	0	1	15	1	15	3.04e-07	29.5
L1-15-1.5aamA.pdb	L1-15-1.4wcyL.pdb	80.000	15	3	0	1	15	1	15	4.39e-07	29.1
L1-15-1.5aamA.pdb	L1-15-1.1ai1L.pdb	80.000	15	3	0	1	15	1	15	4.82e-07	29.1
L1-15-1.5aamA.pdb	L1-15-1.4nj9L.pdb	80.000	15	3	0	1	15	1	15	6.96e-07	28.6
L1-15-1.5aamA.pdb	L1-15-1.4i77L.pdb	80.000	15	3	0	1	15	1	15	1.05e-06	28.2
L1-15-1.5aamA.pdb	L1-15-1.2gcyA.pdb	73.333	15	4	0	1	15	1	15	1.30e-06	27.8
L1-15-1.5aamA.pdb	L1-15-1.4hs8L.pdb	73.333	15	4	0	1	15	1	15	3.02e-06	26.9
L1-15-1.5aamA.pdb	L1-15-1.1h0dA.pdb	78.571	14	3	0	1	14	1	14	4.62e-06	26.5
L1-15-1.5aamA.pdb	L1-15-1.2hrpM.pdb	73.333	15	4	0	1	15	1	15	6.13e-06	26.1
L1-15-1.5aamA.pdb	L1-15-1.2or9M.pdb	73.333	15	4	0	1	15	1	15	6.81e-06	26.1
L1-15-1.5aamA.pdb	L1-15-1.4ffyL.pdb	73.333	15	4	0	1	15	1	15	7.40e-06	26.1
L1-15-1.5aamA.pdb	L1-15-1.3zkmL.pdb	66.667	15	5	0	1	15	1	15	1.07e-05	25.7
L1-15-1.5aamA.pdb	L1-15-1.1ggiM.pdb	73.333	15	4	0	1	15	1	15	1.79e-05	24.8
L1-15-1.5aamA.pdb	L1-15-1.1egjL.pdb	66.667	15	5	0	1	15	1	15	3.53e-05	24.0
L1-15-1.5aamA.pdb	L1-15-1.2aabL.pdb	60.000	15	6	0	1	15	1	15	3.83e-05	24.0
L1-15-1.5aamA.pdb	L1-15-1.4u0rC.pdb	60.000	15	6	0	1	15	1	15	3.96e-05	24.0
L1-15-1.5aamA.pdb	L1-15-1.1j05A.pdb	53.333	15	7	0	1	15	1	15	1.41e-04	22.7
L1-15-1.5aamA.pdb	L1-15-1.3qq9L.pdb	60.000	15	6	0	1	15	1	15	2.97e-04	21.8
L1-15-1.5aamA.pdb	L1-15-none.4lvhF.pdb	53.333	15	7	0	1	15	1	15	5.00e-04	21.0
L1-15-1.5aamA.pdb	L1-15-1.4x7sL.pdb	53.333	15	7	0	1	15	1	15	0.002	19.3
L1-15-1.5aamA.pdb	L1-15-1.5eocL.pdb	53.333	15	7	0	1	15	1	15	0.002	19.3
L1-15-1.5aamA.pdb	L1-15-1.4qyoB.pdb	46.667	15	8	0	1	15	1	15	0.005	18.5
L1-15-1.5aamA.pdb	L1-15-1.1qnzL.pdb	46.667	15	8	0	1	15	1	15	0.008	18.0
L1-15-1.5aamA.pdb	L1-15-none.1i7zA.pdb	46.667	15	8	0	1	15	1	15	0.011	17.6
L1-15-1.5aamA.pdb	L1-15-1.3e8uL.pdb	40.000	15	9	0	1	15	1	15	0.012	17.6
L1-15-1.5aamA.pdb	L1-15-none.1nsnL.pdb	40.000	15	9	0	1	15	1	15	0.041	15.9
L1-15-1.5aamA.pdb	L1-15-none.3phqA.pdb	53.333	15	7	0	1	15	1	15	9.8	 9.5
L1-15-1.5aamA.pdb	L1-15-none.3i2cL.pdb	46.667	15	8	0	1	15	1	15	26	 8.3
