L1-11-2.5dtfL.pdb	L1-11-2.1a0qL.pdb	75.000	8	2	0	2	9	2	9	0.010	16.3
L1-11-2.5dtfL.pdb	L1-11-2.1fgnL.pdb	62.500	8	3	0	2	9	2	9	0.038	15.1
L1-11-2.5dtfL.pdb	L1-11-2.1fnsL.pdb	62.500	8	3	0	2	9	2	9	0.039	15.1
L1-11-2.5dtfL.pdb	L1-11-2.5az2L.pdb	62.500	8	3	0	2	9	2	9	0.043	14.6
L1-11-2.5dtfL.pdb	L1-11-2.1uj3A.pdb	62.500	8	3	0	2	9	2	9	0.050	14.6
L1-11-2.5dtfL.pdb	L1-11-2.5kanL.pdb	55.556	9	4	0	1	9	1	9	0.062	14.2
L1-11-2.5dtfL.pdb	L1-11-2.4jo4M.pdb	66.667	9	3	0	1	9	1	9	0.068	14.2
L1-11-2.5dtfL.pdb	L1-11-2.1e4xL.pdb	55.556	9	4	0	1	9	1	9	0.076	14.2
L1-11-2.5dtfL.pdb	L1-11-2.1d6vL.pdb	62.500	8	3	0	2	9	2	9	0.077	14.2
L1-11-2.5dtfL.pdb	L1-11-2.1axsL.pdb	62.500	8	3	0	2	9	2	9	0.077	14.2
L1-11-2.5dtfL.pdb	L1-11-2.1b0wB.pdb	66.667	9	3	0	1	9	1	9	0.079	14.2
L1-11-2.5dtfL.pdb	L1-11-2.4odvL.pdb	55.556	9	4	0	1	9	1	9	0.100	13.8
L1-11-2.5dtfL.pdb	L1-11-2.3esuF.pdb	55.556	9	4	0	1	9	1	9	0.100	13.8
L1-11-2.5dtfL.pdb	L1-11-2.1jptL.pdb	66.667	9	3	0	1	9	1	9	0.11	13.8
L1-11-2.5dtfL.pdb	L1-11-2.1fgvL.pdb	55.556	9	4	0	1	9	1	9	0.12	13.8
L1-11-2.5dtfL.pdb	L1-11-2.1r0aL.pdb	62.500	8	3	0	2	9	2	9	0.12	13.8
L1-11-2.5dtfL.pdb	L1-11-2.1k6qL.pdb	66.667	9	3	0	1	9	1	9	0.15	13.4
L1-11-2.5dtfL.pdb	L1-11-2.1emtL.pdb	62.500	8	3	0	2	9	2	9	0.20	13.4
L1-11-2.5dtfL.pdb	L1-11-2.1hi6A.pdb	50.000	8	4	0	2	9	2	9	0.22	12.9
L1-11-2.5dtfL.pdb	L1-11-2.4uinL.pdb	55.556	9	4	0	1	9	1	9	0.25	12.9
L1-11-2.5dtfL.pdb	L1-11-2.4g6mL.pdb	55.556	9	4	0	1	9	1	9	0.25	12.9
L1-11-2.5dtfL.pdb	L1-11-2.2xknA.pdb	55.556	9	4	0	1	9	1	9	0.25	12.9
L1-11-2.5dtfL.pdb	L1-11-2.1ikfL.pdb	55.556	9	4	0	1	9	1	9	0.25	12.9
L1-11-2.5dtfL.pdb	L1-11-2.1jfqL.pdb	44.444	9	5	0	1	9	1	9	0.36	12.5
L1-11-2.5dtfL.pdb	L1-11-2.3rvvC.pdb	62.500	8	3	0	2	9	2	9	0.36	12.5
L1-11-2.5dtfL.pdb	L1-11-2.1zanL.pdb	83.333	6	1	0	1	6	1	6	0.41	12.5
L1-11-2.5dtfL.pdb	L1-11-2.3cviL.pdb	83.333	6	1	0	1	6	1	6	0.48	12.5
L1-11-2.5dtfL.pdb	L1-11-2.1ospL.pdb	83.333	6	1	0	1	6	1	6	0.49	12.1
L1-11-2.5dtfL.pdb	L1-11-2.1mamL.pdb	55.556	9	4	0	1	9	1	9	0.54	12.1
L1-11-2.5dtfL.pdb	L1-11-2.1bz7A.pdb	44.444	9	5	0	1	9	1	9	0.88	11.7
