L1-10-1.1pskL.pdb	L1-10-1.4kaqL.pdb	87.500	8	1	0	2	9	2	9	0.058	13.4
L1-10-1.1pskL.pdb	L1-10-1.4ebqL.pdb	77.778	9	2	0	1	9	1	9	0.11	12.9
L1-10-1.1pskL.pdb	L1-10-1.2w9dL.pdb	77.778	9	2	0	1	9	1	9	0.11	12.9
L1-10-1.1pskL.pdb	L1-10-1.1sy6L.pdb	77.778	9	2	0	1	9	1	9	0.11	12.9
L1-10-1.1pskL.pdb	L1-10-1.1cloL.pdb	75.000	8	2	0	2	9	2	9	0.12	12.9
L1-10-1.1pskL.pdb	L1-10-1.2z92B.pdb	77.778	9	2	0	1	9	1	9	0.13	12.5
L1-10-1.1pskL.pdb	L1-10-1.4ffvL.pdb	75.000	8	2	0	2	9	2	9	0.14	12.5
L1-10-1.1pskL.pdb	L1-10-1.1mhpL.pdb	66.667	9	3	0	1	9	1	9	0.15	12.5
L1-10-1.1pskL.pdb	L1-10-1.2fbjL.pdb	77.778	9	2	0	1	9	1	9	0.16	12.5
L1-10-1.1pskL.pdb	L1-10-1.4ki5D.pdb	66.667	9	3	0	1	9	1	9	0.22	12.1
L1-10-1.1pskL.pdb	L1-10-1.3bkyL.pdb	75.000	8	2	0	2	9	2	9	0.25	12.1
L1-10-1.1pskL.pdb	L1-10-1.4c83B.pdb	66.667	9	3	0	1	9	1	9	0.30	11.7
L1-10-1.1pskL.pdb	L1-10-1.4kphL.pdb	66.667	9	3	0	1	9	1	9	0.33	11.7
L1-10-1.1pskL.pdb	L1-10-1.1a6tC.pdb	66.667	9	3	0	1	9	1	9	0.36	11.7
L1-10-1.1pskL.pdb	L1-10-1.3nfsL.pdb	66.667	9	3	0	1	9	1	9	0.39	11.7
L1-10-1.1pskL.pdb	L1-10-1.4ag4L.pdb	85.714	7	1	0	1	7	1	7	0.59	11.2
L1-10-1.1pskL.pdb	L1-10-1.2b2xL.pdb	55.556	9	4	0	1	9	1	9	0.60	11.2
L1-10-1.1pskL.pdb	L1-10-1.1forL.pdb	55.556	9	4	0	1	9	1	9	0.63	11.2
L1-10-1.1pskL.pdb	L1-10-1.2j4wL.pdb	62.500	8	3	0	2	9	2	9	0.66	11.2
L1-10-1.1pskL.pdb	L1-10-1.4qnpF.pdb	62.500	8	3	0	2	9	2	9	0.89	10.8
L1-10-1.1pskL.pdb	L1-10-1.4kucD.pdb	62.500	8	3	0	2	9	2	9	0.92	10.8
L1-10-1.1pskL.pdb	L1-10-1.1mimL.pdb	66.667	9	3	0	1	9	1	9	1.4	10.4
L1-10-1.1pskL.pdb	L1-10-1.4hxaL.pdb	55.556	9	4	0	1	9	1	9	1.6	10.0
