L1-15-1.3e8uL.pdb	L1-15-1.1qnzL.pdb	86.667	15	2	0	1	15	1	15	3.53e-07	29.5
L1-15-1.3e8uL.pdb	L1-15-1.4x7sL.pdb	80.000	15	3	0	1	15	1	15	8.39e-07	28.2
L1-15-1.3e8uL.pdb	L1-15-1.4qyoB.pdb	80.000	15	3	0	1	15	1	15	1.79e-06	27.4
L1-15-1.3e8uL.pdb	L1-15-1.3qq9L.pdb	73.333	15	4	0	1	15	1	15	5.76e-06	26.1
L1-15-1.3e8uL.pdb	L1-15-1.1f58L.pdb	60.000	15	6	0	1	15	1	15	2.28e-05	24.8
L1-15-1.3e8uL.pdb	L1-15-1.2hrpM.pdb	60.000	15	6	0	1	15	1	15	1.30e-04	22.7
L1-15-1.3e8uL.pdb	L1-15-1.3wkmL.pdb	53.333	15	7	0	1	15	1	15	8.39e-04	20.6
L1-15-1.3e8uL.pdb	L1-15-1.4wcyL.pdb	53.333	15	7	0	1	15	1	15	0.001	20.2
L1-15-1.3e8uL.pdb	L1-15-1.5dqdL.pdb	46.667	15	8	0	1	15	1	15	0.002	19.3
L1-15-1.3e8uL.pdb	L1-15-1.4hs8L.pdb	53.333	15	7	0	1	15	1	15	0.003	19.3
L1-15-1.3e8uL.pdb	L1-15-1.4gagL.pdb	53.333	15	7	0	1	15	1	15	0.003	18.9
L1-15-1.3e8uL.pdb	L1-15-1.3s35L.pdb	46.667	15	8	0	1	15	1	15	0.003	18.9
L1-15-1.3e8uL.pdb	L1-15-1.4ffyL.pdb	50.000	14	7	0	1	14	1	14	0.003	18.9
L1-15-1.3e8uL.pdb	L1-15-1.1ai1L.pdb	46.667	15	8	0	1	15	1	15	0.006	18.5
L1-15-1.3e8uL.pdb	L1-15-1.4i77L.pdb	46.667	15	8	0	1	15	1	15	0.006	18.5
L1-15-1.3e8uL.pdb	L1-15-1.4odsL.pdb	40.000	15	9	0	1	15	1	15	0.006	18.0
L1-15-1.3e8uL.pdb	L1-15-1.4u0rC.pdb	50.000	14	7	0	1	14	1	14	0.007	18.0
L1-15-1.3e8uL.pdb	L1-15-1.4nj9L.pdb	46.667	15	8	0	1	15	1	15	0.007	18.0
L1-15-1.3e8uL.pdb	L1-15-1.2aabL.pdb	50.000	14	7	0	1	14	1	14	0.008	18.0
L1-15-1.3e8uL.pdb	L1-15-1.3zkmL.pdb	46.667	15	8	0	1	15	1	15	0.008	18.0
L1-15-1.3e8uL.pdb	L1-15-1.2gcyA.pdb	50.000	14	7	0	1	14	1	14	0.009	18.0
L1-15-1.3e8uL.pdb	L1-15-1.1h0dA.pdb	46.667	15	8	0	1	15	1	15	0.009	17.6
L1-15-1.3e8uL.pdb	L1-15-1.3uzqA.pdb	40.000	15	9	0	1	15	1	15	0.010	17.6
L1-15-1.3e8uL.pdb	L1-15-1.2vl5B.pdb	50.000	14	7	0	1	14	1	14	0.011	17.6
L1-15-1.3e8uL.pdb	L1-15-1.5aamA.pdb	40.000	15	9	0	1	15	1	15	0.013	17.6
L1-15-1.3e8uL.pdb	L1-15-1.4hs6A.pdb	53.333	15	7	0	1	15	1	15	0.025	16.8
L1-15-1.3e8uL.pdb	L1-15-1.5eocL.pdb	46.667	15	8	0	1	15	1	15	0.045	15.9
L1-15-1.3e8uL.pdb	L1-15-1.5ggsB.pdb	46.667	15	8	0	1	15	1	15	0.062	15.5
L1-15-1.3e8uL.pdb	L1-15-none.1nsnL.pdb	40.000	15	9	0	1	15	1	15	0.081	15.1
L1-15-1.3e8uL.pdb	L1-15-1.1egjL.pdb	40.000	15	9	0	1	15	1	15	0.092	15.1
L1-15-1.3e8uL.pdb	L1-15-none.4lvhF.pdb	40.000	15	9	0	1	15	1	15	0.093	15.1
L1-15-1.3e8uL.pdb	L1-15-none.1i7zA.pdb	40.000	15	9	0	1	15	1	15	0.18	14.2
L1-15-1.3e8uL.pdb	L1-15-1.1ibgL.pdb	40.000	15	9	0	1	15	1	15	0.45	13.4
L1-15-1.3e8uL.pdb	L1-15-1.5a16F.pdb	53.333	15	7	0	1	15	1	15	70	 7.4
L1-15-1.3e8uL.pdb	L1-15-none.3phqA.pdb	40.000	15	9	0	1	15	1	15	131	 6.6
L1-15-1.3e8uL.pdb	L1-15-1.4mauL.pdb	50.000	6	3	0	9	14	9	14	294	 5.7
L1-15-1.3e8uL.pdb	L1-15-none.3i2cL.pdb	33.333	15	10	0	1	15	1	15	372	 5.3
