L1-13-1.4osuL.pdb	L1-13-1.2xzcL.pdb	92.308	13	1	0	1	13	1	13	7.80e-05	23.1
L1-13-1.4osuL.pdb	L1-13-none.4ocsL.pdb	92.308	13	1	0	1	13	1	13	9.31e-05	22.7
L1-13-1.4osuL.pdb	L1-13-1.2a9mL.pdb	84.615	13	2	0	1	13	1	13	1.48e-04	22.3
L1-13-1.4osuL.pdb	L1-13-1.3gbnL.pdb	84.615	13	2	0	1	13	1	13	1.60e-04	22.3
L1-13-1.4osuL.pdb	L1-13-1.5fcuL.pdb	84.615	13	2	0	1	13	1	13	1.62e-04	22.3
L1-13-1.4osuL.pdb	L1-13-1.4od1L.pdb	84.615	13	2	0	1	13	1	13	1.87e-04	22.3
L1-13-1.4osuL.pdb	L1-13-1.4m1dM.pdb	91.667	12	1	0	1	12	1	12	1.87e-04	22.3
L1-13-1.4osuL.pdb	L1-13-1.5adoL.pdb	91.667	12	1	0	1	12	1	12	2.01e-04	21.8
L1-13-1.4osuL.pdb	L1-13-1.4fqjL.pdb	91.667	12	1	0	1	12	1	12	2.45e-04	21.8
L1-13-1.4osuL.pdb	L1-13-1.2xwtB.pdb	84.615	13	2	0	1	13	1	13	2.92e-04	21.4
L1-13-1.4osuL.pdb	L1-13-1.4ocrL.pdb	84.615	13	2	0	1	13	1	13	3.37e-04	21.4
L1-13-1.4osuL.pdb	L1-13-1.5alcL.pdb	76.923	13	3	0	1	13	1	13	4.31e-04	21.0
L1-13-1.4osuL.pdb	L1-13-none.4od3L.pdb	76.923	13	3	0	1	13	1	13	6.20e-04	20.6
L1-13-1.4osuL.pdb	L1-13-1.4xvjL.pdb	76.923	13	3	0	1	13	1	13	0.001	20.2
L1-13-1.4osuL.pdb	L1-13-1.5dt1L.pdb	69.231	13	4	0	1	13	1	13	0.001	20.2
L1-13-1.4osuL.pdb	L1-13-1.4k3dL.pdb	76.923	13	3	0	1	13	1	13	0.001	19.7
L1-13-1.4osuL.pdb	L1-13-1.3mlyM.pdb	84.615	13	2	0	1	13	1	13	0.002	19.3
L1-13-1.4osuL.pdb	L1-13-1.1rzfL.pdb	84.615	13	2	0	1	13	1	13	0.002	19.3
L1-13-1.4osuL.pdb	L1-13-1.3mlwL.pdb	75.000	12	3	0	1	12	1	12	0.003	18.9
L1-13-1.4osuL.pdb	L1-13-1.1bjmB.pdb	76.923	13	3	0	1	13	1	13	0.004	18.5
L1-13-1.4osuL.pdb	L1-13-1.2b1hL.pdb	66.667	12	4	0	1	12	1	12	0.006	18.0
L1-13-1.4osuL.pdb	L1-13-1.4buhA.pdb	83.333	12	2	0	1	12	1	12	0.008	18.0
L1-13-1.4osuL.pdb	L1-13-1.4yjzL.pdb	75.000	12	3	0	1	12	1	12	0.010	17.6
L1-13-1.4osuL.pdb	L1-13-1.3g04A.pdb	75.000	12	3	0	1	12	1	12	0.011	17.6
L1-13-1.4osuL.pdb	L1-13-1.3lrgB.pdb	75.000	12	3	0	1	12	1	12	0.018	16.8
L1-13-1.4osuL.pdb	L1-13-1.5j75B.pdb	75.000	12	3	0	1	12	1	12	0.018	16.8
L1-13-1.4osuL.pdb	L1-13-2.4yo0B.pdb	63.636	11	4	0	3	13	3	13	0.036	15.9
L1-13-1.4osuL.pdb	L1-13-2.5c9kF.pdb	58.333	12	5	0	1	12	1	12	0.042	15.9
L1-13-1.4osuL.pdb	L1-13-1.4fqiL.pdb	66.667	12	4	0	1	12	1	12	0.051	15.5
L1-13-1.4osuL.pdb	L1-13-1.2fb4L.pdb	66.667	12	4	0	1	12	1	12	0.051	15.5
L1-13-1.4osuL.pdb	L1-13-1.5cgyD.pdb	75.000	12	3	0	1	12	1	12	0.053	15.5
L1-13-1.4osuL.pdb	L1-13-2.1pewA.pdb	70.000	10	3	0	3	12	3	12	0.055	15.5
L1-13-1.4osuL.pdb	L1-13-1.4gxvL.pdb	75.000	12	3	0	1	12	1	12	0.056	15.5
L1-13-1.4osuL.pdb	L1-13-2.1cd0B.pdb	70.000	10	3	0	3	12	3	12	0.065	15.5
L1-13-1.4osuL.pdb	L1-13-1.3thmL.pdb	77.778	9	2	0	1	9	1	9	0.076	15.1
L1-13-1.4osuL.pdb	L1-13-1.4q2zL.pdb	87.500	8	1	0	1	8	1	8	0.14	14.6
L1-13-1.4osuL.pdb	L1-13-2.2cd0A.pdb	60.000	10	4	0	3	12	3	12	0.14	14.2
L1-13-1.4osuL.pdb	L1-13-2.3b5gB.pdb	60.000	10	4	0	3	12	3	12	0.25	13.8
L1-13-1.4osuL.pdb	L1-13-1.3tjeL.pdb	66.667	9	3	0	1	9	1	9	0.28	13.8
L1-13-1.4osuL.pdb	L1-13-2.3h0tA.pdb	50.000	10	5	0	3	12	3	12	1.4	12.1
L1-13-1.4osuL.pdb	L1-13-2.4hpoL.pdb	40.000	10	6	0	3	12	3	12	1.5	11.7
L1-13-1.4osuL.pdb	L1-13-2.5hi4D.pdb	40.000	10	6	0	3	12	3	12	3.4	10.8
L1-13-1.4osuL.pdb	L1-13-1.3npsC.pdb	83.333	6	1	0	8	13	8	13	41	 7.9
L1-13-1.4osuL.pdb	L1-13-1.4eowL.pdb	60.000	5	2	0	8	12	8	12	154	 6.6
L1-13-1.4osuL.pdb	L1-13-1.2yk1L.pdb	80.000	5	1	0	8	12	8	12	154	 6.6
L1-13-1.4osuL.pdb	L1-13-1.3qhzM.pdb	66.667	6	2	0	8	13	8	13	588	 4.9
L1-13-1.4osuL.pdb	L1-13-1.3n9gL.pdb	50.000	6	3	0	8	13	8	13	1674	 3.6
