L1-16-1.5epmF.pdb	L1-16-1.1n4xM.pdb	87.500	16	2	0	1	16	1	16	1.12e-07	32.0
L1-16-1.5epmF.pdb	L1-16-1.3jauL.pdb	87.500	16	2	0	1	16	1	16	1.72e-07	31.6
L1-16-1.5epmF.pdb	L1-16-1.2jelL.pdb	87.500	16	2	0	1	16	1	16	2.08e-07	31.2
L1-16-1.5epmF.pdb	L1-16-1.2uylX.pdb	81.250	16	3	0	1	16	1	16	3.26e-07	30.8
L1-16-1.5epmF.pdb	L1-16-1.3utzA.pdb	81.250	16	3	0	1	16	1	16	4.03e-07	30.8
L1-16-1.5epmF.pdb	L1-16-1.3mckL.pdb	81.250	16	3	0	1	16	1	16	4.33e-07	30.3
L1-16-1.5epmF.pdb	L1-16-1.2pcpC.pdb	81.250	16	3	0	1	16	1	16	4.33e-07	30.3
L1-16-1.5epmF.pdb	L1-16-1.3bkjL.pdb	81.250	16	3	0	1	16	1	16	4.70e-07	30.3
L1-16-1.5epmF.pdb	L1-16-1.1lo4L.pdb	81.250	16	3	0	1	16	1	16	4.87e-07	30.3
L1-16-1.5epmF.pdb	L1-16-1.2g60L.pdb	81.250	16	3	0	1	16	1	16	5.23e-07	30.3
L1-16-1.5epmF.pdb	L1-16-none.1ucbL.pdb	87.500	16	2	0	1	16	1	16	5.30e-07	30.3
L1-16-1.5epmF.pdb	L1-16-1.3fo2A.pdb	81.250	16	3	0	1	16	1	16	5.49e-07	30.3
L1-16-1.5epmF.pdb	L1-16-1.5kn5B.pdb	81.250	16	3	0	1	16	1	16	6.87e-07	29.9
L1-16-1.5epmF.pdb	L1-16-1.1i9jL.pdb	81.250	16	3	0	1	16	1	16	6.87e-07	29.9
L1-16-1.5epmF.pdb	L1-16-1.1s3kL.pdb	81.250	16	3	0	1	16	1	16	7.37e-07	29.9
L1-16-1.5epmF.pdb	L1-16-1.3fo1A.pdb	81.250	16	3	0	1	16	1	16	8.70e-07	29.5
L1-16-1.5epmF.pdb	L1-16-1.1kelL.pdb	81.250	16	3	0	1	16	1	16	8.91e-07	29.5
L1-16-1.5epmF.pdb	L1-16-1.4f37L.pdb	75.000	16	4	0	1	16	1	16	1.45e-06	29.1
L1-16-1.5epmF.pdb	L1-16-1.3gkwL.pdb	75.000	16	4	0	1	16	1	16	1.52e-06	29.1
L1-16-1.5epmF.pdb	L1-16-1.1wt5C.pdb	81.250	16	3	0	1	16	1	16	1.69e-06	29.1
L1-16-1.5epmF.pdb	L1-16-1.2dquL.pdb	68.750	16	5	0	1	16	1	16	1.92e-06	28.6
L1-16-1.5epmF.pdb	L1-16-1.1zeaL.pdb	75.000	16	4	0	1	16	1	16	2.24e-06	28.6
L1-16-1.5epmF.pdb	L1-16-1.3ifoB.pdb	75.000	16	4	0	1	16	1	16	2.32e-06	28.6
L1-16-1.5epmF.pdb	L1-16-1.4ygvB.pdb	75.000	16	4	0	1	16	1	16	2.37e-06	28.6
L1-16-1.5epmF.pdb	L1-16-1.4m7jL.pdb	81.250	16	3	0	1	16	1	16	2.83e-06	28.2
L1-16-1.5epmF.pdb	L1-16-none.5dlmL.pdb	75.000	16	4	0	1	16	1	16	2.87e-06	28.2
L1-16-1.5epmF.pdb	L1-16-1.3gnmL.pdb	75.000	16	4	0	1	16	1	16	3.26e-06	28.2
L1-16-1.5epmF.pdb	L1-16-none.2vq1A.pdb	68.750	16	5	0	1	16	1	16	3.34e-06	28.2
L1-16-1.5epmF.pdb	L1-16-1.1dlfL.pdb	80.000	15	3	0	1	15	1	15	3.50e-06	28.2
L1-16-1.5epmF.pdb	L1-16-1.1makA.pdb	80.000	15	3	0	1	15	1	15	3.67e-06	28.2
L1-16-1.5epmF.pdb	L1-16-1.3hr5A.pdb	80.000	15	3	0	1	15	1	15	3.71e-06	28.2
L1-16-1.5epmF.pdb	L1-16-1.3wbdA.pdb	80.000	15	3	0	1	15	1	15	3.85e-06	28.2
L1-16-1.5epmF.pdb	L1-16-1.1lo0X.pdb	80.000	15	3	0	2	16	2	16	4.03e-06	27.8
L1-16-1.5epmF.pdb	L1-16-1.3nz8L.pdb	68.750	16	5	0	1	16	1	16	5.67e-06	27.8
L1-16-1.5epmF.pdb	L1-16-1.5drxL.pdb	73.333	15	4	0	1	15	1	15	6.93e-06	27.4
L1-16-1.5epmF.pdb	L1-16-1.4trpL.pdb	80.000	15	3	0	1	15	1	15	7.43e-06	27.4
L1-16-1.5epmF.pdb	L1-16-1.1f3dL.pdb	68.750	16	5	0	1	16	1	16	8.36e-06	26.9
L1-16-1.5epmF.pdb	L1-16-1.1ynlL.pdb	73.333	15	4	0	1	15	1	15	8.56e-06	26.9
L1-16-1.5epmF.pdb	L1-16-1.1mnuL.pdb	73.333	15	4	0	1	15	1	15	8.97e-06	26.9
L1-16-1.5epmF.pdb	L1-16-1.5iwlA.pdb	75.000	16	4	0	1	16	1	16	9.08e-06	26.9
L1-16-1.5epmF.pdb	L1-16-1.1qfuL.pdb	73.333	15	4	0	1	15	1	15	9.51e-06	26.9
L1-16-1.5epmF.pdb	L1-16-1.5jueL.pdb	73.333	15	4	0	1	15	1	15	1.06e-05	26.9
L1-16-1.5epmF.pdb	L1-16-1.2d03L.pdb	73.333	15	4	0	1	15	1	15	1.22e-05	26.5
L1-16-1.5epmF.pdb	L1-16-1.1t2qL.pdb	73.333	15	4	0	1	15	1	15	1.22e-05	26.5
L1-16-1.5epmF.pdb	L1-16-1.1dbbL.pdb	73.333	15	4	0	1	15	1	15	1.34e-05	26.5
L1-16-1.5epmF.pdb	L1-16-1.2a77L.pdb	68.750	16	5	0	1	16	1	16	1.42e-05	26.5
L1-16-1.5epmF.pdb	L1-16-1.4lqfL.pdb	73.333	15	4	0	1	15	1	15	1.56e-05	26.5
L1-16-1.5epmF.pdb	L1-16-1.4fabL.pdb	73.333	15	4	0	1	15	1	15	1.83e-05	26.1
L1-16-1.5epmF.pdb	L1-16-1.1pz5A.pdb	66.667	15	5	0	1	15	1	15	2.04e-05	26.1
L1-16-1.5epmF.pdb	L1-16-1.5aumL.pdb	73.333	15	4	0	1	15	1	15	2.32e-05	26.1
L1-16-1.5epmF.pdb	L1-16-none.5bmfL.pdb	75.000	16	4	0	1	16	1	16	2.61e-05	25.7
L1-16-1.5epmF.pdb	L1-16-1.1rmfL.pdb	73.333	15	4	0	1	15	1	15	2.61e-05	25.7
L1-16-1.5epmF.pdb	L1-16-1.4uv7L.pdb	62.500	16	6	0	1	16	1	16	4.79e-05	25.2
L1-16-1.5epmF.pdb	L1-16-1.1mieL.pdb	66.667	15	5	0	1	15	1	15	6.41e-05	24.8
L1-16-1.5epmF.pdb	L1-16-none.3fo9A.pdb	66.667	15	5	0	1	15	1	15	6.56e-05	24.8
L1-16-1.5epmF.pdb	L1-16-1.1mjuL.pdb	66.667	15	5	0	1	15	1	15	7.03e-05	24.8
L1-16-1.5epmF.pdb	L1-16-1.1lmkC.pdb	73.333	15	4	0	1	15	1	15	7.28e-05	24.8
L1-16-1.5epmF.pdb	L1-16-1.1dsfL.pdb	60.000	15	6	0	1	15	1	15	7.72e-05	24.8
L1-16-1.5epmF.pdb	L1-16-none.1nakM.pdb	66.667	15	5	0	1	15	1	15	1.03e-04	24.4
L1-16-1.5epmF.pdb	L1-16-none.4fz8L.pdb	56.250	16	7	0	1	16	1	16	1.27e-04	24.0
L1-16-1.5epmF.pdb	L1-16-1.4lriB.pdb	56.250	16	7	0	1	16	1	16	1.59e-04	24.0
L1-16-1.5epmF.pdb	L1-16-1.1igfL.pdb	50.000	16	8	0	1	16	1	16	1.66e-04	23.5
L1-16-1.5epmF.pdb	L1-16-none.5chnB.pdb	53.333	15	7	0	1	15	1	15	2.12e-04	23.5
L1-16-1.5epmF.pdb	L1-16-1.4whtB.pdb	60.000	15	6	0	1	15	1	15	2.25e-04	23.5
L1-16-1.5epmF.pdb	L1-16-1.3qcuL.pdb	71.429	14	4	0	2	15	2	15	3.04e-04	23.1
L1-16-1.5epmF.pdb	L1-16-1.3qehB.pdb	56.250	16	7	0	1	16	1	16	3.18e-04	23.1
L1-16-1.5epmF.pdb	L1-16-1.4hcrN.pdb	53.333	15	7	0	1	15	1	15	3.57e-04	22.7
L1-16-1.5epmF.pdb	L1-16-1.1q72L.pdb	60.000	15	6	0	1	15	1	15	3.70e-04	22.7
L1-16-1.5epmF.pdb	L1-16-1.1ad9L.pdb	53.333	15	7	0	1	15	1	15	4.05e-04	22.7
L1-16-1.5epmF.pdb	L1-16-1.4xxdA.pdb	53.333	15	7	0	1	15	1	15	6.89e-04	22.3
L1-16-1.5epmF.pdb	L1-16-1.1yeeL.pdb	53.333	15	7	0	1	15	1	15	6.97e-04	22.3
L1-16-1.5epmF.pdb	L1-16-1.3pp4L.pdb	60.000	15	6	0	1	15	1	15	7.38e-04	21.8
L1-16-1.5epmF.pdb	L1-16-1.1yejL.pdb	53.333	15	7	0	1	15	1	15	7.90e-04	21.8
L1-16-1.5epmF.pdb	L1-16-1.3ggwA.pdb	53.333	15	7	0	1	15	1	15	0.001	21.4
L1-16-1.5epmF.pdb	L1-16-1.4jn2L.pdb	46.667	15	8	0	1	15	1	15	0.001	21.4
L1-16-1.5epmF.pdb	L1-16-1.2w60B.pdb	46.667	15	8	0	1	15	1	15	0.002	21.0
L1-16-1.5epmF.pdb	L1-16-1.3cfbL.pdb	53.333	15	7	0	1	15	1	15	0.002	21.0
L1-16-1.5epmF.pdb	L1-16-1.1cr9L.pdb	46.667	15	8	0	1	15	1	15	0.002	21.0
L1-16-1.5epmF.pdb	L1-16-1.5ewiL.pdb	50.000	16	8	0	1	16	1	16	0.002	21.0
L1-16-1.5epmF.pdb	L1-16-1.1f8tL.pdb	57.143	14	6	0	2	15	2	15	0.002	21.0
L1-16-1.5epmF.pdb	L1-16-1.4dtgL.pdb	46.667	15	8	0	1	15	1	15	0.002	21.0
L1-16-1.5epmF.pdb	L1-16-1.1uz8A.pdb	53.333	15	7	0	1	15	1	15	0.004	20.2
L1-16-1.5epmF.pdb	L1-16-1.2ajvL.pdb	46.667	15	8	0	1	15	1	15	0.004	20.2
L1-16-1.5epmF.pdb	L1-16-1.3u0tA.pdb	40.000	15	9	0	1	15	1	15	0.006	19.7
L1-16-1.5epmF.pdb	L1-16-1.1ncwL.pdb	40.000	15	9	0	1	15	1	15	0.009	19.3
L1-16-1.5epmF.pdb	L1-16-1.2g2rA.pdb	53.333	15	7	0	1	15	1	15	0.011	18.9
L1-16-1.5epmF.pdb	L1-16-none.1l7tL.pdb	62.500	16	6	0	1	16	1	16	0.016	18.5
L1-16-1.5epmF.pdb	L1-16-none.1cfvL.pdb	60.000	15	6	0	1	15	1	15	0.017	18.5
L1-16-1.5epmF.pdb	L1-16-1.2imnA.pdb	31.250	16	11	0	1	16	1	16	0.018	18.5
L1-16-1.5epmF.pdb	L1-16-1.3m8oL.pdb	43.750	16	9	0	1	16	1	16	0.023	18.0
L1-16-1.5epmF.pdb	L1-16-1.4nujA.pdb	53.846	13	6	0	1	13	1	13	0.046	17.2
L1-16-1.5epmF.pdb	L1-16-1.4nugL.pdb	46.154	13	7	0	1	13	1	13	0.16	15.9
L1-16-1.5epmF.pdb	L1-16-1.1rurL.pdb	54.545	11	5	0	1	11	1	11	0.29	15.1
