L1-15-1.5dqdL.pdb	L1-15-1.3s35L.pdb	93.333	15	1	0	1	15	1	15	3.53e-08	32.0
L1-15-1.5dqdL.pdb	L1-15-1.4odsL.pdb	86.667	15	2	0	1	15	1	15	7.20e-08	31.2
L1-15-1.5dqdL.pdb	L1-15-1.3wkmL.pdb	86.667	15	2	0	1	15	1	15	8.51e-08	30.8
L1-15-1.5dqdL.pdb	L1-15-1.5aamA.pdb	86.667	15	2	0	1	15	1	15	8.82e-08	30.8
L1-15-1.5dqdL.pdb	L1-15-1.1ai1L.pdb	86.667	15	2	0	1	15	1	15	1.01e-07	30.8
L1-15-1.5dqdL.pdb	L1-15-1.4wcyL.pdb	86.667	15	2	0	1	15	1	15	1.39e-07	30.3
L1-15-1.5dqdL.pdb	L1-15-1.4gagL.pdb	86.667	15	2	0	1	15	1	15	1.74e-07	29.9
L1-15-1.5dqdL.pdb	L1-15-1.4nj9L.pdb	86.667	15	2	0	1	15	1	15	1.91e-07	29.9
L1-15-1.5dqdL.pdb	L1-15-1.4i77L.pdb	86.667	15	2	0	1	15	1	15	2.20e-07	29.9
L1-15-1.5dqdL.pdb	L1-15-1.3uzqA.pdb	86.667	15	2	0	1	15	1	15	2.51e-07	29.5
L1-15-1.5dqdL.pdb	L1-15-1.1h0dA.pdb	92.857	14	1	0	1	14	1	14	4.82e-07	29.1
L1-15-1.5dqdL.pdb	L1-15-1.2or9M.pdb	86.667	15	2	0	1	15	1	15	7.13e-07	28.6
L1-15-1.5dqdL.pdb	L1-15-1.2hrpM.pdb	80.000	15	3	0	1	15	1	15	9.70e-07	28.2
L1-15-1.5dqdL.pdb	L1-15-1.4hs6A.pdb	80.000	15	3	0	1	15	1	15	1.02e-06	28.2
L1-15-1.5dqdL.pdb	L1-15-1.2vl5B.pdb	85.714	14	2	0	1	14	1	14	2.30e-06	27.4
L1-15-1.5dqdL.pdb	L1-15-1.1ggiM.pdb	80.000	15	3	0	1	15	1	15	2.98e-06	26.9
L1-15-1.5dqdL.pdb	L1-15-1.3zkmL.pdb	73.333	15	4	0	1	15	1	15	3.36e-06	26.9
L1-15-1.5dqdL.pdb	L1-15-1.2aabL.pdb	66.667	15	5	0	1	15	1	15	8.83e-06	25.7
L1-15-1.5dqdL.pdb	L1-15-1.1egjL.pdb	73.333	15	4	0	1	15	1	15	9.04e-06	25.7
L1-15-1.5dqdL.pdb	L1-15-none.4lvhF.pdb	66.667	15	5	0	1	15	1	15	5.13e-05	23.5
L1-15-1.5dqdL.pdb	L1-15-1.1j05A.pdb	60.000	15	6	0	1	15	1	15	5.44e-05	23.5
L1-15-1.5dqdL.pdb	L1-15-1.3qq9L.pdb	66.667	15	5	0	1	15	1	15	6.11e-05	23.5
L1-15-1.5dqdL.pdb	L1-15-1.4x7sL.pdb	60.000	15	6	0	1	15	1	15	4.25e-04	21.4
L1-15-1.5dqdL.pdb	L1-15-1.4qyoB.pdb	53.333	15	7	0	1	15	1	15	5.88e-04	21.0
L1-15-1.5dqdL.pdb	L1-15-1.5eocL.pdb	60.000	15	6	0	1	15	1	15	0.001	20.2
L1-15-1.5dqdL.pdb	L1-15-1.1qnzL.pdb	53.333	15	7	0	1	15	1	15	0.001	19.7
L1-15-1.5dqdL.pdb	L1-15-1.3e8uL.pdb	46.667	15	8	0	1	15	1	15	0.002	19.3
L1-15-1.5dqdL.pdb	L1-15-none.1i7zA.pdb	53.333	15	7	0	1	15	1	15	0.004	18.9
L1-15-1.5dqdL.pdb	L1-15-1.2xqyL.pdb	53.333	15	7	0	1	15	1	15	0.006	18.0
L1-15-1.5dqdL.pdb	L1-15-none.1nsnL.pdb	46.667	15	8	0	1	15	1	15	0.019	16.8
L1-15-1.5dqdL.pdb	L1-15-1.1ibgL.pdb	53.333	15	7	0	1	15	1	15	0.025	16.8
L1-15-1.5dqdL.pdb	L1-15-none.3phqA.pdb	60.000	15	6	0	1	15	1	15	7.4	10.0
L1-15-1.5dqdL.pdb	L1-15-none.3i2cL.pdb	53.333	15	7	0	1	15	1	15	21	 8.7
L1-15-1.5dqdL.pdb	L1-15-1.5a16F.pdb	46.667	15	8	0	1	15	1	15	42	 7.9
L1-15-1.5dqdL.pdb	L1-15-1.4mauL.pdb	57.143	14	6	0	1	14	1	14	75	 7.0
