H1-13-5.4zg1D.pdb	H1-13-5.3ezjD.pdb	77.778	9	2	0	1	9	1	9	0.008	14.6
H1-13-5.4zg1D.pdb	H1-13-5.5bopA.pdb	85.714	7	1	0	1	7	1	7	0.059	12.9
H1-13-5.4zg1D.pdb	H1-13-5.1zvyA.pdb	77.778	9	2	0	1	9	1	9	0.098	12.5
H1-13-5.4zg1D.pdb	H1-13-5.5f7lB.pdb	55.556	9	4	0	1	9	1	9	0.11	12.1
H1-13-5.4zg1D.pdb	H1-13-5.5j1sC.pdb	55.556	9	4	0	1	9	1	9	0.16	11.7
H1-13-5.4zg1D.pdb	H1-13-5.3tpkA.pdb	71.429	7	2	0	1	7	1	7	0.24	11.2
H1-13-5.4zg1D.pdb	H1-13-5.1mvfA.pdb	71.429	7	2	0	1	7	1	7	0.29	11.2
H1-13-5.4zg1D.pdb	H1-13-5.4b50A.pdb	55.556	9	4	0	1	9	1	9	0.69	10.4
H1-13-5.4zg1D.pdb	H1-13-5.4wenB.pdb	55.556	9	4	0	1	9	1	9	0.76	10.0
H1-13-5.4zg1D.pdb	H1-13-5.1zvhA.pdb	55.556	9	4	0	1	9	1	9	2.4	 9.1
