L1-16-1.4lriB.pdb	L1-16-1.3qehB.pdb	100.000	9	0	0	1	9	1	9	0.001	18.9
L1-16-1.4lriB.pdb	L1-16-1.4lqfL.pdb	88.889	9	1	0	1	9	1	9	0.003	18.0
L1-16-1.4lriB.pdb	L1-16-1.4hcrN.pdb	88.889	9	1	0	1	9	1	9	0.004	17.6
L1-16-1.4lriB.pdb	L1-16-1.5jueL.pdb	88.889	9	1	0	1	9	1	9	0.005	17.6
L1-16-1.4lriB.pdb	L1-16-1.1pz5A.pdb	88.889	9	1	0	1	9	1	9	0.005	17.6
L1-16-1.4lriB.pdb	L1-16-1.5aumL.pdb	100.000	8	0	0	1	8	1	8	0.007	17.2
L1-16-1.4lriB.pdb	L1-16-1.1dbbL.pdb	77.778	9	2	0	1	9	1	9	0.015	16.3
L1-16-1.4lriB.pdb	L1-16-1.4jn2L.pdb	77.778	9	2	0	1	9	1	9	0.017	16.3
L1-16-1.4lriB.pdb	L1-16-1.5drxL.pdb	77.778	9	2	0	1	9	1	9	0.018	15.9
L1-16-1.4lriB.pdb	L1-16-1.4fabL.pdb	77.778	9	2	0	1	9	1	9	0.018	15.9
L1-16-1.4lriB.pdb	L1-16-1.3wbdA.pdb	77.778	9	2	0	1	9	1	9	0.018	15.9
L1-16-1.4lriB.pdb	L1-16-1.2d03L.pdb	77.778	9	2	0	1	9	1	9	0.018	15.9
L1-16-1.4lriB.pdb	L1-16-1.1x9qA.pdb	77.778	9	2	0	1	9	1	9	0.018	15.9
L1-16-1.4lriB.pdb	L1-16-1.1t2qL.pdb	77.778	9	2	0	1	9	1	9	0.018	15.9
L1-16-1.4lriB.pdb	L1-16-1.1rmfL.pdb	77.778	9	2	0	1	9	1	9	0.018	15.9
L1-16-1.4lriB.pdb	L1-16-1.1makA.pdb	77.778	9	2	0	1	9	1	9	0.018	15.9
L1-16-1.4lriB.pdb	L1-16-1.1lmkC.pdb	77.778	9	2	0	1	9	1	9	0.018	15.9
L1-16-1.4lriB.pdb	L1-16-1.1dlfL.pdb	77.778	9	2	0	1	9	1	9	0.018	15.9
L1-16-1.4lriB.pdb	L1-16-1.3hr5A.pdb	77.778	9	2	0	1	9	1	9	0.018	15.9
L1-16-1.4lriB.pdb	L1-16-1.2g2rA.pdb	77.778	9	2	0	1	9	1	9	0.021	15.9
L1-16-1.4lriB.pdb	L1-16-1.1lo4L.pdb	66.667	9	3	0	1	9	1	9	0.023	15.9
L1-16-1.4lriB.pdb	L1-16-1.4trpL.pdb	87.500	8	1	0	1	8	1	8	0.025	15.9
L1-16-1.4lriB.pdb	L1-16-1.3pp4L.pdb	77.778	9	2	0	1	9	1	9	0.027	15.5
L1-16-1.4lriB.pdb	L1-16-1.3ggwA.pdb	77.778	9	2	0	1	9	1	9	0.027	15.5
L1-16-1.4lriB.pdb	L1-16-1.1q72L.pdb	77.778	9	2	0	1	9	1	9	0.027	15.5
L1-16-1.4lriB.pdb	L1-16-1.1mjuL.pdb	77.778	9	2	0	1	9	1	9	0.027	15.5
L1-16-1.4lriB.pdb	L1-16-1.1mieL.pdb	77.778	9	2	0	1	9	1	9	0.027	15.5
L1-16-1.4lriB.pdb	L1-16-1.1ad9L.pdb	77.778	9	2	0	1	9	1	9	0.027	15.5
L1-16-1.4lriB.pdb	L1-16-1.1f3dL.pdb	66.667	9	3	0	1	9	1	9	0.035	15.5
L1-16-1.4lriB.pdb	L1-16-1.4f37L.pdb	66.667	9	3	0	1	9	1	9	0.039	15.1
L1-16-1.4lriB.pdb	L1-16-1.5kn5B.pdb	66.667	9	3	0	1	9	1	9	0.041	15.1
L1-16-1.4lriB.pdb	L1-16-1.4ygvB.pdb	66.667	9	3	0	1	9	1	9	0.041	15.1
L1-16-1.4lriB.pdb	L1-16-1.3utzA.pdb	66.667	9	3	0	1	9	1	9	0.041	15.1
L1-16-1.4lriB.pdb	L1-16-1.3jauL.pdb	66.667	9	3	0	1	9	1	9	0.041	15.1
L1-16-1.4lriB.pdb	L1-16-1.3fo2A.pdb	66.667	9	3	0	1	9	1	9	0.041	15.1
L1-16-1.4lriB.pdb	L1-16-1.3fo1A.pdb	66.667	9	3	0	1	9	1	9	0.041	15.1
L1-16-1.4lriB.pdb	L1-16-1.2uylX.pdb	66.667	9	3	0	1	9	1	9	0.041	15.1
L1-16-1.4lriB.pdb	L1-16-1.1i9jL.pdb	66.667	9	3	0	1	9	1	9	0.041	15.1
L1-16-1.4lriB.pdb	L1-16-1.1mnuL.pdb	66.667	9	3	0	1	9	1	9	0.041	15.1
L1-16-1.4lriB.pdb	L1-16-1.1dsfL.pdb	66.667	9	3	0	1	9	1	9	0.041	15.1
L1-16-1.4lriB.pdb	L1-16-1.3m8oL.pdb	87.500	8	1	0	1	8	1	8	0.042	15.1
L1-16-1.4lriB.pdb	L1-16-1.5epmF.pdb	66.667	9	3	0	1	9	1	9	0.044	15.1
L1-16-1.4lriB.pdb	L1-16-1.4whtB.pdb	77.778	9	2	0	1	9	1	9	0.044	15.1
L1-16-1.4lriB.pdb	L1-16-1.1ynlL.pdb	66.667	9	3	0	1	9	1	9	0.046	15.1
L1-16-1.4lriB.pdb	L1-16-1.1qfuL.pdb	66.667	9	3	0	1	9	1	9	0.046	15.1
L1-16-1.4lriB.pdb	L1-16-1.2jelL.pdb	75.000	8	2	0	1	8	1	8	0.046	15.1
L1-16-1.4lriB.pdb	L1-16-1.4xmlL.pdb	66.667	9	3	0	1	9	1	9	0.057	14.6
L1-16-1.4lriB.pdb	L1-16-1.5ewiL.pdb	100.000	7	0	0	1	7	1	7	0.057	14.6
L1-16-1.4lriB.pdb	L1-16-1.4xxdA.pdb	66.667	9	3	0	1	9	1	9	0.067	14.6
L1-16-1.4lriB.pdb	L1-16-1.4lciL.pdb	66.667	9	3	0	1	9	1	9	0.071	14.6
L1-16-1.4lriB.pdb	L1-16-1.3cfbL.pdb	66.667	9	3	0	1	9	1	9	0.071	14.6
L1-16-1.4lriB.pdb	L1-16-1.3u0tA.pdb	66.667	9	3	0	1	9	1	9	0.073	14.6
L1-16-1.4lriB.pdb	L1-16-1.2g60L.pdb	55.556	9	4	0	1	9	1	9	0.076	14.6
L1-16-1.4lriB.pdb	L1-16-1.3qg6A.pdb	66.667	9	3	0	1	9	1	9	0.076	14.6
L1-16-1.4lriB.pdb	L1-16-1.3ifoB.pdb	55.556	9	4	0	1	9	1	9	0.078	14.6
L1-16-1.4lriB.pdb	L1-16-1.2imnA.pdb	66.667	9	3	0	1	9	1	9	0.080	14.2
L1-16-1.4lriB.pdb	L1-16-1.1wt5C.pdb	55.556	9	4	0	1	9	1	9	0.095	14.2
L1-16-1.4lriB.pdb	L1-16-1.3vw3L.pdb	55.556	9	4	0	1	9	1	9	0.097	14.2
L1-16-1.4lriB.pdb	L1-16-1.3gkwL.pdb	55.556	9	4	0	1	9	1	9	0.097	14.2
L1-16-1.4lriB.pdb	L1-16-1.1rurL.pdb	66.667	9	3	0	1	9	1	9	0.100	14.2
L1-16-1.4lriB.pdb	L1-16-1.4pb0L.pdb	66.667	9	3	0	1	9	1	9	0.10	14.2
L1-16-1.4lriB.pdb	L1-16-1.2w60B.pdb	66.667	9	3	0	1	9	1	9	0.10	14.2
L1-16-1.4lriB.pdb	L1-16-1.1cr9L.pdb	66.667	9	3	0	1	9	1	9	0.10	14.2
L1-16-1.4lriB.pdb	L1-16-1.1n4xM.pdb	62.500	8	3	0	1	8	1	8	0.10	14.2
L1-16-1.4lriB.pdb	L1-16-1.3nz8L.pdb	55.556	9	4	0	1	9	1	9	0.11	14.2
L1-16-1.4lriB.pdb	L1-16-1.2pcpC.pdb	55.556	9	4	0	1	9	1	9	0.11	14.2
L1-16-1.4lriB.pdb	L1-16-1.2dquL.pdb	55.556	9	4	0	1	9	1	9	0.11	14.2
L1-16-1.4lriB.pdb	L1-16-1.1uz8A.pdb	66.667	9	3	0	1	9	1	9	0.11	14.2
L1-16-1.4lriB.pdb	L1-16-1.4dtgL.pdb	66.667	9	3	0	1	9	1	9	0.14	13.8
L1-16-1.4lriB.pdb	L1-16-1.1zeaL.pdb	55.556	9	4	0	1	9	1	9	0.14	13.8
L1-16-1.4lriB.pdb	L1-16-1.1f8tL.pdb	75.000	8	2	0	2	9	2	9	0.19	13.4
L1-16-1.4lriB.pdb	L1-16-1.3o6kL.pdb	55.556	9	4	0	1	9	1	9	0.19	13.4
L1-16-1.4lriB.pdb	L1-16-1.1lo0X.pdb	62.500	8	3	0	2	9	2	9	0.19	13.4
L1-16-1.4lriB.pdb	L1-16-1.1s3kL.pdb	55.556	9	4	0	1	9	1	9	0.20	13.4
L1-16-1.4lriB.pdb	L1-16-1.5iwlA.pdb	55.556	9	4	0	1	9	1	9	0.21	13.4
L1-16-1.4lriB.pdb	L1-16-1.1gpoL.pdb	62.500	8	3	0	1	8	1	8	0.21	13.4
L1-16-1.4lriB.pdb	L1-16-1.4m7jL.pdb	62.500	8	3	0	1	8	1	8	0.31	12.9
L1-16-1.4lriB.pdb	L1-16-1.1ncwL.pdb	55.556	9	4	0	1	9	1	9	0.41	12.9
L1-16-1.4lriB.pdb	L1-16-1.5dyoB.pdb	71.429	7	2	0	1	7	1	7	0.60	12.5
L1-16-1.4lriB.pdb	L1-16-1.3gnmL.pdb	44.444	9	5	0	1	9	1	9	0.63	12.5
L1-16-1.4lriB.pdb	L1-16-1.4nujA.pdb	55.556	9	4	0	1	9	1	9	1.5	11.2
L1-16-1.4lriB.pdb	L1-16-1.4nugL.pdb	44.444	9	5	0	1	9	1	9	4.2	10.4
