L1-15-1.4i77L.pdb	L1-15-1.3s35L.pdb	93.333	15	1	0	1	15	1	15	9.58e-08	30.8
L1-15-1.4i77L.pdb	L1-15-1.2vl5B.pdb	100.000	14	0	0	1	14	1	14	1.45e-07	30.3
L1-15-1.4i77L.pdb	L1-15-1.4odsL.pdb	86.667	15	2	0	1	15	1	15	1.89e-07	30.3
L1-15-1.4i77L.pdb	L1-15-1.3wkmL.pdb	86.667	15	2	0	1	15	1	15	2.31e-07	29.9
L1-15-1.4i77L.pdb	L1-15-1.5dqdL.pdb	86.667	15	2	0	1	15	1	15	2.57e-07	29.9
L1-15-1.4i77L.pdb	L1-15-1.4wcyL.pdb	86.667	15	2	0	1	15	1	15	3.46e-07	29.5
L1-15-1.4i77L.pdb	L1-15-1.1ai1L.pdb	86.667	15	2	0	1	15	1	15	4.33e-07	29.1
L1-15-1.4i77L.pdb	L1-15-1.3zkmL.pdb	80.000	15	3	0	1	15	1	15	5.24e-07	29.1
L1-15-1.4i77L.pdb	L1-15-1.4nj9L.pdb	86.667	15	2	0	1	15	1	15	6.56e-07	28.6
L1-15-1.4i77L.pdb	L1-15-1.4gagL.pdb	80.000	15	3	0	1	15	1	15	1.01e-06	28.2
L1-15-1.4i77L.pdb	L1-15-1.3uzqA.pdb	80.000	15	3	0	1	15	1	15	1.07e-06	28.2
L1-15-1.4i77L.pdb	L1-15-1.2gcyA.pdb	80.000	15	3	0	1	15	1	15	1.15e-06	28.2
L1-15-1.4i77L.pdb	L1-15-1.5aamA.pdb	80.000	15	3	0	1	15	1	15	1.23e-06	28.2
L1-15-1.4i77L.pdb	L1-15-1.4hs6A.pdb	73.333	15	4	0	1	15	1	15	7.15e-06	26.1
L1-15-1.4i77L.pdb	L1-15-1.4hs8L.pdb	73.333	15	4	0	1	15	1	15	9.71e-06	25.7
L1-15-1.4i77L.pdb	L1-15-1.2hrpM.pdb	73.333	15	4	0	1	15	1	15	1.71e-05	25.2
L1-15-1.4i77L.pdb	L1-15-1.1h0dA.pdb	78.571	14	3	0	1	14	1	14	1.85e-05	24.8
L1-15-1.4i77L.pdb	L1-15-1.2or9M.pdb	73.333	15	4	0	1	15	1	15	2.18e-05	24.8
L1-15-1.4i77L.pdb	L1-15-1.1egjL.pdb	73.333	15	4	0	1	15	1	15	2.18e-05	24.8
L1-15-1.4i77L.pdb	L1-15-1.4ffyL.pdb	73.333	15	4	0	1	15	1	15	2.93e-05	24.4
L1-15-1.4i77L.pdb	L1-15-1.1ggiM.pdb	73.333	15	4	0	1	15	1	15	4.47e-05	24.0
L1-15-1.4i77L.pdb	L1-15-1.4u0rC.pdb	60.000	15	6	0	1	15	1	15	1.10e-04	23.1
L1-15-1.4i77L.pdb	L1-15-1.2aabL.pdb	60.000	15	6	0	1	15	1	15	1.29e-04	22.7
L1-15-1.4i77L.pdb	L1-15-1.3qq9L.pdb	66.667	15	5	0	1	15	1	15	2.31e-04	22.3
L1-15-1.4i77L.pdb	L1-15-1.5eocL.pdb	66.667	15	5	0	1	15	1	15	2.51e-04	22.3
L1-15-1.4i77L.pdb	L1-15-1.1j05A.pdb	53.333	15	7	0	1	15	1	15	5.57e-04	21.0
L1-15-1.4i77L.pdb	L1-15-none.1i7zA.pdb	60.000	15	6	0	1	15	1	15	7.87e-04	20.6
L1-15-1.4i77L.pdb	L1-15-1.4x7sL.pdb	60.000	15	6	0	1	15	1	15	0.001	20.2
L1-15-1.4i77L.pdb	L1-15-none.4lvhF.pdb	53.333	15	7	0	1	15	1	15	0.002	20.2
L1-15-1.4i77L.pdb	L1-15-1.2xqyL.pdb	60.000	15	6	0	1	15	1	15	0.002	19.7
L1-15-1.4i77L.pdb	L1-15-1.5ggsB.pdb	53.333	15	7	0	1	15	1	15	0.003	19.3
L1-15-1.4i77L.pdb	L1-15-1.4qyoB.pdb	53.333	15	7	0	1	15	1	15	0.004	18.9
L1-15-1.4i77L.pdb	L1-15-1.1qnzL.pdb	53.333	15	7	0	1	15	1	15	0.005	18.9
L1-15-1.4i77L.pdb	L1-15-1.1ibgL.pdb	60.000	15	6	0	1	15	1	15	0.006	18.5
L1-15-1.4i77L.pdb	L1-15-1.3e8uL.pdb	46.667	15	8	0	1	15	1	15	0.007	18.5
L1-15-1.4i77L.pdb	L1-15-1.1f58L.pdb	53.333	15	7	0	1	15	1	15	0.008	18.0
L1-15-1.4i77L.pdb	L1-15-none.1nsnL.pdb	46.667	15	8	0	1	15	1	15	0.061	15.5
L1-15-1.4i77L.pdb	L1-15-none.3phqA.pdb	73.333	15	4	0	1	15	1	15	9.5	10.0
L1-15-1.4i77L.pdb	L1-15-none.3i2cL.pdb	66.667	15	5	0	1	15	1	15	26	 8.7
L1-15-1.4i77L.pdb	L1-15-1.5a16F.pdb	46.667	15	8	0	1	15	1	15	46	 7.9
L1-15-1.4i77L.pdb	L1-15-1.4mauL.pdb	64.286	14	5	0	1	14	1	14	96	 7.0
