L1-11-2.5az2L.pdb	L1-11-2.3lizL.pdb	88.889	9	1	0	1	9	1	9	0.001	18.9
L1-11-2.5az2L.pdb	L1-11-2.1fnsL.pdb	100.000	8	0	0	2	9	2	9	0.001	18.9
L1-11-2.5az2L.pdb	L1-11-2.1a0qL.pdb	88.889	9	1	0	1	9	1	9	0.001	18.9
L1-11-2.5az2L.pdb	L1-11-2.1d6vL.pdb	88.889	9	1	0	1	9	1	9	0.002	18.5
L1-11-2.5az2L.pdb	L1-11-2.1axsL.pdb	88.889	9	1	0	1	9	1	9	0.002	18.5
L1-11-2.5az2L.pdb	L1-11-2.1fgnL.pdb	88.889	9	1	0	1	9	1	9	0.002	18.0
L1-11-2.5az2L.pdb	L1-11-2.1fgvL.pdb	77.778	9	2	0	1	9	1	9	0.002	18.0
L1-11-2.5az2L.pdb	L1-11-2.2ypvL.pdb	77.778	9	2	0	1	9	1	9	0.003	18.0
L1-11-2.5az2L.pdb	L1-11-2.1hi6A.pdb	77.778	9	2	0	1	9	1	9	0.004	17.6
L1-11-2.5az2L.pdb	L1-11-2.3i75A.pdb	87.500	8	1	0	2	9	2	9	0.004	17.2
L1-11-2.5az2L.pdb	L1-11-2.1jfqL.pdb	66.667	9	3	0	1	9	1	9	0.005	17.2
L1-11-2.5az2L.pdb	L1-11-2.4uinL.pdb	66.667	9	3	0	1	9	1	9	0.008	16.8
L1-11-2.5az2L.pdb	L1-11-2.4g6mL.pdb	66.667	9	3	0	1	9	1	9	0.008	16.8
L1-11-2.5az2L.pdb	L1-11-2.2xknA.pdb	66.667	9	3	0	1	9	1	9	0.008	16.8
L1-11-2.5az2L.pdb	L1-11-2.1ikfL.pdb	66.667	9	3	0	1	9	1	9	0.008	16.8
L1-11-2.5az2L.pdb	L1-11-2.1gafL.pdb	66.667	9	3	0	1	9	1	9	0.008	16.8
L1-11-2.5az2L.pdb	L1-11-2.1fn4C.pdb	66.667	9	3	0	1	9	1	9	0.010	16.3
L1-11-2.5az2L.pdb	L1-11-2.1e4xL.pdb	66.667	9	3	0	1	9	1	9	0.012	16.3
L1-11-2.5az2L.pdb	L1-11-2.5kanL.pdb	55.556	9	4	0	1	9	1	9	0.012	16.3
L1-11-2.5az2L.pdb	L1-11-2.3b9kC.pdb	75.000	8	2	0	2	9	2	9	0.012	16.3
L1-11-2.5az2L.pdb	L1-11-2.1mamL.pdb	66.667	9	3	0	1	9	1	9	0.013	15.9
L1-11-2.5az2L.pdb	L1-11-2.4odvL.pdb	66.667	9	3	0	1	9	1	9	0.016	15.9
L1-11-2.5az2L.pdb	L1-11-2.3esuF.pdb	66.667	9	3	0	1	9	1	9	0.016	15.9
L1-11-2.5az2L.pdb	L1-11-2.1uj3A.pdb	66.667	9	3	0	1	9	1	9	0.020	15.5
L1-11-2.5az2L.pdb	L1-11-2.1bz7A.pdb	55.556	9	4	0	1	9	1	9	0.021	15.5
L1-11-2.5az2L.pdb	L1-11-2.3qpxL.pdb	66.667	9	3	0	1	9	1	9	0.023	15.5
L1-11-2.5az2L.pdb	L1-11-2.1b0wB.pdb	66.667	9	3	0	1	9	1	9	0.026	15.5
L1-11-2.5az2L.pdb	L1-11-2.1k6qL.pdb	66.667	9	3	0	1	9	1	9	0.034	15.1
L1-11-2.5az2L.pdb	L1-11-2.5dtfL.pdb	62.500	8	3	0	2	9	2	9	0.041	14.6
L1-11-2.5az2L.pdb	L1-11-2.1jptL.pdb	55.556	9	4	0	1	9	1	9	0.067	14.2
L1-11-2.5az2L.pdb	L1-11-2.4bz2L.pdb	85.714	7	1	0	1	7	1	7	0.071	14.2
L1-11-2.5az2L.pdb	L1-11-2.1ncbL.pdb	71.429	7	2	0	1	7	1	7	0.11	13.8
L1-11-2.5az2L.pdb	L1-11-2.3cviL.pdb	83.333	6	1	0	1	6	1	6	0.21	12.9
L1-11-2.5az2L.pdb	L1-11-2.1ospL.pdb	83.333	6	1	0	1	6	1	6	0.22	12.9
L1-11-2.5az2L.pdb	L1-11-2.1zanL.pdb	66.667	6	2	0	1	6	1	6	0.51	12.1
L1-11-2.5az2L.pdb	L1-11-2.2bdnL.pdb	66.667	6	2	0	1	6	1	6	0.58	12.1
L1-11-2.5az2L.pdb	L1-11-2.3g5yA.pdb	66.667	6	2	0	2	7	2	7	1.1	11.2
