H1-15-1.5jw5H.pdb	H1-15-1.3h0tB.pdb	80.000	15	3	0	1	15	1	15	2.83e-05	24.4
H1-15-1.5jw5H.pdb	H1-15-1.3ulsB.pdb	78.571	14	3	0	1	14	1	14	1.32e-04	22.7
H1-15-1.5jw5H.pdb	H1-15-1.5k9jH.pdb	71.429	14	4	0	2	15	2	15	3.50e-04	21.4
H1-15-1.5jw5H.pdb	H1-15-1.3tv3H.pdb	50.000	14	7	0	1	14	1	14	0.012	17.2
H1-15-1.5jw5H.pdb	H1-15-1.3twcH.pdb	42.857	14	8	0	1	14	1	14	0.068	15.1
H1-15-1.5jw5H.pdb	H1-15-none.5sx5H.pdb	46.667	15	8	0	1	15	1	15	0.34	13.4
H1-15-1.5jw5H.pdb	H1-15-1.3b2uJ.pdb	40.000	15	9	0	1	15	1	15	0.86	12.5
H1-15-1.5jw5H.pdb	H1-15-1.5bv7H.pdb	53.846	13	4	1	1	11	1	13	2.0	11.2
H1-15-1.5jw5H.pdb	H1-15-1.3qhzH.pdb	62.500	8	3	0	1	8	8	15	11	 9.5
H1-15-1.5jw5H.pdb	H1-15-1.3iflH.pdb	57.143	7	3	0	1	7	8	14	28	 8.3
H1-15-1.5jw5H.pdb	H1-15-1.3qrgH.pdb	57.143	7	3	0	2	8	9	15	32	 8.3
