L1-12-1.5i1kL.pdb	L1-12-1.4qxgL.pdb	100.000	9	0	0	1	9	1	9	0.003	16.3
L1-12-1.5i1kL.pdb	L1-12-1.3w9eB.pdb	88.889	9	1	0	1	9	1	9	0.005	15.9
L1-12-1.5i1kL.pdb	L1-12-1.4hweL.pdb	88.889	9	1	0	1	9	1	9	0.006	15.9
L1-12-1.5i1kL.pdb	L1-12-1.5k9jL.pdb	88.889	9	1	0	1	9	1	9	0.007	15.5
L1-12-1.5i1kL.pdb	L1-12-1.5ibuL.pdb	77.778	9	2	0	1	9	1	9	0.018	14.2
L1-12-1.5i1kL.pdb	L1-12-1.1iqdA.pdb	88.889	9	1	0	1	9	1	9	0.025	14.2
L1-12-1.5i1kL.pdb	L1-12-1.3tclL.pdb	87.500	8	1	0	1	8	1	8	0.035	13.8
L1-12-1.5i1kL.pdb	L1-12-1.2brrL.pdb	88.889	9	1	0	1	9	1	9	0.059	13.4
L1-12-1.5i1kL.pdb	L1-12-1.4xp9L.pdb	77.778	9	2	0	1	9	1	9	0.16	12.1
L1-12-1.5i1kL.pdb	L1-12-1.1orsA.pdb	87.500	8	1	0	2	9	2	9	0.58	10.8
L1-12-1.5i1kL.pdb	L1-12-1.3gkzA.pdb	87.500	8	1	0	2	9	2	9	0.67	10.8
L1-12-1.5i1kL.pdb	L1-12-1.4dvbL.pdb	71.429	7	2	0	1	7	1	7	0.81	10.4
L1-12-1.5i1kL.pdb	L1-12-1.4lvnB.pdb	75.000	8	2	0	2	9	2	9	1.4	10.0
L1-12-1.5i1kL.pdb	L1-12-1.1cf8L.pdb	85.714	7	1	0	2	8	2	8	1.5	10.0
L1-12-1.5i1kL.pdb	L1-12-1.3eotL.pdb	75.000	8	2	0	2	9	2	9	1.6	10.0
L1-12-1.5i1kL.pdb	L1-12-1.5l7xL.pdb	62.500	8	3	0	2	9	2	9	2.8	 9.1
L1-12-1.5i1kL.pdb	L1-12-1.4m1gL.pdb	71.429	7	2	0	2	8	2	8	3.1	 9.1
