L1-16-1.4jn2L.pdb	L1-16-1.3u0tA.pdb	88.889	9	1	0	1	9	1	9	0.005	17.6
L1-16-1.4jn2L.pdb	L1-16-1.1yejL.pdb	88.889	9	1	0	1	9	1	9	0.005	17.6
L1-16-1.4jn2L.pdb	L1-16-1.1yeeL.pdb	88.889	9	1	0	1	9	1	9	0.005	17.6
L1-16-1.4jn2L.pdb	L1-16-1.2imnA.pdb	100.000	8	0	0	1	8	1	8	0.006	17.2
L1-16-1.4jn2L.pdb	L1-16-1.4hcrN.pdb	88.889	9	1	0	1	9	1	9	0.007	17.2
L1-16-1.4jn2L.pdb	L1-16-1.2g2rA.pdb	77.778	9	2	0	1	9	1	9	0.010	16.8
L1-16-1.4jn2L.pdb	L1-16-1.3o6kL.pdb	77.778	9	2	0	1	9	1	9	0.011	16.8
L1-16-1.4jn2L.pdb	L1-16-1.4lriB.pdb	77.778	9	2	0	1	9	1	9	0.016	16.3
L1-16-1.4jn2L.pdb	L1-16-1.3qehB.pdb	77.778	9	2	0	1	9	1	9	0.016	16.3
L1-16-1.4jn2L.pdb	L1-16-1.1f8tL.pdb	77.778	9	2	0	1	9	1	9	0.026	15.5
L1-16-1.4jn2L.pdb	L1-16-1.4xmlL.pdb	66.667	9	3	0	1	9	1	9	0.026	15.5
L1-16-1.4jn2L.pdb	L1-16-1.4xxdA.pdb	66.667	9	3	0	1	9	1	9	0.031	15.5
L1-16-1.4jn2L.pdb	L1-16-1.4lqfL.pdb	66.667	9	3	0	1	9	1	9	0.045	15.1
L1-16-1.4jn2L.pdb	L1-16-1.2ajvL.pdb	75.000	8	2	0	1	8	1	8	0.059	14.6
L1-16-1.4jn2L.pdb	L1-16-1.4pb0L.pdb	100.000	7	0	0	1	7	1	7	0.064	14.6
L1-16-1.4jn2L.pdb	L1-16-1.2w60B.pdb	100.000	7	0	0	1	7	1	7	0.064	14.6
L1-16-1.4jn2L.pdb	L1-16-1.1cr9L.pdb	100.000	7	0	0	1	7	1	7	0.064	14.6
L1-16-1.4jn2L.pdb	L1-16-1.5aumL.pdb	75.000	8	2	0	1	8	1	8	0.075	14.2
L1-16-1.4jn2L.pdb	L1-16-1.5iwlA.pdb	55.556	9	4	0	1	9	1	9	0.085	14.2
L1-16-1.4jn2L.pdb	L1-16-1.1ncwL.pdb	66.667	9	3	0	1	9	1	9	0.14	13.8
L1-16-1.4jn2L.pdb	L1-16-1.3m8oL.pdb	85.714	7	1	0	1	7	1	7	0.15	13.8
L1-16-1.4jn2L.pdb	L1-16-1.4whtB.pdb	85.714	7	1	0	1	7	1	7	0.17	13.4
L1-16-1.4jn2L.pdb	L1-16-1.5ewiL.pdb	85.714	7	1	0	1	7	1	7	0.19	13.4
L1-16-1.4jn2L.pdb	L1-16-1.1dbbL.pdb	55.556	9	4	0	1	9	1	9	0.20	13.4
L1-16-1.4jn2L.pdb	L1-16-1.5dyoB.pdb	85.714	7	1	0	1	7	1	7	0.24	13.4
L1-16-1.4jn2L.pdb	L1-16-1.5drxL.pdb	55.556	9	4	0	1	9	1	9	0.24	13.4
L1-16-1.4jn2L.pdb	L1-16-1.3wbdA.pdb	55.556	9	4	0	1	9	1	9	0.24	13.4
L1-16-1.4jn2L.pdb	L1-16-1.3mckL.pdb	55.556	9	4	0	1	9	1	9	0.24	13.4
L1-16-1.4jn2L.pdb	L1-16-1.2d03L.pdb	55.556	9	4	0	1	9	1	9	0.24	13.4
L1-16-1.4jn2L.pdb	L1-16-1.1x9qA.pdb	55.556	9	4	0	1	9	1	9	0.24	13.4
L1-16-1.4jn2L.pdb	L1-16-1.1t2qL.pdb	55.556	9	4	0	1	9	1	9	0.24	13.4
L1-16-1.4jn2L.pdb	L1-16-1.1rmfL.pdb	55.556	9	4	0	1	9	1	9	0.24	13.4
L1-16-1.4jn2L.pdb	L1-16-1.1makA.pdb	55.556	9	4	0	1	9	1	9	0.24	13.4
L1-16-1.4jn2L.pdb	L1-16-1.1lmkC.pdb	55.556	9	4	0	1	9	1	9	0.24	13.4
L1-16-1.4jn2L.pdb	L1-16-1.1dlfL.pdb	55.556	9	4	0	1	9	1	9	0.24	13.4
L1-16-1.4jn2L.pdb	L1-16-1.1zeaL.pdb	55.556	9	4	0	1	9	1	9	0.25	13.4
L1-16-1.4jn2L.pdb	L1-16-1.4trpL.pdb	62.500	8	3	0	1	8	1	8	0.30	12.9
L1-16-1.4jn2L.pdb	L1-16-1.4nujA.pdb	100.000	6	0	0	1	6	1	6	0.44	12.5
L1-16-1.4jn2L.pdb	L1-16-1.3pp4L.pdb	55.556	9	4	0	1	9	1	9	0.63	12.1
L1-16-1.4jn2L.pdb	L1-16-1.3ggwA.pdb	55.556	9	4	0	1	9	1	9	0.63	12.1
L1-16-1.4jn2L.pdb	L1-16-1.1q72L.pdb	55.556	9	4	0	1	9	1	9	0.63	12.1
L1-16-1.4jn2L.pdb	L1-16-1.1mieL.pdb	55.556	9	4	0	1	9	1	9	0.63	12.1
L1-16-1.4jn2L.pdb	L1-16-1.1ad9L.pdb	55.556	9	4	0	1	9	1	9	0.63	12.1
L1-16-1.4jn2L.pdb	L1-16-1.1ynlL.pdb	44.444	9	5	0	1	9	1	9	0.65	12.1
L1-16-1.4jn2L.pdb	L1-16-1.5kn5B.pdb	44.444	9	5	0	1	9	1	9	0.67	12.1
L1-16-1.4jn2L.pdb	L1-16-1.4ygvB.pdb	44.444	9	5	0	1	9	1	9	0.67	12.1
L1-16-1.4jn2L.pdb	L1-16-1.3utzA.pdb	44.444	9	5	0	1	9	1	9	0.67	12.1
L1-16-1.4jn2L.pdb	L1-16-1.3jauL.pdb	44.444	9	5	0	1	9	1	9	0.67	12.1
L1-16-1.4jn2L.pdb	L1-16-1.3fo2A.pdb	44.444	9	5	0	1	9	1	9	0.67	12.1
L1-16-1.4jn2L.pdb	L1-16-1.3fo1A.pdb	44.444	9	5	0	1	9	1	9	0.67	12.1
L1-16-1.4jn2L.pdb	L1-16-1.3bkjL.pdb	44.444	9	5	0	1	9	1	9	0.67	12.1
L1-16-1.4jn2L.pdb	L1-16-1.2uylX.pdb	44.444	9	5	0	1	9	1	9	0.67	12.1
L1-16-1.4jn2L.pdb	L1-16-1.5epmF.pdb	44.444	9	5	0	1	9	1	9	0.75	12.1
L1-16-1.4jn2L.pdb	L1-16-1.1f3dL.pdb	44.444	9	5	0	1	9	1	9	0.76	12.1
L1-16-1.4jn2L.pdb	L1-16-1.1rurL.pdb	55.556	9	4	0	1	9	1	9	0.99	11.7
L1-16-1.4jn2L.pdb	L1-16-1.1gpoL.pdb	50.000	8	4	0	1	8	1	8	1.3	11.7
L1-16-1.4jn2L.pdb	L1-16-1.4nugL.pdb	83.333	6	1	0	1	6	1	6	1.4	11.7
