L1-14-2.3u2sB.pdb	L1-14-2.4yaqB.pdb	100.000	13	0	0	2	14	2	14	4.05e-06	26.5
L1-14-2.3u2sB.pdb	L1-14-2.4dqoL.pdb	78.571	14	3	0	1	14	1	14	1.40e-05	25.2
L1-14-2.3u2sB.pdb	L1-14-2.3lrsB.pdb	76.923	13	3	0	2	14	2	14	1.21e-04	22.7
L1-14-2.3u2sB.pdb	L1-14-2.5c2bL.pdb	69.231	13	4	0	2	14	2	14	3.35e-04	21.4
L1-14-2.3u2sB.pdb	L1-14-2.2omnB.pdb	76.923	13	3	0	2	14	2	14	3.81e-04	21.4
L1-14-2.3u2sB.pdb	L1-14-2.5awnL.pdb	69.231	13	4	0	2	14	2	14	5.67e-04	21.0
L1-14-2.3u2sB.pdb	L1-14-2.5cckL.pdb	69.231	13	4	0	2	14	2	14	6.67e-04	20.6
L1-14-2.3u2sB.pdb	L1-14-none.4nikB.pdb	76.923	13	3	0	2	14	2	14	8.41e-04	20.6
L1-14-2.3u2sB.pdb	L1-14-2.4unuA.pdb	76.923	13	3	0	2	14	2	14	0.001	20.6
L1-14-2.3u2sB.pdb	L1-14-2.4y5vE.pdb	76.923	13	3	0	2	14	2	14	0.001	20.2
L1-14-2.3u2sB.pdb	L1-14-2.3gjfL.pdb	76.923	13	3	0	2	14	2	14	0.001	20.2
L1-14-2.3u2sB.pdb	L1-14-2.4h8wL.pdb	69.231	13	4	0	2	14	2	14	0.002	19.3
L1-14-2.3u2sB.pdb	L1-14-2.1dclB.pdb	69.231	13	4	0	2	14	2	14	0.003	19.3
L1-14-2.3u2sB.pdb	L1-14-none.3gheL.pdb	69.231	13	4	0	2	14	2	14	0.005	18.5
L1-14-2.3u2sB.pdb	L1-14-2.4rnrB.pdb	61.538	13	5	0	2	14	2	14	0.005	18.5
L1-14-2.3u2sB.pdb	L1-14-2.4ravB.pdb	61.538	13	5	0	2	14	2	14	0.005	18.5
L1-14-2.3u2sB.pdb	L1-14-2.5f6hN.pdb	61.538	13	5	0	2	14	2	14	0.006	18.0
L1-14-2.3u2sB.pdb	L1-14-2.4f58M.pdb	61.538	13	5	0	2	14	2	14	0.009	17.6
L1-14-2.3u2sB.pdb	L1-14-2.5f6iC.pdb	53.846	13	6	0	2	14	2	14	0.016	17.2
L1-14-2.3u2sB.pdb	L1-14-2.4uu9L.pdb	61.538	13	5	0	2	14	2	14	0.050	15.5
L1-14-2.3u2sB.pdb	L1-14-2.2jb5L.pdb	61.538	13	5	0	2	14	2	14	0.081	15.1
L1-14-2.3u2sB.pdb	L1-14-none.1jvkB.pdb	53.846	13	6	0	2	14	2	14	0.19	14.2
L1-14-2.3u2sB.pdb	L1-14-none.4ut7L.pdb	46.154	13	7	0	2	14	2	14	0.52	12.9
L1-14-2.3u2sB.pdb	L1-14-none.4m6nL.pdb	45.455	11	5	1	2	11	2	12	2.2	11.2
L1-14-2.3u2sB.pdb	L1-14-none.3h42L.pdb	45.455	11	5	1	2	11	2	12	2.2	11.2
L1-14-2.3u2sB.pdb	L1-14-none.4tscL.pdb	44.444	9	5	0	3	11	4	12	4.1	10.8
