L1-11-2.5dfwH.pdb	L1-11-2.4pljL.pdb	100.000	7	0	0	1	7	1	7	0.006	16.8
L1-11-2.5dfwH.pdb	L1-11-2.1zanL.pdb	85.714	7	1	0	1	7	1	7	0.014	15.9
L1-11-2.5dfwH.pdb	L1-11-2.4yr6E.pdb	85.714	7	1	0	1	7	1	7	0.045	14.6
L1-11-2.5dfwH.pdb	L1-11-2.1ospL.pdb	71.429	7	2	0	1	7	1	7	0.046	14.6
L1-11-2.5dfwH.pdb	L1-11-2.1mamL.pdb	71.429	7	2	0	1	7	1	7	0.047	14.6
L1-11-2.5dfwH.pdb	L1-11-2.3cviL.pdb	71.429	7	2	0	1	7	1	7	0.047	14.6
L1-11-2.5dfwH.pdb	L1-11-2.3qpxL.pdb	71.429	7	2	0	1	7	1	7	0.055	14.6
L1-11-2.5dfwH.pdb	L1-11-2.4ht1L.pdb	71.429	7	2	0	1	7	1	7	0.060	14.2
L1-11-2.5dfwH.pdb	L1-11-2.3rkdC.pdb	85.714	7	1	0	1	7	1	7	0.060	14.2
L1-11-2.5dfwH.pdb	L1-11-2.3rvvC.pdb	57.143	7	3	0	1	7	1	7	0.14	13.4
L1-11-2.5dfwH.pdb	L1-11-2.2ymxL.pdb	83.333	6	1	0	1	6	1	6	0.26	12.9
L1-11-2.5dfwH.pdb	L1-11-2.3wxwL.pdb	71.429	7	2	0	1	7	1	7	0.34	12.5
L1-11-2.5dfwH.pdb	L1-11-2.4s1dD.pdb	71.429	7	2	0	1	7	1	7	0.48	12.5
L1-11-2.5dfwH.pdb	L1-11-2.1a2yA.pdb	71.429	7	2	0	1	7	1	7	0.48	12.5
L1-11-2.5dfwH.pdb	L1-11-2.4jr9L.pdb	66.667	6	2	0	1	6	1	6	0.90	11.7
L1-11-2.5dfwH.pdb	L1-11-2.3b9kC.pdb	66.667	6	2	0	1	6	1	6	0.94	11.7
L1-11-2.5dfwH.pdb	L1-11-2.3u9pL.pdb	57.143	7	3	0	1	7	1	7	0.99	11.7
L1-11-2.5dfwH.pdb	L1-11-2.3ojdA.pdb	57.143	7	3	0	1	7	1	7	1.6	11.2
