L1-16-1.5ewiL.pdb	L1-16-1.2g2rA.pdb	100.000	7	0	0	1	7	1	7	0.051	14.6
L1-16-1.5ewiL.pdb	L1-16-1.4lriB.pdb	100.000	7	0	0	1	7	1	7	0.053	14.6
L1-16-1.5ewiL.pdb	L1-16-1.3qehB.pdb	100.000	7	0	0	1	7	1	7	0.053	14.6
L1-16-1.5ewiL.pdb	L1-16-1.5jueL.pdb	100.000	7	0	0	1	7	1	7	0.059	14.6
L1-16-1.5ewiL.pdb	L1-16-1.1pz5A.pdb	100.000	7	0	0	1	7	1	7	0.059	14.6
L1-16-1.5ewiL.pdb	L1-16-1.4whtB.pdb	100.000	7	0	0	1	7	1	7	0.060	14.6
L1-16-1.5ewiL.pdb	L1-16-1.2jelL.pdb	66.667	9	3	0	1	9	1	9	0.063	14.6
L1-16-1.5ewiL.pdb	L1-16-1.3m8oL.pdb	100.000	7	0	0	1	7	1	7	0.071	14.6
L1-16-1.5ewiL.pdb	L1-16-1.4lqfL.pdb	85.714	7	1	0	1	7	1	7	0.14	13.8
L1-16-1.5ewiL.pdb	L1-16-1.4xmlL.pdb	85.714	7	1	0	1	7	1	7	0.16	13.8
L1-16-1.5ewiL.pdb	L1-16-1.1dbbL.pdb	85.714	7	1	0	1	7	1	7	0.16	13.8
L1-16-1.5ewiL.pdb	L1-16-1.3hr5A.pdb	85.714	7	1	0	1	7	1	7	0.17	13.8
L1-16-1.5ewiL.pdb	L1-16-1.1igfL.pdb	55.556	9	4	0	1	9	1	9	0.18	13.4
L1-16-1.5ewiL.pdb	L1-16-1.4jn2L.pdb	85.714	7	1	0	1	7	1	7	0.18	13.4
L1-16-1.5ewiL.pdb	L1-16-1.4hcrN.pdb	85.714	7	1	0	1	7	1	7	0.19	13.4
L1-16-1.5ewiL.pdb	L1-16-1.5drxL.pdb	85.714	7	1	0	1	7	1	7	0.20	13.4
L1-16-1.5ewiL.pdb	L1-16-1.4fabL.pdb	85.714	7	1	0	1	7	1	7	0.20	13.4
L1-16-1.5ewiL.pdb	L1-16-1.3wbdA.pdb	85.714	7	1	0	1	7	1	7	0.20	13.4
L1-16-1.5ewiL.pdb	L1-16-1.3mckL.pdb	85.714	7	1	0	1	7	1	7	0.20	13.4
L1-16-1.5ewiL.pdb	L1-16-1.2d03L.pdb	85.714	7	1	0	1	7	1	7	0.20	13.4
L1-16-1.5ewiL.pdb	L1-16-1.1t2qL.pdb	85.714	7	1	0	1	7	1	7	0.20	13.4
L1-16-1.5ewiL.pdb	L1-16-1.1rmfL.pdb	85.714	7	1	0	1	7	1	7	0.20	13.4
L1-16-1.5ewiL.pdb	L1-16-1.1lmkC.pdb	85.714	7	1	0	1	7	1	7	0.20	13.4
L1-16-1.5ewiL.pdb	L1-16-1.1dlfL.pdb	85.714	7	1	0	1	7	1	7	0.20	13.4
L1-16-1.5ewiL.pdb	L1-16-1.4trpL.pdb	85.714	7	1	0	1	7	1	7	0.20	13.4
L1-16-1.5ewiL.pdb	L1-16-1.4dtgL.pdb	85.714	7	1	0	1	7	1	7	0.20	13.4
L1-16-1.5ewiL.pdb	L1-16-1.4pb0L.pdb	85.714	7	1	0	1	7	1	7	0.21	13.4
L1-16-1.5ewiL.pdb	L1-16-1.2w60B.pdb	85.714	7	1	0	1	7	1	7	0.21	13.4
L1-16-1.5ewiL.pdb	L1-16-1.1cr9L.pdb	85.714	7	1	0	1	7	1	7	0.21	13.4
L1-16-1.5ewiL.pdb	L1-16-1.3u0tA.pdb	85.714	7	1	0	1	7	1	7	0.21	13.4
L1-16-1.5ewiL.pdb	L1-16-1.2ajvL.pdb	85.714	7	1	0	1	7	1	7	0.34	12.9
L1-16-1.5ewiL.pdb	L1-16-1.4f37L.pdb	71.429	7	2	0	1	7	1	7	0.36	12.9
L1-16-1.5ewiL.pdb	L1-16-1.1uz8A.pdb	85.714	7	1	0	1	7	1	7	0.37	12.9
L1-16-1.5ewiL.pdb	L1-16-1.1rurL.pdb	85.714	7	1	0	1	7	1	7	0.37	12.9
L1-16-1.5ewiL.pdb	L1-16-1.5iwlA.pdb	55.556	9	4	0	1	9	1	9	0.38	12.9
L1-16-1.5ewiL.pdb	L1-16-1.5epmF.pdb	71.429	7	2	0	1	7	1	7	0.39	12.9
L1-16-1.5ewiL.pdb	L1-16-1.1f3dL.pdb	71.429	7	2	0	1	7	1	7	0.40	12.9
L1-16-1.5ewiL.pdb	L1-16-1.3pp4L.pdb	85.714	7	1	0	1	7	1	7	0.41	12.5
L1-16-1.5ewiL.pdb	L1-16-1.3ggwA.pdb	85.714	7	1	0	1	7	1	7	0.41	12.5
L1-16-1.5ewiL.pdb	L1-16-1.1q72L.pdb	85.714	7	1	0	1	7	1	7	0.41	12.5
L1-16-1.5ewiL.pdb	L1-16-1.1mieL.pdb	85.714	7	1	0	1	7	1	7	0.41	12.5
L1-16-1.5ewiL.pdb	L1-16-1.1ad9L.pdb	85.714	7	1	0	1	7	1	7	0.41	12.5
L1-16-1.5ewiL.pdb	L1-16-1.1qfuL.pdb	71.429	7	2	0	1	7	1	7	0.43	12.5
L1-16-1.5ewiL.pdb	L1-16-1.1gpoL.pdb	71.429	7	2	0	1	7	1	7	0.44	12.5
L1-16-1.5ewiL.pdb	L1-16-1.5kn5B.pdb	71.429	7	2	0	1	7	1	7	0.46	12.5
L1-16-1.5ewiL.pdb	L1-16-1.4ygvB.pdb	71.429	7	2	0	1	7	1	7	0.46	12.5
L1-16-1.5ewiL.pdb	L1-16-1.3utzA.pdb	71.429	7	2	0	1	7	1	7	0.46	12.5
L1-16-1.5ewiL.pdb	L1-16-1.3jauL.pdb	71.429	7	2	0	1	7	1	7	0.46	12.5
L1-16-1.5ewiL.pdb	L1-16-1.3fo2A.pdb	71.429	7	2	0	1	7	1	7	0.46	12.5
L1-16-1.5ewiL.pdb	L1-16-1.3fo1A.pdb	71.429	7	2	0	1	7	1	7	0.46	12.5
L1-16-1.5ewiL.pdb	L1-16-1.3bkjL.pdb	71.429	7	2	0	1	7	1	7	0.46	12.5
L1-16-1.5ewiL.pdb	L1-16-1.1i9jL.pdb	71.429	7	2	0	1	7	1	7	0.46	12.5
L1-16-1.5ewiL.pdb	L1-16-1.1dsfL.pdb	71.429	7	2	0	1	7	1	7	0.50	12.5
L1-16-1.5ewiL.pdb	L1-16-1.1f8tL.pdb	100.000	6	0	0	2	7	2	7	0.58	12.5
L1-16-1.5ewiL.pdb	L1-16-1.1ynlL.pdb	71.429	7	2	0	1	7	1	7	0.59	12.5
L1-16-1.5ewiL.pdb	L1-16-1.5dyoB.pdb	71.429	7	2	0	1	7	1	7	0.59	12.5
L1-16-1.5ewiL.pdb	L1-16-1.3o6kL.pdb	71.429	7	2	0	1	7	1	7	0.74	12.1
L1-16-1.5ewiL.pdb	L1-16-1.1lo4L.pdb	57.143	7	3	0	1	7	1	7	0.82	12.1
L1-16-1.5ewiL.pdb	L1-16-1.3gnmL.pdb	44.444	9	5	0	1	9	1	9	0.83	12.1
L1-16-1.5ewiL.pdb	L1-16-1.2g60L.pdb	44.444	9	5	0	1	9	1	9	0.86	12.1
L1-16-1.5ewiL.pdb	L1-16-1.4lciL.pdb	71.429	7	2	0	1	7	1	7	0.88	12.1
L1-16-1.5ewiL.pdb	L1-16-1.3cfbL.pdb	71.429	7	2	0	1	7	1	7	0.88	12.1
L1-16-1.5ewiL.pdb	L1-16-1.1wt5C.pdb	57.143	7	3	0	1	7	1	7	0.93	12.1
L1-16-1.5ewiL.pdb	L1-16-1.3ifoB.pdb	57.143	7	3	0	1	7	1	7	0.94	12.1
L1-16-1.5ewiL.pdb	L1-16-1.3nz8L.pdb	57.143	7	3	0	1	7	1	7	0.99	11.7
L1-16-1.5ewiL.pdb	L1-16-1.2pcpC.pdb	57.143	7	3	0	1	7	1	7	0.99	11.7
L1-16-1.5ewiL.pdb	L1-16-1.2dquL.pdb	57.143	7	3	0	1	7	1	7	0.99	11.7
L1-16-1.5ewiL.pdb	L1-16-1.3qg6A.pdb	71.429	7	2	0	1	7	1	7	1.0	11.7
L1-16-1.5ewiL.pdb	L1-16-1.3vw3L.pdb	57.143	7	3	0	1	7	1	7	1.1	11.7
L1-16-1.5ewiL.pdb	L1-16-1.3gkwL.pdb	57.143	7	3	0	1	7	1	7	1.1	11.7
L1-16-1.5ewiL.pdb	L1-16-1.1ncwL.pdb	71.429	7	2	0	1	7	1	7	1.2	11.7
L1-16-1.5ewiL.pdb	L1-16-1.4nujA.pdb	83.333	6	1	0	1	6	1	6	1.7	11.2
L1-16-1.5ewiL.pdb	L1-16-1.1zeaL.pdb	57.143	7	3	0	1	7	1	7	1.7	11.2
L1-16-1.5ewiL.pdb	L1-16-1.1s3kL.pdb	57.143	7	3	0	1	7	1	7	2.2	10.8
L1-16-1.5ewiL.pdb	L1-16-1.4m7jL.pdb	57.143	7	3	0	1	7	1	7	2.6	10.8
L1-16-1.5ewiL.pdb	L1-16-1.4nugL.pdb	66.667	6	2	0	1	6	1	6	5.0	10.0
