L1-11-2.5dtfL.pdb	L1-11-2.1a0qL.pdb	75.000	8	2	0	2	9	2	9	0.011	16.3
L1-11-2.5dtfL.pdb	L1-11-2.1fgnL.pdb	62.500	8	3	0	2	9	2	9	0.041	15.1
L1-11-2.5dtfL.pdb	L1-11-2.1fnsL.pdb	62.500	8	3	0	2	9	2	9	0.042	15.1
L1-11-2.5dtfL.pdb	L1-11-2.5az2L.pdb	62.500	8	3	0	2	9	2	9	0.045	14.6
L1-11-2.5dtfL.pdb	L1-11-2.1uj3A.pdb	62.500	8	3	0	2	9	2	9	0.053	14.6
L1-11-2.5dtfL.pdb	L1-11-2.5kanL.pdb	55.556	9	4	0	1	9	1	9	0.066	14.2
L1-11-2.5dtfL.pdb	L1-11-2.4jo4M.pdb	66.667	9	3	0	1	9	1	9	0.073	14.2
L1-11-2.5dtfL.pdb	L1-11-2.1e4xL.pdb	55.556	9	4	0	1	9	1	9	0.081	14.2
L1-11-2.5dtfL.pdb	L1-11-2.1d6vL.pdb	62.500	8	3	0	2	9	2	9	0.082	14.2
L1-11-2.5dtfL.pdb	L1-11-2.1axsL.pdb	62.500	8	3	0	2	9	2	9	0.082	14.2
L1-11-2.5dtfL.pdb	L1-11-2.1b0wB.pdb	66.667	9	3	0	1	9	1	9	0.084	14.2
L1-11-2.5dtfL.pdb	L1-11-2.4odvL.pdb	55.556	9	4	0	1	9	1	9	0.11	13.8
L1-11-2.5dtfL.pdb	L1-11-2.3esuF.pdb	55.556	9	4	0	1	9	1	9	0.11	13.8
L1-11-2.5dtfL.pdb	L1-11-2.1jptL.pdb	66.667	9	3	0	1	9	1	9	0.12	13.8
L1-11-2.5dtfL.pdb	L1-11-2.3lizL.pdb	62.500	8	3	0	2	9	2	9	0.13	13.8
L1-11-2.5dtfL.pdb	L1-11-2.1fgvL.pdb	55.556	9	4	0	1	9	1	9	0.13	13.8
L1-11-2.5dtfL.pdb	L1-11-2.1r0aL.pdb	62.500	8	3	0	2	9	2	9	0.13	13.8
L1-11-2.5dtfL.pdb	L1-11-2.1k6qL.pdb	66.667	9	3	0	1	9	1	9	0.15	13.4
L1-11-2.5dtfL.pdb	L1-11-2.1emtL.pdb	62.500	8	3	0	2	9	2	9	0.21	13.4
L1-11-2.5dtfL.pdb	L1-11-2.4uinL.pdb	55.556	9	4	0	1	9	1	9	0.27	12.9
L1-11-2.5dtfL.pdb	L1-11-2.4g6mL.pdb	55.556	9	4	0	1	9	1	9	0.27	12.9
L1-11-2.5dtfL.pdb	L1-11-2.2xknA.pdb	55.556	9	4	0	1	9	1	9	0.27	12.9
L1-11-2.5dtfL.pdb	L1-11-2.1ikfL.pdb	55.556	9	4	0	1	9	1	9	0.27	12.9
L1-11-2.5dtfL.pdb	L1-11-2.2ypvL.pdb	62.500	8	3	0	2	9	2	9	0.30	12.9
L1-11-2.5dtfL.pdb	L1-11-2.1jfqL.pdb	44.444	9	5	0	1	9	1	9	0.38	12.5
L1-11-2.5dtfL.pdb	L1-11-2.3rvvC.pdb	62.500	8	3	0	2	9	2	9	0.39	12.5
L1-11-2.5dtfL.pdb	L1-11-2.1zanL.pdb	83.333	6	1	0	1	6	1	6	0.44	12.5
L1-11-2.5dtfL.pdb	L1-11-2.3cviL.pdb	83.333	6	1	0	1	6	1	6	0.51	12.5
L1-11-2.5dtfL.pdb	L1-11-2.1ospL.pdb	83.333	6	1	0	1	6	1	6	0.53	12.1
L1-11-2.5dtfL.pdb	L1-11-2.1mamL.pdb	55.556	9	4	0	1	9	1	9	0.58	12.1
L1-11-2.5dtfL.pdb	L1-11-2.1bz7A.pdb	44.444	9	5	0	1	9	1	9	0.93	11.7
