L1-10-1.4ebqL.pdb	L1-10-1.2w9dL.pdb	100.000	9	0	0	1	9	1	9	0.002	17.2
L1-10-1.4ebqL.pdb	L1-10-1.1sy6L.pdb	100.000	9	0	0	1	9	1	9	0.002	17.2
L1-10-1.4ebqL.pdb	L1-10-1.4ki5D.pdb	88.889	9	1	0	1	9	1	9	0.004	16.8
L1-10-1.4ebqL.pdb	L1-10-1.4kphL.pdb	88.889	9	1	0	1	9	1	9	0.004	16.3
L1-10-1.4ebqL.pdb	L1-10-1.1yqvL.pdb	88.889	9	1	0	1	9	1	9	0.004	16.3
L1-10-1.4ebqL.pdb	L1-10-1.3nfsL.pdb	88.889	9	1	0	1	9	1	9	0.004	16.3
L1-10-1.4ebqL.pdb	L1-10-1.3bkyL.pdb	100.000	8	0	0	2	9	2	9	0.004	16.3
L1-10-1.4ebqL.pdb	L1-10-1.4c83B.pdb	88.889	9	1	0	1	9	1	9	0.005	16.3
L1-10-1.4ebqL.pdb	L1-10-1.1a6tC.pdb	88.889	9	1	0	1	9	1	9	0.005	16.3
L1-10-1.4ebqL.pdb	L1-10-1.1forL.pdb	77.778	9	2	0	1	9	1	9	0.007	15.9
L1-10-1.4ebqL.pdb	L1-10-1.4ag4L.pdb	77.778	9	2	0	1	9	1	9	0.008	15.5
L1-10-1.4ebqL.pdb	L1-10-1.2j4wL.pdb	87.500	8	1	0	2	9	2	9	0.010	15.5
L1-10-1.4ebqL.pdb	L1-10-1.3qwoL.pdb	77.778	9	2	0	1	9	1	9	0.010	15.5
L1-10-1.4ebqL.pdb	L1-10-1.1eo8L.pdb	77.778	9	2	0	1	9	1	9	0.011	15.5
L1-10-1.4ebqL.pdb	L1-10-1.4qnpF.pdb	87.500	8	1	0	2	9	2	9	0.012	15.1
L1-10-1.4ebqL.pdb	L1-10-1.4kucD.pdb	87.500	8	1	0	2	9	2	9	0.012	15.1
L1-10-1.4ebqL.pdb	L1-10-1.2bmkL.pdb	66.667	9	3	0	1	9	1	9	0.014	15.1
L1-10-1.4ebqL.pdb	L1-10-1.4hxaL.pdb	77.778	9	2	0	1	9	1	9	0.014	15.1
L1-10-1.4ebqL.pdb	L1-10-1.1mimL.pdb	88.889	9	1	0	1	9	1	9	0.018	14.6
L1-10-1.4ebqL.pdb	L1-10-1.4kaqL.pdb	87.500	8	1	0	2	9	2	9	0.021	14.6
L1-10-1.4ebqL.pdb	L1-10-1.4ffvL.pdb	75.000	8	2	0	2	9	2	9	0.082	13.4
L1-10-1.4ebqL.pdb	L1-10-1.1pskL.pdb	77.778	9	2	0	1	9	1	9	0.11	12.9
L1-10-1.4ebqL.pdb	L1-10-1.2fbjL.pdb	77.778	9	2	0	1	9	1	9	0.24	12.1
L1-10-1.4ebqL.pdb	L1-10-1.2hwzL.pdb	80.000	5	1	0	5	9	5	9	0.29	12.1
