L1-13-1.1bjmB.pdb	L1-13-1.4osuL.pdb	100.000	8	0	0	1	8	1	8	0.017	15.1
L1-13-1.1bjmB.pdb	L1-13-1.5fcuL.pdb	100.000	8	0	0	1	8	1	8	0.017	15.1
L1-13-1.1bjmB.pdb	L1-13-1.4fqjL.pdb	100.000	8	0	0	1	8	1	8	0.017	15.1
L1-13-1.1bjmB.pdb	L1-13-1.5adoL.pdb	88.889	9	1	0	1	9	1	9	0.017	15.1
L1-13-1.1bjmB.pdb	L1-13-1.4od1L.pdb	88.889	9	1	0	1	9	1	9	0.017	15.1
L1-13-1.1bjmB.pdb	L1-13-1.4m1dM.pdb	88.889	9	1	0	1	9	1	9	0.017	15.1
L1-13-1.1bjmB.pdb	L1-13-1.4eowL.pdb	88.889	9	1	0	1	9	1	9	0.017	15.1
L1-13-1.1bjmB.pdb	L1-13-1.3mlyM.pdb	88.889	9	1	0	1	9	1	9	0.017	15.1
L1-13-1.1bjmB.pdb	L1-13-1.3gbnL.pdb	88.889	9	1	0	1	9	1	9	0.017	15.1
L1-13-1.1bjmB.pdb	L1-13-1.2xzcL.pdb	88.889	9	1	0	1	9	1	9	0.017	15.1
L1-13-1.1bjmB.pdb	L1-13-1.1rzfL.pdb	88.889	9	1	0	1	9	1	9	0.017	15.1
L1-13-1.1bjmB.pdb	L1-13-1.4gxvL.pdb	100.000	8	0	0	1	8	1	8	0.019	15.1
L1-13-1.1bjmB.pdb	L1-13-1.3qhzM.pdb	100.000	8	0	0	1	8	1	8	0.019	15.1
L1-13-1.1bjmB.pdb	L1-13-1.3npsC.pdb	100.000	8	0	0	1	8	1	8	0.019	15.1
L1-13-1.1bjmB.pdb	L1-13-1.3n9gL.pdb	100.000	8	0	0	1	8	1	8	0.019	15.1
L1-13-1.1bjmB.pdb	L1-13-1.2yk1L.pdb	100.000	8	0	0	1	8	1	8	0.019	15.1
L1-13-1.1bjmB.pdb	L1-13-1.2a9mL.pdb	77.778	9	2	0	1	9	1	9	0.033	14.2
L1-13-1.1bjmB.pdb	L1-13-1.4q2zL.pdb	87.500	8	1	0	1	8	1	8	0.037	14.2
L1-13-1.1bjmB.pdb	L1-13-1.2fb4L.pdb	87.500	8	1	0	1	8	1	8	0.038	14.2
L1-13-1.1bjmB.pdb	L1-13-1.4yjzL.pdb	87.500	8	1	0	1	8	1	8	0.041	14.2
L1-13-1.1bjmB.pdb	L1-13-1.4k3dL.pdb	77.778	9	2	0	1	9	1	9	0.043	14.2
L1-13-1.1bjmB.pdb	L1-13-1.3thmL.pdb	87.500	8	1	0	1	8	1	8	0.045	14.2
L1-13-1.1bjmB.pdb	L1-13-1.2xwtB.pdb	87.500	8	1	0	1	8	1	8	0.047	14.2
L1-13-1.1bjmB.pdb	L1-13-1.3lrgB.pdb	87.500	8	1	0	1	8	1	8	0.054	13.8
L1-13-1.1bjmB.pdb	L1-13-1.4o5lL.pdb	87.500	8	1	0	1	8	1	8	0.055	13.8
L1-13-1.1bjmB.pdb	L1-13-1.5j75B.pdb	77.778	9	2	0	1	9	1	9	0.067	13.8
L1-13-1.1bjmB.pdb	L1-13-1.5cgyD.pdb	87.500	8	1	0	1	8	1	8	0.076	13.4
L1-13-1.1bjmB.pdb	L1-13-1.5dt1L.pdb	66.667	9	3	0	1	9	1	9	0.092	13.4
L1-13-1.1bjmB.pdb	L1-13-1.4ocrL.pdb	77.778	9	2	0	1	9	1	9	0.10	13.4
L1-13-1.1bjmB.pdb	L1-13-1.3t0vA.pdb	66.667	9	3	0	1	9	1	9	0.11	13.4
L1-13-1.1bjmB.pdb	L1-13-1.5alcL.pdb	75.000	8	2	0	1	8	1	8	0.13	12.9
L1-13-1.1bjmB.pdb	L1-13-1.3tjeL.pdb	75.000	8	2	0	1	8	1	8	0.21	12.5
L1-13-1.1bjmB.pdb	L1-13-1.3mlwL.pdb	85.714	7	1	0	1	7	1	7	0.24	12.5
L1-13-1.1bjmB.pdb	L1-13-1.4xvjL.pdb	66.667	9	3	0	1	9	1	9	0.31	12.1
L1-13-1.1bjmB.pdb	L1-13-1.2rheA.pdb	50.000	8	4	0	1	8	1	8	0.45	11.7
L1-13-1.1bjmB.pdb	L1-13-1.2b1hL.pdb	71.429	7	2	0	1	7	1	7	0.49	11.7
