H2-9-1.5th2B.pdb	H2-9-1.1t2qH.pdb	88.889	9	1	0	1	9	1	9	0.002	19.3
H2-9-1.5th2B.pdb	H2-9-1.1gigH.pdb	77.778	9	2	0	1	9	1	9	0.005	18.5
H2-9-1.5th2B.pdb	H2-9-1.1ibgH.pdb	77.778	9	2	0	1	9	1	9	0.006	18.0
H2-9-1.5th2B.pdb	H2-9-1.5i30H.pdb	77.778	9	2	0	1	9	1	9	0.006	18.0
H2-9-1.5th2B.pdb	H2-9-1.3fo2H.pdb	77.778	9	2	0	1	9	1	9	0.007	18.0
H2-9-1.5th2B.pdb	H2-9-1.3zkmH.pdb	66.667	9	3	0	1	9	1	9	0.025	16.8
H2-9-1.5th2B.pdb	H2-9-1.3iu4H.pdb	66.667	9	3	0	1	9	1	9	0.027	16.3
H2-9-1.5th2B.pdb	H2-9-1.1kipB.pdb	66.667	9	3	0	1	9	1	9	0.036	15.9
H2-9-1.5th2B.pdb	H2-9-1.1a2yB.pdb	66.667	9	3	0	1	9	1	9	0.036	15.9
H2-9-1.5th2B.pdb	H2-9-3.4jn2H.pdb	66.667	9	3	0	1	9	1	9	0.039	15.9
H2-9-1.5th2B.pdb	H2-9-1.3vfgH.pdb	66.667	9	3	0	1	9	1	9	0.041	15.9
H2-9-1.5th2B.pdb	H2-9-1.3v6oC.pdb	75.000	8	2	0	1	8	1	8	0.055	15.5
H2-9-1.5th2B.pdb	H2-9-1.4zg1B.pdb	66.667	9	3	0	1	9	1	9	0.060	15.5
H2-9-1.5th2B.pdb	H2-9-1.4tscH.pdb	75.000	8	2	0	1	8	1	8	0.073	15.5
H2-9-1.5th2B.pdb	H2-9-1.1fe8I.pdb	75.000	8	2	0	1	8	1	8	0.075	15.5
H2-9-1.5th2B.pdb	H2-9-1.1p4bH.pdb	66.667	9	3	0	1	9	1	9	0.10	15.1
H2-9-1.5th2B.pdb	H2-9-1.1fnsH.pdb	55.556	9	4	0	1	9	1	9	0.15	14.6
H2-9-1.5th2B.pdb	H2-9-1.4edxB.pdb	55.556	9	4	0	1	9	1	9	0.19	14.2
H2-9-1.5th2B.pdb	H2-9-1.1a7qH.pdb	62.500	8	3	0	1	8	1	8	0.20	14.2
H2-9-1.5th2B.pdb	H2-9-1.4ij3C.pdb	55.556	9	4	0	1	9	1	9	0.23	14.2
H2-9-1.5th2B.pdb	H2-9-1.43c9F.pdb	44.444	9	5	0	1	9	1	9	0.27	13.8
H2-9-1.5th2B.pdb	H2-9-1.5itbH.pdb	62.500	8	3	0	1	8	1	8	0.34	13.8
H2-9-1.5th2B.pdb	H2-9-1.2b2xI.pdb	62.500	8	3	0	1	8	1	8	0.42	13.4
H2-9-1.5th2B.pdb	H2-9-1.3u9pH.pdb	62.500	8	3	0	2	9	2	9	0.56	13.4
H2-9-1.5th2B.pdb	H2-9-1.4lgrB.pdb	75.000	8	2	0	1	8	1	8	0.83	12.9
H2-9-1.5th2B.pdb	H2-9-1.1l7tH.pdb	85.714	7	1	0	2	8	2	8	1.7	12.1
H2-9-1.5th2B.pdb	H2-9-1.4x7fD.pdb	55.556	9	4	0	1	9	1	9	2.4	11.7
H2-9-1.5th2B.pdb	H2-9-1.4k3dI.pdb	71.429	7	2	0	2	8	2	8	4.8	10.8
