H1-15-1.2vq1F.pdb	H1-15-1.3iflH.pdb	86.667	15	2	0	1	15	1	15	1.90e-05	24.8
H1-15-1.2vq1F.pdb	H1-15-1.2hwzH.pdb	80.000	15	3	0	1	15	1	15	2.94e-05	24.4
H1-15-1.2vq1F.pdb	H1-15-1.2ipuH.pdb	80.000	15	3	0	1	15	1	15	4.91e-05	24.0
H1-15-1.2vq1F.pdb	H1-15-1.3qwoH.pdb	73.333	15	4	0	1	15	1	15	6.58e-05	23.5
H1-15-1.2vq1F.pdb	H1-15-1.3qhzH.pdb	85.714	14	2	0	1	14	1	14	9.78e-05	23.1
H1-15-1.2vq1F.pdb	H1-15-1.3mbxH.pdb	73.333	15	4	0	1	15	1	15	1.88e-04	22.3
H1-15-1.2vq1F.pdb	H1-15-1.3qq9D.pdb	78.571	14	3	0	1	14	1	14	2.63e-04	21.8
H1-15-1.2vq1F.pdb	H1-15-1.1jrhH.pdb	66.667	15	5	0	1	15	1	15	2.95e-04	21.8
H1-15-1.2vq1F.pdb	H1-15-1.4yr6D.pdb	78.571	14	3	0	1	14	1	14	3.05e-04	21.8
H1-15-1.2vq1F.pdb	H1-15-1.5a16C.pdb	66.667	15	5	0	1	15	1	15	3.99e-04	21.4
H1-15-1.2vq1F.pdb	H1-15-1.3qrgH.pdb	71.429	14	4	0	1	14	1	14	4.08e-04	21.4
H1-15-1.2vq1F.pdb	H1-15-none.2iqaB.pdb	66.667	15	5	0	1	15	1	15	5.51e-04	21.0
H1-15-1.2vq1F.pdb	H1-15-1.1ggiH.pdb	71.429	14	4	0	1	14	1	14	0.001	20.2
H1-15-1.2vq1F.pdb	H1-15-1.1r0aH.pdb	64.286	14	5	0	1	14	1	14	0.002	19.7
H1-15-1.2vq1F.pdb	H1-15-1.2agjH.pdb	53.333	15	7	0	1	15	1	15	0.003	19.3
H1-15-1.2vq1F.pdb	H1-15-1.3l5xH.pdb	69.231	13	4	0	3	15	3	15	0.003	18.9
H1-15-1.2vq1F.pdb	H1-15-1.3idgB.pdb	66.667	15	5	0	1	15	1	15	0.003	18.9
H1-15-1.2vq1F.pdb	H1-15-1.4x0kH.pdb	66.667	12	4	0	3	14	3	14	0.005	18.5
H1-15-1.2vq1F.pdb	H1-15-1.4f37H.pdb	64.286	14	5	0	1	14	1	14	0.007	18.0
H1-15-1.2vq1F.pdb	H1-15-none.3aazA.pdb	57.143	14	6	0	1	14	1	14	0.011	17.6
H1-15-1.2vq1F.pdb	H1-15-1.4ps4H.pdb	61.538	13	5	0	3	15	3	15	0.020	16.8
H1-15-1.2vq1F.pdb	H1-15-1.3bkjH.pdb	57.143	14	6	0	1	14	1	14	0.023	16.8
H1-15-1.2vq1F.pdb	H1-15-1.1ai1H.pdb	50.000	8	4	0	3	10	3	10	2.0	11.2
H1-15-1.2vq1F.pdb	H1-15-1.3h0tB.pdb	55.556	9	4	0	2	10	2	10	14	 9.1
H1-15-1.2vq1F.pdb	H1-15-1.3ulsB.pdb	55.556	9	4	0	2	10	2	10	15	 9.1
H1-15-1.2vq1F.pdb	H1-15-1.5bv7H.pdb	71.429	7	2	0	3	9	3	9	17	 9.1
H1-15-1.2vq1F.pdb	H1-15-1.5jw5H.pdb	62.500	8	3	0	2	9	2	9	19	 8.7
H1-15-1.2vq1F.pdb	H1-15-1.5k9jH.pdb	44.444	9	5	0	2	10	2	10	20	 8.7
H1-15-1.2vq1F.pdb	H1-15-1.3b2uJ.pdb	71.429	7	2	0	3	9	3	9	20	 8.7
H1-15-1.2vq1F.pdb	H1-15-none.5sx5H.pdb	71.429	7	2	0	3	9	3	9	22	 8.7
H1-15-1.2vq1F.pdb	H1-15-none.3tnmH.pdb	75.000	4	1	0	8	11	8	11	856	 4.0
