H1-13-5.5bopA.pdb	H1-13-5.3ezjD.pdb	66.667	9	3	0	1	9	1	9	0.042	13.4
H1-13-5.5bopA.pdb	H1-13-5.5j1sC.pdb	75.000	8	2	0	1	8	1	8	0.065	12.9
H1-13-5.5bopA.pdb	H1-13-5.4zg1D.pdb	85.714	7	1	0	1	7	1	7	0.068	12.9
H1-13-5.5bopA.pdb	H1-13-5.1mvfA.pdb	75.000	8	2	0	1	8	1	8	0.13	12.1
H1-13-5.5bopA.pdb	H1-13-5.5f7lB.pdb	62.500	8	3	0	1	8	1	8	0.15	12.1
H1-13-5.5bopA.pdb	H1-13-5.3tpkA.pdb	75.000	8	2	0	1	8	1	8	0.26	11.7
H1-13-5.5bopA.pdb	H1-13-5.1zvyA.pdb	83.333	6	1	0	1	6	1	6	0.70	10.4
H1-13-5.5bopA.pdb	H1-13-5.4dkaA.pdb	75.000	8	2	0	1	8	1	8	0.94	10.0
H1-13-5.5bopA.pdb	H1-13-5.4b50A.pdb	55.556	9	4	0	1	9	1	9	1.6	 9.5
H1-13-5.5bopA.pdb	H1-13-5.1zvhA.pdb	100.000	4	0	0	1	4	1	4	3.0	 8.7
