L1-11-2.5fhaL.pdb	L1-11-2.1fgvL.pdb	66.667	9	3	0	1	9	1	9	0.014	15.9
L1-11-2.5fhaL.pdb	L1-11-2.4uinL.pdb	66.667	9	3	0	1	9	1	9	0.038	15.1
L1-11-2.5fhaL.pdb	L1-11-2.4g6mL.pdb	66.667	9	3	0	1	9	1	9	0.038	15.1
L1-11-2.5fhaL.pdb	L1-11-2.2xknA.pdb	66.667	9	3	0	1	9	1	9	0.038	15.1
L1-11-2.5fhaL.pdb	L1-11-2.3lizL.pdb	55.556	9	4	0	1	9	1	9	0.044	14.6
L1-11-2.5fhaL.pdb	L1-11-2.1gafL.pdb	55.556	9	4	0	1	9	1	9	0.049	14.6
L1-11-2.5fhaL.pdb	L1-11-2.2qqnL.pdb	66.667	9	3	0	1	9	1	9	0.050	14.6
L1-11-2.5fhaL.pdb	L1-11-2.1jfqL.pdb	55.556	9	4	0	1	9	1	9	0.058	14.2
L1-11-2.5fhaL.pdb	L1-11-2.4rgmB.pdb	55.556	9	4	0	1	9	1	9	0.072	14.2
L1-11-2.5fhaL.pdb	L1-11-2.2ypvL.pdb	55.556	9	4	0	1	9	1	9	0.095	13.8
L1-11-2.5fhaL.pdb	L1-11-2.1bz7A.pdb	55.556	9	4	0	1	9	1	9	0.10	13.8
L1-11-2.5fhaL.pdb	L1-11-2.4odvL.pdb	66.667	9	3	0	1	9	1	9	0.11	13.8
L1-11-2.5fhaL.pdb	L1-11-2.3esuF.pdb	66.667	9	3	0	1	9	1	9	0.11	13.8
L1-11-2.5fhaL.pdb	L1-11-2.1e4xL.pdb	55.556	9	4	0	1	9	1	9	0.11	13.8
L1-11-2.5fhaL.pdb	L1-11-2.4k2uM.pdb	55.556	9	4	0	1	9	1	9	0.12	13.8
L1-11-2.5fhaL.pdb	L1-11-2.2rcsL.pdb	55.556	9	4	0	1	9	1	9	0.13	13.8
L1-11-2.5fhaL.pdb	L1-11-2.1fn4C.pdb	44.444	9	5	0	1	9	1	9	0.13	13.4
L1-11-2.5fhaL.pdb	L1-11-2.3u0wL.pdb	55.556	9	4	0	1	9	1	9	0.17	13.4
L1-11-2.5fhaL.pdb	L1-11-2.1ikfL.pdb	55.556	9	4	0	1	9	1	9	0.19	13.4
L1-11-2.5fhaL.pdb	L1-11-2.1emtL.pdb	62.500	8	3	0	2	9	2	9	0.40	12.5
L1-11-2.5fhaL.pdb	L1-11-2.4r7dL.pdb	44.444	9	5	0	1	9	1	9	0.45	12.5
L1-11-2.5fhaL.pdb	L1-11-2.4jo4M.pdb	44.444	9	5	0	1	9	1	9	0.45	12.5
L1-11-2.5fhaL.pdb	L1-11-2.4s1dD.pdb	55.556	9	4	0	1	9	1	9	0.49	12.1
L1-11-2.5fhaL.pdb	L1-11-2.1a2yA.pdb	55.556	9	4	0	1	9	1	9	0.49	12.1
L1-11-2.5fhaL.pdb	L1-11-2.3qpxL.pdb	55.556	9	4	0	1	9	1	9	0.73	11.7
L1-11-2.5fhaL.pdb	L1-11-2.3u9pL.pdb	55.556	9	4	0	1	9	1	9	0.99	11.7
L1-11-2.5fhaL.pdb	L1-11-2.3ojdA.pdb	44.444	9	5	0	1	9	1	9	1.8	10.8
L1-11-2.5fhaL.pdb	L1-11-2.5kanL.pdb	44.444	9	5	0	1	9	1	9	2.0	10.8
L1-11-2.5fhaL.pdb	L1-11-2.4yr6E.pdb	55.556	9	4	0	1	9	1	9	2.7	10.4
