H1-13-5.5f7lB.pdb	H1-13-5.3ezjD.pdb	77.778	9	2	0	1	9	1	9	0.004	15.9
H1-13-5.5f7lB.pdb	H1-13-5.5j1sC.pdb	66.667	9	3	0	1	9	1	9	0.007	15.1
H1-13-5.5f7lB.pdb	H1-13-5.4b50A.pdb	77.778	9	2	0	1	9	1	9	0.029	13.4
H1-13-5.5f7lB.pdb	H1-13-5.4wenB.pdb	66.667	9	3	0	1	9	1	9	0.093	12.5
H1-13-5.5f7lB.pdb	H1-13-5.4zg1D.pdb	55.556	9	4	0	1	9	1	9	0.11	12.1
H1-13-5.5f7lB.pdb	H1-13-5.5bopA.pdb	62.500	8	3	0	1	8	1	8	0.13	12.1
H1-13-5.5f7lB.pdb	H1-13-5.4dkaA.pdb	66.667	9	3	0	1	9	1	9	0.16	11.7
H1-13-5.5f7lB.pdb	H1-13-5.4x7fD.pdb	66.667	9	3	0	1	9	1	9	0.18	11.7
H1-13-5.5f7lB.pdb	H1-13-5.1zvyA.pdb	66.667	9	3	0	1	9	1	9	0.33	11.2
H1-13-5.5f7lB.pdb	H1-13-5.1zvhA.pdb	66.667	9	3	0	1	9	1	9	0.59	10.4
