L1-15-1.4u0rC.pdb	L1-15-1.2aabL.pdb	93.333	15	1	0	1	15	1	15	6.21e-08	31.2
L1-15-1.4u0rC.pdb	L1-15-1.2hrpM.pdb	78.571	14	3	0	1	14	1	14	2.97e-06	26.9
L1-15-1.4u0rC.pdb	L1-15-1.5dqdL.pdb	66.667	15	5	0	1	15	1	15	8.09e-06	25.7
L1-15-1.4u0rC.pdb	L1-15-1.3s35L.pdb	66.667	15	5	0	1	15	1	15	1.93e-05	24.8
L1-15-1.4u0rC.pdb	L1-15-1.4nj9L.pdb	66.667	15	5	0	1	15	1	15	2.12e-05	24.8
L1-15-1.4u0rC.pdb	L1-15-1.1ai1L.pdb	66.667	15	5	0	1	15	1	15	2.25e-05	24.8
L1-15-1.4u0rC.pdb	L1-15-1.1h0dA.pdb	71.429	14	4	0	1	14	1	14	2.84e-05	24.4
L1-15-1.4u0rC.pdb	L1-15-1.3wkmL.pdb	66.667	15	5	0	1	15	1	15	3.12e-05	24.4
L1-15-1.4u0rC.pdb	L1-15-1.5aamA.pdb	60.000	15	6	0	1	15	1	15	4.19e-05	24.0
L1-15-1.4u0rC.pdb	L1-15-1.4odsL.pdb	60.000	15	6	0	1	15	1	15	5.29e-05	23.5
L1-15-1.4u0rC.pdb	L1-15-1.3uzqA.pdb	60.000	15	6	0	1	15	1	15	5.87e-05	23.5
L1-15-1.4u0rC.pdb	L1-15-1.2or9M.pdb	66.667	15	5	0	1	15	1	15	6.08e-05	23.5
L1-15-1.4u0rC.pdb	L1-15-1.4i77L.pdb	60.000	15	6	0	1	15	1	15	9.93e-05	23.1
L1-15-1.4u0rC.pdb	L1-15-1.4wcyL.pdb	60.000	15	6	0	1	15	1	15	1.00e-04	23.1
L1-15-1.4u0rC.pdb	L1-15-1.3qq9L.pdb	60.000	15	6	0	1	15	1	15	1.16e-04	22.7
L1-15-1.4u0rC.pdb	L1-15-1.4ffyL.pdb	64.286	14	5	0	1	14	1	14	1.20e-04	22.7
L1-15-1.4u0rC.pdb	L1-15-1.2vl5B.pdb	60.000	15	6	0	1	15	1	15	1.74e-04	22.3
L1-15-1.4u0rC.pdb	L1-15-1.4gagL.pdb	60.000	15	6	0	1	15	1	15	2.38e-04	21.8
L1-15-1.4u0rC.pdb	L1-15-1.4hs6A.pdb	60.000	15	6	0	1	15	1	15	7.63e-04	20.6
L1-15-1.4u0rC.pdb	L1-15-1.3zkmL.pdb	53.333	15	7	0	1	15	1	15	0.001	20.6
L1-15-1.4u0rC.pdb	L1-15-1.1j05A.pdb	40.000	15	9	0	1	15	1	15	0.001	20.6
L1-15-1.4u0rC.pdb	L1-15-1.4x7sL.pdb	64.286	14	5	0	1	14	1	14	0.001	20.2
L1-15-1.4u0rC.pdb	L1-15-none.4lvhF.pdb	53.333	15	7	0	1	15	1	15	0.001	20.2
L1-15-1.4u0rC.pdb	L1-15-1.1ggiM.pdb	53.333	15	7	0	1	15	1	15	0.003	19.3
L1-15-1.4u0rC.pdb	L1-15-1.1qnzL.pdb	57.143	14	6	0	1	14	1	14	0.004	18.9
L1-15-1.4u0rC.pdb	L1-15-1.3e8uL.pdb	50.000	14	7	0	1	14	1	14	0.006	18.0
L1-15-1.4u0rC.pdb	L1-15-1.4qyoB.pdb	50.000	14	7	0	1	14	1	14	0.019	16.8
L1-15-1.4u0rC.pdb	L1-15-1.5eocL.pdb	53.333	15	7	0	1	15	1	15	0.091	15.1
L1-15-1.4u0rC.pdb	L1-15-none.1i7zA.pdb	46.667	15	8	0	1	15	1	15	0.22	13.8
L1-15-1.4u0rC.pdb	L1-15-1.1ibgL.pdb	46.667	15	8	0	1	15	1	15	0.23	13.8
L1-15-1.4u0rC.pdb	L1-15-1.2xqyL.pdb	57.143	14	6	0	1	14	1	14	0.32	13.8
L1-15-1.4u0rC.pdb	L1-15-none.1nsnL.pdb	83.333	6	1	0	1	6	1	6	0.80	12.5
L1-15-1.4u0rC.pdb	L1-15-none.3i2cL.pdb	75.000	4	1	0	1	4	1	4	136	 6.6
L1-15-1.4u0rC.pdb	L1-15-1.5a16F.pdb	75.000	4	1	0	1	4	1	4	137	 6.6
L1-15-1.4u0rC.pdb	L1-15-1.4mauL.pdb	75.000	4	1	0	1	4	1	4	137	 6.6
L1-15-1.4u0rC.pdb	L1-15-none.3phqA.pdb	75.000	4	1	0	1	4	1	4	137	 6.6
