L1-15-1.5aamA.pdb	L1-15-1.3uzqA.pdb	93.333	15	1	0	1	15	1	15	1.53e-08	32.9
L1-15-1.5aamA.pdb	L1-15-1.5dqdL.pdb	86.667	15	2	0	1	15	1	15	9.55e-08	30.8
L1-15-1.5aamA.pdb	L1-15-1.3s35L.pdb	86.667	15	2	0	1	15	1	15	1.27e-07	30.3
L1-15-1.5aamA.pdb	L1-15-1.4odsL.pdb	86.667	15	2	0	1	15	1	15	1.41e-07	30.3
L1-15-1.5aamA.pdb	L1-15-1.3wkmL.pdb	80.000	15	3	0	1	15	1	15	3.29e-07	29.5
L1-15-1.5aamA.pdb	L1-15-1.4wcyL.pdb	80.000	15	3	0	1	15	1	15	4.75e-07	29.1
L1-15-1.5aamA.pdb	L1-15-1.1ai1L.pdb	80.000	15	3	0	1	15	1	15	5.22e-07	29.1
L1-15-1.5aamA.pdb	L1-15-1.4gagL.pdb	80.000	15	3	0	1	15	1	15	7.03e-07	28.6
L1-15-1.5aamA.pdb	L1-15-1.4nj9L.pdb	80.000	15	3	0	1	15	1	15	7.54e-07	28.6
L1-15-1.5aamA.pdb	L1-15-1.4i77L.pdb	80.000	15	3	0	1	15	1	15	1.14e-06	28.2
L1-15-1.5aamA.pdb	L1-15-1.2gcyA.pdb	73.333	15	4	0	1	15	1	15	1.41e-06	27.8
L1-15-1.5aamA.pdb	L1-15-1.4hs8L.pdb	73.333	15	4	0	1	15	1	15	3.27e-06	26.9
L1-15-1.5aamA.pdb	L1-15-1.4hs6A.pdb	73.333	15	4	0	1	15	1	15	4.19e-06	26.5
L1-15-1.5aamA.pdb	L1-15-1.1h0dA.pdb	78.571	14	3	0	1	14	1	14	5.00e-06	26.5
L1-15-1.5aamA.pdb	L1-15-1.2hrpM.pdb	73.333	15	4	0	1	15	1	15	6.64e-06	26.1
L1-15-1.5aamA.pdb	L1-15-1.2or9M.pdb	73.333	15	4	0	1	15	1	15	7.38e-06	26.1
L1-15-1.5aamA.pdb	L1-15-1.4ffyL.pdb	73.333	15	4	0	1	15	1	15	8.01e-06	26.1
L1-15-1.5aamA.pdb	L1-15-1.3zkmL.pdb	66.667	15	5	0	1	15	1	15	1.15e-05	25.7
L1-15-1.5aamA.pdb	L1-15-1.1ggiM.pdb	73.333	15	4	0	1	15	1	15	1.94e-05	24.8
L1-15-1.5aamA.pdb	L1-15-1.1egjL.pdb	66.667	15	5	0	1	15	1	15	3.82e-05	24.0
L1-15-1.5aamA.pdb	L1-15-1.2aabL.pdb	60.000	15	6	0	1	15	1	15	4.15e-05	24.0
L1-15-1.5aamA.pdb	L1-15-1.4u0rC.pdb	60.000	15	6	0	1	15	1	15	4.30e-05	24.0
L1-15-1.5aamA.pdb	L1-15-1.1j05A.pdb	53.333	15	7	0	1	15	1	15	1.53e-04	22.7
L1-15-1.5aamA.pdb	L1-15-1.3qq9L.pdb	60.000	15	6	0	1	15	1	15	3.22e-04	21.8
L1-15-1.5aamA.pdb	L1-15-none.4lvhF.pdb	53.333	15	7	0	1	15	1	15	5.42e-04	21.0
L1-15-1.5aamA.pdb	L1-15-1.4x7sL.pdb	53.333	15	7	0	1	15	1	15	0.002	19.3
L1-15-1.5aamA.pdb	L1-15-1.5eocL.pdb	53.333	15	7	0	1	15	1	15	0.003	19.3
L1-15-1.5aamA.pdb	L1-15-1.1qnzL.pdb	46.667	15	8	0	1	15	1	15	0.009	18.0
L1-15-1.5aamA.pdb	L1-15-none.1i7zA.pdb	46.667	15	8	0	1	15	1	15	0.012	17.6
L1-15-1.5aamA.pdb	L1-15-1.3e8uL.pdb	40.000	15	9	0	1	15	1	15	0.013	17.6
L1-15-1.5aamA.pdb	L1-15-1.1f58L.pdb	53.333	15	7	0	1	15	1	15	0.014	17.2
L1-15-1.5aamA.pdb	L1-15-none.1nsnL.pdb	40.000	15	9	0	1	15	1	15	0.044	15.9
L1-15-1.5aamA.pdb	L1-15-none.3phqA.pdb	53.333	15	7	0	1	15	1	15	11	 9.5
L1-15-1.5aamA.pdb	L1-15-none.3i2cL.pdb	46.667	15	8	0	1	15	1	15	28	 8.3
