L1-14-2.4unuA.pdb	L1-14-2.4y5vE.pdb	100.000	9	0	0	1	9	1	9	8.28e-04	17.6
L1-14-2.4unuA.pdb	L1-14-2.2omnB.pdb	100.000	9	0	0	1	9	1	9	8.28e-04	17.6
L1-14-2.4unuA.pdb	L1-14-2.4uu9L.pdb	88.889	9	1	0	1	9	1	9	0.002	16.8
L1-14-2.4unuA.pdb	L1-14-2.1dclB.pdb	88.889	9	1	0	1	9	1	9	0.002	16.3
L1-14-2.4unuA.pdb	L1-14-2.5c2bL.pdb	88.889	9	1	0	1	9	1	9	0.003	16.3
L1-14-2.4unuA.pdb	L1-14-2.4h8wL.pdb	100.000	8	0	0	1	8	1	8	0.003	16.3
L1-14-2.4unuA.pdb	L1-14-2.2jb5L.pdb	100.000	8	0	0	1	8	1	8	0.003	16.3
L1-14-2.4unuA.pdb	L1-14-2.4dqoL.pdb	100.000	8	0	0	2	9	2	9	0.003	16.3
L1-14-2.4unuA.pdb	L1-14-2.3lrsB.pdb	100.000	8	0	0	2	9	2	9	0.003	16.3
L1-14-2.4unuA.pdb	L1-14-2.5f6hN.pdb	77.778	9	2	0	1	9	1	9	0.005	15.5
L1-14-2.4unuA.pdb	L1-14-2.4ravB.pdb	77.778	9	2	0	1	9	1	9	0.005	15.5
L1-14-2.4unuA.pdb	L1-14-2.4rnrB.pdb	87.500	8	1	0	2	9	2	9	0.006	15.5
L1-14-2.4unuA.pdb	L1-14-2.3u2sB.pdb	87.500	8	1	0	2	9	2	9	0.007	15.1
L1-14-2.4unuA.pdb	L1-14-2.4yaqB.pdb	77.778	9	2	0	1	9	1	9	0.008	15.1
L1-14-2.4unuA.pdb	L1-14-2.5cckL.pdb	77.778	9	2	0	1	9	1	9	0.008	15.1
L1-14-2.4unuA.pdb	L1-14-2.4f58M.pdb	87.500	8	1	0	1	8	1	8	0.009	15.1
