L1-11-1.4edxA.pdb	L1-11-1.3wiiM.pdb	88.889	9	1	0	1	9	1	9	0.005	18.0
L1-11-1.4edxA.pdb	L1-11-1.1wtlB.pdb	77.778	9	2	0	1	9	1	9	0.007	17.6
L1-11-1.4edxA.pdb	L1-11-1.1fe8N.pdb	77.778	9	2	0	1	9	1	9	0.009	17.6
L1-11-1.4edxA.pdb	L1-11-1.3dvfA.pdb	77.778	9	2	0	1	9	1	9	0.010	17.2
L1-11-1.4edxA.pdb	L1-11-1.3ra7L.pdb	77.778	9	2	0	1	9	1	9	0.014	16.8
L1-11-1.4edxA.pdb	L1-11-1.3j70B.pdb	77.778	9	2	0	1	9	1	9	0.019	16.8
L1-11-1.4edxA.pdb	L1-11-1.3cdcB.pdb	77.778	9	2	0	1	9	1	9	0.020	16.8
L1-11-1.4edxA.pdb	L1-11-1.2q20A.pdb	77.778	9	2	0	1	9	1	9	0.020	16.8
L1-11-1.4edxA.pdb	L1-11-1.1igmL.pdb	77.778	9	2	0	1	9	1	9	0.020	16.8
L1-11-1.4edxA.pdb	L1-11-1.4kq3L.pdb	77.778	9	2	0	1	9	1	9	0.022	16.3
L1-11-1.4edxA.pdb	L1-11-1.1ghfL.pdb	87.500	8	1	0	1	8	1	8	0.024	16.3
L1-11-1.4edxA.pdb	L1-11-1.2xraL.pdb	77.778	9	2	0	1	9	1	9	0.025	16.3
L1-11-1.4edxA.pdb	L1-11-1.4edwL.pdb	77.778	9	2	0	1	9	1	9	0.033	15.9
L1-11-1.4edxA.pdb	L1-11-1.1dqqA.pdb	77.778	9	2	0	1	9	1	9	0.033	15.9
L1-11-1.4edxA.pdb	L1-11-1.3u79E.pdb	77.778	9	2	0	1	9	1	9	0.034	15.9
L1-11-1.4edxA.pdb	L1-11-1.3uc0L.pdb	100.000	7	0	0	1	7	1	7	0.035	15.9
L1-11-1.4edxA.pdb	L1-11-1.1rzgB.pdb	77.778	9	2	0	1	9	1	9	0.036	15.9
L1-11-1.4edxA.pdb	L1-11-1.3hntL.pdb	66.667	9	3	0	1	9	1	9	0.038	15.9
L1-11-1.4edxA.pdb	L1-11-1.3umtA.pdb	66.667	9	3	0	1	9	1	9	0.045	15.5
L1-11-1.4edxA.pdb	L1-11-1.3fzuL.pdb	66.667	9	3	0	1	9	1	9	0.050	15.5
L1-11-1.4edxA.pdb	L1-11-1.4yueL.pdb	66.667	9	3	0	1	9	1	9	0.054	15.5
L1-11-1.4edxA.pdb	L1-11-1.3sobL.pdb	75.000	8	2	0	1	8	1	8	0.060	15.5
L1-11-1.4edxA.pdb	L1-11-1.3bn9C.pdb	66.667	9	3	0	1	9	1	9	0.061	15.5
L1-11-1.4edxA.pdb	L1-11-1.3cdyA.pdb	66.667	9	3	0	1	9	1	9	0.063	15.1
L1-11-1.4edxA.pdb	L1-11-1.2vxtL.pdb	75.000	8	2	0	1	8	1	8	0.071	15.1
L1-11-1.4edxA.pdb	L1-11-1.4qthB.pdb	75.000	8	2	0	1	8	1	8	0.074	15.1
L1-11-1.4edxA.pdb	L1-11-1.4nylL.pdb	66.667	9	3	0	1	9	1	9	0.079	15.1
L1-11-1.4edxA.pdb	L1-11-1.4n1eF.pdb	85.714	7	1	0	1	7	1	7	0.081	15.1
L1-11-1.4edxA.pdb	L1-11-1.2r56M.pdb	66.667	9	3	0	1	9	1	9	0.081	15.1
L1-11-1.4edxA.pdb	L1-11-1.4py7J.pdb	66.667	9	3	0	1	9	1	9	0.083	15.1
L1-11-1.4edxA.pdb	L1-11-1.4n1cB.pdb	75.000	8	2	0	1	8	1	8	0.084	15.1
L1-11-1.4edxA.pdb	L1-11-1.1b6dB.pdb	66.667	9	3	0	1	9	1	9	0.086	15.1
L1-11-1.4edxA.pdb	L1-11-1.4l1hA.pdb	66.667	9	3	0	1	9	1	9	0.089	15.1
L1-11-1.4edxA.pdb	L1-11-1.3d9aL.pdb	66.667	9	3	0	1	9	1	9	0.094	14.6
L1-11-1.4edxA.pdb	L1-11-1.5girB.pdb	77.778	9	2	0	1	9	1	9	0.099	14.6
L1-11-1.4edxA.pdb	L1-11-1.3upaA.pdb	66.667	9	3	0	1	9	1	9	0.100	14.6
L1-11-1.4edxA.pdb	L1-11-1.2aj3C.pdb	100.000	6	0	0	1	6	1	6	0.10	14.6
L1-11-1.4edxA.pdb	L1-11-1.3u7aA.pdb	75.000	8	2	0	1	8	1	8	0.11	14.6
L1-11-1.4edxA.pdb	L1-11-1.1ivlB.pdb	66.667	9	3	0	1	9	1	9	0.11	14.6
L1-11-1.4edxA.pdb	L1-11-1.1vgeL.pdb	75.000	8	2	0	1	8	1	8	0.11	14.6
L1-11-1.4edxA.pdb	L1-11-1.3idxL.pdb	66.667	9	3	0	1	9	1	9	0.12	14.6
L1-11-1.4edxA.pdb	L1-11-1.1ct8A.pdb	75.000	8	2	0	1	8	1	8	0.12	14.6
L1-11-1.4edxA.pdb	L1-11-1.4oawA.pdb	66.667	9	3	0	1	9	1	9	0.12	14.6
L1-11-1.4edxA.pdb	L1-11-1.4jhaL.pdb	66.667	9	3	0	1	9	1	9	0.12	14.6
L1-11-1.4edxA.pdb	L1-11-1.4pubL.pdb	66.667	9	3	0	1	9	1	9	0.13	14.2
L1-11-1.4edxA.pdb	L1-11-1.4nzrL.pdb	55.556	9	4	0	1	9	1	9	0.14	14.2
L1-11-1.4edxA.pdb	L1-11-1.1ar2A.pdb	66.667	9	3	0	1	9	1	9	0.14	14.2
L1-11-1.4edxA.pdb	L1-11-1.5dd5L.pdb	66.667	9	3	0	1	9	1	9	0.14	14.2
L1-11-1.4edxA.pdb	L1-11-1.3s34L.pdb	66.667	9	3	0	1	9	1	9	0.15	14.2
L1-11-1.4edxA.pdb	L1-11-1.5lbsL.pdb	66.667	9	3	0	1	9	1	9	0.17	14.2
L1-11-1.4edxA.pdb	L1-11-1.3a6bL.pdb	75.000	8	2	0	1	8	1	8	0.18	14.2
L1-11-1.4edxA.pdb	L1-11-1.4cmhC.pdb	62.500	8	3	0	1	8	1	8	0.19	14.2
L1-11-1.4edxA.pdb	L1-11-1.5i66B.pdb	62.500	8	3	0	1	8	1	8	0.20	13.8
L1-11-1.4edxA.pdb	L1-11-1.5d96I.pdb	62.500	8	3	0	1	8	1	8	0.21	13.8
L1-11-1.4edxA.pdb	L1-11-1.4x4zB.pdb	71.429	7	2	0	1	7	1	7	0.22	13.8
L1-11-1.4edxA.pdb	L1-11-1.4rgoL.pdb	55.556	9	4	0	1	9	1	9	0.25	13.8
L1-11-1.4edxA.pdb	L1-11-1.1c5dL.pdb	55.556	9	4	0	1	9	1	9	0.26	13.8
L1-11-1.4edxA.pdb	L1-11-1.4wv1A.pdb	83.333	6	1	0	1	6	1	6	0.27	13.8
L1-11-1.4edxA.pdb	L1-11-1.4jdvB.pdb	55.556	9	4	0	1	9	1	9	0.27	13.8
L1-11-1.4edxA.pdb	L1-11-1.4llyD.pdb	71.429	7	2	0	1	7	1	7	0.28	13.8
L1-11-1.4edxA.pdb	L1-11-1.4h88L.pdb	71.429	7	2	0	1	7	1	7	0.28	13.8
L1-11-1.4edxA.pdb	L1-11-1.3a67L.pdb	55.556	9	4	0	1	9	1	9	0.31	13.4
L1-11-1.4edxA.pdb	L1-11-1.3v0wL.pdb	71.429	7	2	0	1	7	1	7	0.32	13.4
L1-11-1.4edxA.pdb	L1-11-1.1hezA.pdb	55.556	9	4	0	1	9	1	9	0.32	13.4
L1-11-1.4edxA.pdb	L1-11-1.4zykB.pdb	55.556	9	4	0	1	9	1	9	0.34	13.4
L1-11-1.4edxA.pdb	L1-11-1.4nrxE.pdb	55.556	9	4	0	1	9	1	9	0.34	13.4
L1-11-1.4edxA.pdb	L1-11-1.5czxD.pdb	55.556	9	4	0	1	9	1	9	0.36	13.4
L1-11-1.4edxA.pdb	L1-11-1.4mwfL.pdb	55.556	9	4	0	1	9	1	9	0.36	13.4
L1-11-1.4edxA.pdb	L1-11-1.5dd3L.pdb	55.556	9	4	0	1	9	1	9	0.37	13.4
L1-11-1.4edxA.pdb	L1-11-1.3p0yL.pdb	62.500	8	3	0	1	8	1	8	0.37	13.4
L1-11-1.4edxA.pdb	L1-11-1.4nzuL.pdb	55.556	9	4	0	1	9	1	9	0.38	13.4
L1-11-1.4edxA.pdb	L1-11-1.3eo9L.pdb	55.556	9	4	0	1	9	1	9	0.40	13.4
L1-11-1.4edxA.pdb	L1-11-1.5i8cB.pdb	62.500	8	3	0	1	8	1	8	0.42	13.4
L1-11-1.4edxA.pdb	L1-11-1.2vxvL.pdb	55.556	9	4	0	1	9	1	9	0.43	13.4
L1-11-1.4edxA.pdb	L1-11-1.4nrzL.pdb	55.556	9	4	0	1	9	1	9	0.44	13.4
L1-11-1.4edxA.pdb	L1-11-1.5k9qI.pdb	55.556	9	4	0	1	9	1	9	0.47	12.9
L1-11-1.4edxA.pdb	L1-11-1.3l5xL.pdb	55.556	9	4	0	1	9	1	9	0.47	12.9
L1-11-1.4edxA.pdb	L1-11-1.5th2A.pdb	55.556	9	4	0	1	9	1	9	0.48	12.9
L1-11-1.4edxA.pdb	L1-11-1.5ggvL.pdb	55.556	9	4	0	1	9	1	9	0.49	12.9
L1-11-1.4edxA.pdb	L1-11-1.5f9oL.pdb	55.556	9	4	0	1	9	1	9	0.50	12.9
L1-11-1.4edxA.pdb	L1-11-1.2r8sL.pdb	62.500	8	3	0	1	8	1	8	0.56	12.9
L1-11-1.4edxA.pdb	L1-11-1.3vfgL.pdb	62.500	8	3	0	1	8	1	8	0.61	12.9
L1-11-1.4edxA.pdb	L1-11-1.3nzhL.pdb	62.500	8	3	0	1	8	1	8	0.61	12.9
L1-11-1.4edxA.pdb	L1-11-1.3mxwL.pdb	62.500	8	3	0	1	8	1	8	0.61	12.9
L1-11-1.4edxA.pdb	L1-11-1.2q8bL.pdb	62.500	8	3	0	1	8	1	8	0.61	12.9
L1-11-1.4edxA.pdb	L1-11-1.2xtjB.pdb	83.333	6	1	0	1	6	1	6	0.66	12.9
L1-11-1.4edxA.pdb	L1-11-1.4cniB.pdb	71.429	7	2	0	1	7	1	7	0.70	12.9
L1-11-1.4edxA.pdb	L1-11-1.1bwwB.pdb	55.556	9	4	0	1	9	1	9	0.74	12.5
L1-11-1.4edxA.pdb	L1-11-1.4lmqL.pdb	62.500	8	3	0	1	8	1	8	0.75	12.5
L1-11-1.4edxA.pdb	L1-11-1.4g5zL.pdb	62.500	8	3	0	1	8	1	8	0.75	12.5
L1-11-1.4edxA.pdb	L1-11-1.4fnlL.pdb	55.556	9	4	0	1	9	1	9	0.75	12.5
L1-11-1.4edxA.pdb	L1-11-1.3ncjL.pdb	55.556	9	4	0	1	9	1	9	0.75	12.5
L1-11-1.4edxA.pdb	L1-11-1.3idgA.pdb	50.000	8	4	0	1	8	1	8	0.81	12.5
L1-11-1.4edxA.pdb	L1-11-1.2oz4L.pdb	62.500	8	3	0	1	8	1	8	0.81	12.5
L1-11-1.4edxA.pdb	L1-11-1.3j3zL.pdb	57.143	7	3	0	1	7	1	7	0.85	12.5
L1-11-1.4edxA.pdb	L1-11-1.4hbcL.pdb	55.556	9	4	0	1	9	1	9	0.92	12.5
L1-11-1.4edxA.pdb	L1-11-1.2ih3B.pdb	62.500	8	3	0	1	8	1	8	0.97	12.5
L1-11-1.4edxA.pdb	L1-11-1.4ptuA.pdb	44.444	9	5	0	1	9	1	9	1.0	12.5
L1-11-1.4edxA.pdb	L1-11-1.3oazL.pdb	83.333	6	1	0	1	6	1	6	1.0	12.5
L1-11-1.4edxA.pdb	L1-11-1.1op3L.pdb	83.333	6	1	0	1	6	1	6	1.0	12.5
L1-11-1.4edxA.pdb	L1-11-1.3u6rL.pdb	44.444	9	5	0	1	9	1	9	1.1	12.1
L1-11-1.4edxA.pdb	L1-11-1.4m43L.pdb	62.500	8	3	0	1	8	1	8	1.3	12.1
L1-11-1.4edxA.pdb	L1-11-1.5dhvB.pdb	55.556	9	4	0	1	9	1	9	1.4	12.1
L1-11-1.4edxA.pdb	L1-11-1.1cicA.pdb	66.667	6	2	0	1	6	1	6	1.5	12.1
L1-11-1.4edxA.pdb	L1-11-1.2vxqL.pdb	55.556	9	4	0	1	9	1	9	1.6	12.1
L1-11-1.4edxA.pdb	L1-11-1.2yc1B.pdb	44.444	9	5	0	1	9	1	9	1.9	11.7
L1-11-1.4edxA.pdb	L1-11-1.2ghwB.pdb	44.444	9	5	0	1	9	1	9	2.5	11.7
L1-11-1.4edxA.pdb	L1-11-1.5fv1L.pdb	71.429	7	2	0	1	7	1	7	2.5	11.2
L1-11-1.4edxA.pdb	L1-11-1.3fn0L.pdb	57.143	7	3	0	1	7	1	7	2.8	11.2
L1-11-1.4edxA.pdb	L1-11-1.4g3yL.pdb	100.000	4	0	0	1	4	1	4	6.5	10.4
