H1-15-1.3qhzH.pdb	H1-15-1.3qq9D.pdb	93.333	15	1	0	1	15	1	15	5.55e-06	26.1
H1-15-1.3qhzH.pdb	H1-15-1.2hwzH.pdb	92.857	14	1	0	1	14	1	14	9.10e-06	25.7
H1-15-1.3qhzH.pdb	H1-15-1.3qrgH.pdb	86.667	15	2	0	1	15	1	15	1.07e-05	25.2
H1-15-1.3qhzH.pdb	H1-15-1.3qwoH.pdb	85.714	14	2	0	1	14	1	14	1.72e-05	24.8
H1-15-1.3qhzH.pdb	H1-15-1.1ggiH.pdb	86.667	15	2	0	1	15	1	15	2.17e-05	24.4
H1-15-1.3qhzH.pdb	H1-15-1.4yr6D.pdb	85.714	14	2	0	1	14	1	14	6.15e-05	23.5
H1-15-1.3qhzH.pdb	H1-15-1.1jrhH.pdb	78.571	14	3	0	1	14	1	14	9.47e-05	22.7
H1-15-1.3qhzH.pdb	H1-15-1.1r0aH.pdb	73.333	15	4	0	1	15	1	15	1.02e-04	22.7
H1-15-1.3qhzH.pdb	H1-15-1.5a16C.pdb	78.571	14	3	0	1	14	1	14	1.25e-04	22.7
H1-15-1.3qhzH.pdb	H1-15-none.2iqaB.pdb	78.571	14	3	0	1	14	1	14	1.44e-04	22.3
H1-15-1.3qhzH.pdb	H1-15-1.4x0kH.pdb	76.923	13	3	0	3	15	3	15	2.34e-04	21.8
H1-15-1.3qhzH.pdb	H1-15-1.4f37H.pdb	73.333	15	4	0	1	15	1	15	0.001	20.2
H1-15-1.3qhzH.pdb	H1-15-1.3l5xH.pdb	83.333	12	2	0	3	14	3	14	0.001	20.2
H1-15-1.3qhzH.pdb	H1-15-1.2agjH.pdb	64.286	14	5	0	1	14	1	14	0.001	20.2
H1-15-1.3qhzH.pdb	H1-15-none.3aazA.pdb	66.667	15	5	0	1	15	1	15	0.002	19.7
H1-15-1.3qhzH.pdb	H1-15-1.3bkjH.pdb	66.667	15	5	0	1	15	1	15	0.002	19.3
H1-15-1.3qhzH.pdb	H1-15-1.3idgB.pdb	71.429	14	4	0	1	14	1	14	0.003	18.9
H1-15-1.3qhzH.pdb	H1-15-1.4ps4H.pdb	75.000	12	3	0	3	14	3	14	0.006	18.0
H1-15-1.3qhzH.pdb	H1-15-1.1ai1H.pdb	66.667	6	2	0	3	8	3	8	2.9	10.8
H1-15-1.3qhzH.pdb	H1-15-1.5jw5H.pdb	62.500	8	3	0	8	15	1	8	10	 9.5
H1-15-1.3qhzH.pdb	H1-15-none.5sx5H.pdb	83.333	6	1	0	10	15	3	8	11	 9.1
H1-15-1.3qhzH.pdb	H1-15-1.3h0tB.pdb	83.333	6	1	0	10	15	3	8	11	 9.1
H1-15-1.3qhzH.pdb	H1-15-1.3ulsB.pdb	83.333	6	1	0	10	15	3	8	12	 9.1
H1-15-1.3qhzH.pdb	H1-15-1.2vq1F.pdb	71.429	7	2	0	8	14	8	14	23	 8.3
H1-15-1.3qhzH.pdb	H1-15-1.5k9jH.pdb	66.667	6	2	0	10	15	3	8	25	 8.3
