L1-14-2.5f6iC.pdb	L1-14-2.5f6hN.pdb	78.571	14	3	0	1	14	1	14	5.39e-05	23.5
L1-14-2.5f6iC.pdb	L1-14-2.4ravB.pdb	78.571	14	3	0	1	14	1	14	3.28e-04	21.4
L1-14-2.5f6iC.pdb	L1-14-2.4f58M.pdb	71.429	14	4	0	1	14	1	14	6.00e-04	20.6
L1-14-2.5f6iC.pdb	L1-14-2.4unuA.pdb	71.429	14	4	0	1	14	1	14	0.001	19.7
L1-14-2.5f6iC.pdb	L1-14-2.5c2bL.pdb	64.286	14	5	0	1	14	1	14	0.001	19.7
L1-14-2.5f6iC.pdb	L1-14-2.4rnrB.pdb	69.231	13	4	0	2	14	2	14	0.003	18.9
L1-14-2.5f6iC.pdb	L1-14-2.3gjfL.pdb	64.286	14	5	0	1	14	1	14	0.004	18.5
L1-14-2.5f6iC.pdb	L1-14-2.1dclB.pdb	64.286	14	5	0	1	14	1	14	0.004	18.5
L1-14-2.5f6iC.pdb	L1-14-none.4nikB.pdb	64.286	14	5	0	1	14	1	14	0.004	18.5
L1-14-2.5f6iC.pdb	L1-14-2.5cckL.pdb	57.143	14	6	0	1	14	1	14	0.006	18.0
L1-14-2.5f6iC.pdb	L1-14-2.4dqoL.pdb	53.846	13	6	0	2	14	2	14	0.006	18.0
L1-14-2.5f6iC.pdb	L1-14-2.3lrsB.pdb	53.846	13	6	0	2	14	2	14	0.008	17.6
L1-14-2.5f6iC.pdb	L1-14-2.3u2sB.pdb	53.846	13	6	0	2	14	2	14	0.015	17.2
L1-14-2.5f6iC.pdb	L1-14-2.4yaqB.pdb	53.846	13	6	0	2	14	2	14	0.018	16.8
L1-14-2.5f6iC.pdb	L1-14-none.1jvkB.pdb	57.143	14	6	0	1	14	1	14	0.022	16.8
L1-14-2.5f6iC.pdb	L1-14-2.5awnL.pdb	50.000	14	7	0	1	14	1	14	0.022	16.8
L1-14-2.5f6iC.pdb	L1-14-none.3gheL.pdb	57.143	14	6	0	1	14	1	14	0.025	16.3
L1-14-2.5f6iC.pdb	L1-14-2.2jb5L.pdb	64.286	14	5	0	1	14	1	14	0.035	15.9
L1-14-2.5f6iC.pdb	L1-14-2.4uu9L.pdb	64.286	14	5	0	1	14	1	14	0.037	15.9
L1-14-2.5f6iC.pdb	L1-14-none.4ut7L.pdb	57.143	14	6	0	1	14	1	14	0.044	15.9
L1-14-2.5f6iC.pdb	L1-14-none.1aqkL.pdb	75.000	8	2	0	1	8	1	8	0.13	14.6
L1-14-2.5f6iC.pdb	L1-14-none.4d9lL.pdb	46.154	13	7	0	1	13	1	13	0.14	14.2
L1-14-2.5f6iC.pdb	L1-14-none.3h42L.pdb	62.500	8	3	0	1	8	1	8	0.54	12.9
L1-14-2.5f6iC.pdb	L1-14-none.4m6nL.pdb	62.500	8	3	0	1	8	1	8	0.55	12.9
L1-14-2.5f6iC.pdb	L1-14-none.4tscL.pdb	62.500	8	3	0	1	8	1	8	1.0	12.1
L1-14-2.5f6iC.pdb	L1-14-none.4toyL.pdb	35.714	14	9	0	1	14	1	14	1.9	11.2
