L1-16-1.4xmlL.pdb	L1-16-1.2g2rA.pdb	87.500	8	1	0	1	8	1	8	0.012	16.3
L1-16-1.4xmlL.pdb	L1-16-1.4xxdA.pdb	77.778	9	2	0	1	9	1	9	0.012	16.3
L1-16-1.4xmlL.pdb	L1-16-1.3u0tA.pdb	77.778	9	2	0	1	9	1	9	0.014	16.3
L1-16-1.4xmlL.pdb	L1-16-1.1yejL.pdb	77.778	9	2	0	1	9	1	9	0.014	16.3
L1-16-1.4xmlL.pdb	L1-16-1.1yeeL.pdb	77.778	9	2	0	1	9	1	9	0.014	16.3
L1-16-1.4xmlL.pdb	L1-16-1.1uz8A.pdb	77.778	9	2	0	1	9	1	9	0.022	15.9
L1-16-1.4xmlL.pdb	L1-16-1.5jueL.pdb	77.778	9	2	0	1	9	1	9	0.027	15.5
L1-16-1.4xmlL.pdb	L1-16-1.1pz5A.pdb	77.778	9	2	0	1	9	1	9	0.027	15.5
L1-16-1.4xmlL.pdb	L1-16-1.4jn2L.pdb	66.667	9	3	0	1	9	1	9	0.028	15.5
L1-16-1.4xmlL.pdb	L1-16-1.1f8tL.pdb	87.500	8	1	0	2	9	2	9	0.033	15.5
L1-16-1.4xmlL.pdb	L1-16-1.5iwlA.pdb	66.667	9	3	0	1	9	1	9	0.033	15.5
L1-16-1.4xmlL.pdb	L1-16-1.3o6kL.pdb	66.667	9	3	0	1	9	1	9	0.034	15.5
L1-16-1.4xmlL.pdb	L1-16-1.2imnA.pdb	75.000	8	2	0	1	8	1	8	0.037	15.5
L1-16-1.4xmlL.pdb	L1-16-1.3qehB.pdb	66.667	9	3	0	1	9	1	9	0.056	14.6
L1-16-1.4xmlL.pdb	L1-16-1.2ajvL.pdb	75.000	8	2	0	1	8	1	8	0.060	14.6
L1-16-1.4xmlL.pdb	L1-16-1.1ynlL.pdb	66.667	9	3	0	1	9	1	9	0.062	14.6
L1-16-1.4xmlL.pdb	L1-16-1.3gnmL.pdb	55.556	9	4	0	1	9	1	9	0.067	14.6
L1-16-1.4xmlL.pdb	L1-16-1.4whtB.pdb	77.778	9	2	0	1	9	1	9	0.068	14.6
L1-16-1.4xmlL.pdb	L1-16-1.1dbbL.pdb	66.667	9	3	0	1	9	1	9	0.074	14.6
L1-16-1.4xmlL.pdb	L1-16-1.5aumL.pdb	75.000	8	2	0	1	8	1	8	0.080	14.2
L1-16-1.4xmlL.pdb	L1-16-1.1gpoL.pdb	75.000	8	2	0	1	8	1	8	0.085	14.2
L1-16-1.4xmlL.pdb	L1-16-1.5drxL.pdb	66.667	9	3	0	1	9	1	9	0.088	14.2
L1-16-1.4xmlL.pdb	L1-16-1.4fabL.pdb	66.667	9	3	0	1	9	1	9	0.088	14.2
L1-16-1.4xmlL.pdb	L1-16-1.3wbdA.pdb	66.667	9	3	0	1	9	1	9	0.088	14.2
L1-16-1.4xmlL.pdb	L1-16-1.3mckL.pdb	66.667	9	3	0	1	9	1	9	0.088	14.2
L1-16-1.4xmlL.pdb	L1-16-1.2d03L.pdb	66.667	9	3	0	1	9	1	9	0.088	14.2
L1-16-1.4xmlL.pdb	L1-16-1.1x9qA.pdb	66.667	9	3	0	1	9	1	9	0.088	14.2
L1-16-1.4xmlL.pdb	L1-16-1.1rmfL.pdb	66.667	9	3	0	1	9	1	9	0.088	14.2
L1-16-1.4xmlL.pdb	L1-16-1.1makA.pdb	66.667	9	3	0	1	9	1	9	0.088	14.2
L1-16-1.4xmlL.pdb	L1-16-1.1lmkC.pdb	66.667	9	3	0	1	9	1	9	0.088	14.2
L1-16-1.4xmlL.pdb	L1-16-1.1dlfL.pdb	66.667	9	3	0	1	9	1	9	0.088	14.2
L1-16-1.4xmlL.pdb	L1-16-1.5ewiL.pdb	85.714	7	1	0	1	7	1	7	0.16	13.8
L1-16-1.4xmlL.pdb	L1-16-1.4lqfL.pdb	55.556	9	4	0	1	9	1	9	0.17	13.8
L1-16-1.4xmlL.pdb	L1-16-1.3m8oL.pdb	85.714	7	1	0	1	7	1	7	0.18	13.8
L1-16-1.4xmlL.pdb	L1-16-1.4hcrN.pdb	55.556	9	4	0	1	9	1	9	0.20	13.4
L1-16-1.4xmlL.pdb	L1-16-1.3hr5A.pdb	55.556	9	4	0	1	9	1	9	0.23	13.4
L1-16-1.4xmlL.pdb	L1-16-1.4dtgL.pdb	66.667	9	3	0	1	9	1	9	0.24	13.4
L1-16-1.4xmlL.pdb	L1-16-1.4pb0L.pdb	66.667	9	3	0	1	9	1	9	0.41	12.9
L1-16-1.4xmlL.pdb	L1-16-1.2w60B.pdb	66.667	9	3	0	1	9	1	9	0.41	12.9
L1-16-1.4xmlL.pdb	L1-16-1.1cr9L.pdb	66.667	9	3	0	1	9	1	9	0.41	12.9
L1-16-1.4xmlL.pdb	L1-16-1.1ncwL.pdb	55.556	9	4	0	1	9	1	9	0.74	12.1
L1-16-1.4xmlL.pdb	L1-16-1.5dyoB.pdb	55.556	9	4	0	1	9	1	9	1.4	11.7
L1-16-1.4xmlL.pdb	L1-16-1.4nujA.pdb	66.667	6	2	0	1	6	1	6	4.4	10.4
