H2-10-1.1458	H2-10-1.982	77.778	9	2	0	1	9	1	9	0.028	18.0
H2-10-1.1458	H2-10-1.949	75.000	8	2	0	2	9	2	9	0.066	17.2
H2-10-1.1458	H2-10-1.1460	55.556	9	4	0	1	9	1	9	0.19	15.9
H2-10-1.1458	H2-10-1.882	60.000	10	4	0	1	10	1	10	0.21	15.9
H2-10-1.1458	H2-10-1.1157	66.667	9	3	0	1	9	1	9	0.22	15.9
H2-10-1.1458	H2-10-2.1060	66.667	9	3	0	2	10	2	10	0.24	15.9
H2-10-1.1458	H2-10-1.919	66.667	9	3	0	2	10	2	10	0.27	15.5
H2-10-1.1458	H2-10-1.1456	66.667	9	3	0	1	9	1	9	0.30	15.5
H2-10-1.1458	H2-10-1.1071	66.667	9	3	0	2	10	2	10	0.36	15.1
H2-10-1.1458	H2-10-3.1166	66.667	9	3	0	2	10	2	10	0.36	15.1
H2-10-1.1458	H2-10-*.1224	60.000	10	4	0	1	10	1	10	0.38	15.1
H2-10-1.1458	H2-10-1.962	50.000	10	5	0	1	10	1	10	0.40	15.1
H2-10-1.1458	H2-10-1.954	66.667	9	3	0	2	10	2	10	0.40	15.1
H2-10-1.1458	H2-10-1.1135	66.667	9	3	0	2	10	2	10	0.43	15.1
H2-10-1.1458	H2-10-1.1108	60.000	10	4	0	1	10	1	10	0.44	15.1
H2-10-1.1458	H2-10-1.907	66.667	9	3	0	2	10	2	10	0.53	14.6
H2-10-1.1458	H2-10-1.1326	75.000	8	2	0	2	9	2	9	0.68	14.6
H2-10-1.1458	H2-10-*.1072	50.000	10	5	0	1	10	1	10	0.74	14.2
H2-10-1.1458	H2-10-1.846	75.000	8	2	0	2	9	2	9	0.77	14.2
H2-10-1.1458	H2-10-1.891	66.667	9	3	0	2	10	2	10	0.90	14.2
H2-10-1.1458	H2-10-1.1421	75.000	8	2	0	2	9	2	9	1.2	13.8
H2-10-1.1458	H2-10-1.1412	66.667	9	3	0	2	10	2	10	1.2	13.8
H2-10-1.1458	H2-10-3.1035	62.500	8	3	0	2	9	2	9	1.3	13.8
H2-10-1.1458	H2-10-1.832	62.500	8	3	0	2	9	2	9	1.4	13.8
H2-10-1.1458	H2-10-1.1277	66.667	9	3	0	2	10	2	10	1.5	13.8
H2-10-1.1458	H2-10-1.998	75.000	8	2	0	2	9	2	9	1.7	13.4
H2-10-1.1458	H2-10-1.1244	62.500	8	3	0	2	9	2	9	1.8	13.4
H2-10-1.1458	H2-10-1.878	75.000	8	2	0	2	9	2	9	2.2	13.4
H2-10-1.1458	H2-10-1.889	75.000	8	2	0	2	9	2	9	2.2	13.4
H2-10-1.1458	H2-10-2.1292	50.000	10	5	0	1	10	1	10	2.4	13.4
H2-10-1.1458	H2-10-1.946	75.000	8	2	0	2	9	2	9	3.6	12.9
H2-10-1.1458	H2-10-3.1246	66.667	9	3	0	2	10	2	10	3.8	12.9
H2-10-1.1458	H2-10-1.1216	60.000	10	2	1	1	10	1	8	4.1	12.5
H2-10-1.1458	H2-10-2.1205	50.000	10	5	0	1	10	1	10	4.3	12.5
H2-10-1.1458	H2-10-1.824	75.000	8	2	0	2	9	2	9	4.6	12.5
H2-10-1.1458	H2-10-1.1156	83.333	6	1	0	2	7	2	7	4.8	12.5
H2-10-1.1458	H2-10-1.834	62.500	8	3	0	2	9	2	9	5.2	12.5
H2-10-1.1458	H2-10-2.929	55.556	9	4	0	2	10	2	10	5.3	12.5
H2-10-1.1458	H2-10-1.1024	44.444	9	5	0	2	10	2	10	7.4	12.1
H2-10-1.1458	H2-10-3.955	62.500	8	3	0	2	9	2	9	7.4	12.1
H2-10-1.1458	H2-10-2.837	50.000	10	5	0	1	10	1	10	7.4	12.1
H2-10-1.1458	H2-10-2.856	50.000	10	5	0	1	10	1	10	8.0	12.1
H2-10-1.1458	H2-10-1.1088	66.667	9	3	0	1	9	1	9	11	11.7
H2-10-1.1458	H2-10-1.1350	55.556	9	4	0	2	10	2	10	11	11.7
H2-10-1.1458	H2-10-2.1256	55.556	9	4	0	2	10	2	10	12	11.7
H2-10-1.1458	H2-10-1.1395	75.000	8	2	0	2	9	2	9	12	11.7
H2-10-1.1458	H2-10-*.920	55.556	9	4	0	1	9	1	9	14	11.2
H2-10-1.1458	H2-10-2.1184	50.000	10	5	0	1	10	1	10	15	11.2
H2-10-1.1458	H2-10-6.1286	80.000	5	1	0	6	10	6	10	19	11.2
H2-10-1.1458	H2-10-1.1351	55.556	9	4	0	2	10	2	10	19	11.2
H2-10-1.1458	H2-10-*.1401	40.000	10	6	0	1	10	1	10	28	10.8
H2-10-1.1458	H2-10-1.1398	66.667	6	2	0	2	7	2	7	30	10.4
H2-10-1.1458	H2-10-1.1168	66.667	6	2	0	5	10	5	10	33	10.4
H2-10-1.1458	H2-10-1.1267	50.000	10	5	0	1	10	1	10	34	10.4
H2-10-1.1458	H2-10-2.1372	66.667	6	2	0	5	10	3	8	34	10.4
H2-10-1.1458	H2-10-1.918	55.556	9	4	0	1	9	1	9	45	10.0
H2-10-1.1458	H2-10-1.1204	100.000	4	0	0	6	9	6	9	50	10.0
H2-10-1.1458	H2-10-*.1314	55.556	9	4	0	2	10	2	10	52	10.0
H2-10-1.1458	H2-10-2.1271	40.000	10	6	0	1	10	1	10	63	 9.5
H2-10-1.1458	H2-10-2.1082	40.000	10	6	0	1	10	1	10	93	 9.1
H2-10-1.1458	H2-10-2.1373	100.000	3	0	0	8	10	8	10	115	 9.1
H2-10-1.1458	H2-10-1.1240	44.444	9	5	0	1	9	1	9	122	 9.1
H2-10-1.1458	H2-10-2.1468	40.000	10	6	0	1	10	1	10	225	 8.3
