H1-15-1.804	H1-15-1.803	93.333	15	1	0	1	15	1	15	2.15e-06	27.4
H1-15-1.804	H1-15-1.789	92.857	14	1	0	1	14	1	14	6.14e-06	26.1
H1-15-1.804	H1-15-1.786	86.667	15	2	0	1	15	1	15	6.43e-06	26.1
H1-15-1.804	H1-15-1.788	92.857	14	1	0	1	14	1	14	7.95e-06	25.7
H1-15-1.804	H1-15-1.784	86.667	15	2	0	1	15	1	15	9.71e-06	25.7
H1-15-1.804	H1-15-1.802	86.667	15	2	0	1	15	1	15	1.11e-05	25.2
H1-15-1.804	H1-15-1.805	85.714	14	2	0	1	14	1	14	1.90e-05	24.8
H1-15-1.804	H1-15-1.815	85.714	14	2	0	1	14	1	14	2.26e-05	24.4
H1-15-1.804	H1-15-1.801	85.714	14	2	0	1	14	1	14	2.76e-05	24.4
H1-15-1.804	H1-15-1.799	85.714	14	2	0	1	14	1	14	3.22e-05	24.0
H1-15-1.804	H1-15-1.814	84.615	13	2	0	3	15	3	15	4.79e-05	23.5
H1-15-1.804	H1-15-1.785	78.571	14	3	0	1	14	1	14	7.37e-05	23.1
H1-15-1.804	H1-15-*.793	80.000	15	3	0	1	15	1	15	7.64e-05	23.1
H1-15-1.804	H1-15-*.790	78.571	14	3	0	1	14	1	14	8.00e-05	23.1
H1-15-1.804	H1-15-1.816	78.571	14	3	0	1	14	1	14	8.89e-05	23.1
H1-15-1.804	H1-15-1.787	78.571	14	3	0	1	14	1	14	1.19e-04	22.7
H1-15-1.804	H1-15-1.811	73.333	15	4	0	1	15	1	15	3.19e-04	21.4
H1-15-1.804	H1-15-1.812	78.571	14	3	0	1	14	1	14	7.15e-04	20.6
H1-15-1.804	H1-15-1.795	66.667	15	5	0	1	15	1	15	0.001	20.2
H1-15-1.804	H1-15-1.798	71.429	14	4	0	1	14	1	14	0.001	19.7
H1-15-1.804	H1-15-1.783	66.667	6	2	0	3	8	3	8	3.3	10.8
H1-15-1.804	H1-15-1.818	57.143	7	3	0	9	15	2	8	32	 8.3
H1-15-1.804	H1-15-1.797	66.667	6	2	0	10	15	3	8	32	 8.3
H1-15-1.804	H1-15-*.820	66.667	6	2	0	10	15	3	8	39	 7.9
H1-15-1.804	H1-15-1.810	66.667	6	2	0	10	15	3	8	39	 7.9
H1-15-1.804	H1-15-1.819	66.667	6	2	0	10	15	3	8	59	 7.4
