H1-13-1.748	H1-13-1.99	84.615	13	2	0	1	13	1	13	1.69e-04	25.2
H1-13-1.748	H1-13-1.574	76.923	13	3	0	1	13	1	13	3.41e-04	24.4
H1-13-1.748	H1-13-1.447	76.923	13	3	0	1	13	1	13	7.12e-04	23.5
H1-13-1.748	H1-13-1.752	83.333	12	2	0	2	13	2	13	7.64e-04	23.5
H1-13-1.748	H1-13-1.717	76.923	13	3	0	1	13	1	13	8.10e-04	23.1
H1-13-1.748	H1-13-1.510	76.923	13	3	0	1	13	1	13	8.91e-04	23.1
H1-13-1.748	H1-13-1.275	75.000	12	3	0	2	13	2	13	0.001	22.7
H1-13-1.748	H1-13-1.350	83.333	12	2	0	2	13	2	13	0.001	22.7
H1-13-1.748	H1-13-1.534	76.923	13	3	0	1	13	1	13	0.001	22.7
H1-13-1.748	H1-13-1.216	76.923	13	3	0	1	13	1	13	0.001	22.7
H1-13-1.748	H1-13-1.459	76.923	13	3	0	1	13	1	13	0.001	22.7
H1-13-1.748	H1-13-1.282	69.231	13	4	0	1	13	1	13	0.001	22.7
H1-13-1.748	H1-13-1.50	76.923	13	3	0	1	13	1	13	0.001	22.7
H1-13-1.748	H1-13-1.345	83.333	12	2	0	2	13	2	13	0.001	22.7
H1-13-1.748	H1-13-1.641	69.231	13	4	0	1	13	1	13	0.001	22.7
H1-13-1.748	H1-13-1.415	69.231	13	4	0	1	13	1	13	0.002	22.7
H1-13-1.748	H1-13-1.28	75.000	12	3	0	2	13	2	13	0.002	22.7
H1-13-1.748	H1-13-1.271	69.231	13	4	0	1	13	1	13	0.002	22.7
H1-13-1.748	H1-13-1.285	69.231	13	4	0	1	13	1	13	0.002	22.7
H1-13-1.748	H1-13-1.451	83.333	12	2	0	1	12	1	12	0.002	22.3
H1-13-1.748	H1-13-1.125	83.333	12	2	0	1	12	1	12	0.002	22.3
H1-13-1.748	H1-13-1.536	75.000	12	3	0	2	13	2	13	0.002	22.3
H1-13-1.748	H1-13-1.145	69.231	13	4	0	1	13	1	13	0.002	22.3
H1-13-1.748	H1-13-1.191	69.231	13	4	0	1	13	1	13	0.002	22.3
H1-13-1.748	H1-13-1.561	75.000	12	3	0	2	13	2	13	0.002	22.3
H1-13-1.748	H1-13-1.739	75.000	12	3	0	2	13	2	13	0.003	21.8
H1-13-1.748	H1-13-1.664	75.000	12	3	0	2	13	2	13	0.003	21.8
H1-13-1.748	H1-13-1.581	90.909	11	1	0	2	12	2	12	0.003	21.8
H1-13-1.748	H1-13-1.466	75.000	12	3	0	2	13	2	13	0.003	21.8
H1-13-1.748	H1-13-1.439	69.231	13	4	0	1	13	1	13	0.003	21.8
H1-13-1.748	H1-13-1.303	69.231	13	4	0	1	13	1	13	0.003	21.8
H1-13-1.748	H1-13-1.11	69.231	13	4	0	1	13	1	13	0.003	21.8
H1-13-1.748	H1-13-2.42	75.000	12	3	0	2	13	2	13	0.003	21.8
H1-13-1.748	H1-13-1.272	83.333	12	2	0	1	12	1	12	0.003	21.8
H1-13-1.748	H1-13-1.291	69.231	13	4	0	1	13	1	13	0.003	21.8
H1-13-1.748	H1-13-1.651	69.231	13	4	0	1	13	1	13	0.004	21.4
H1-13-1.748	H1-13-1.732	66.667	12	4	0	2	13	2	13	0.004	21.4
H1-13-1.748	H1-13-1.490	75.000	12	3	0	2	13	2	13	0.004	21.4
H1-13-1.748	H1-13-1.308	75.000	12	3	0	2	13	2	13	0.004	21.4
H1-13-1.748	H1-13-1.83	66.667	12	4	0	2	13	2	13	0.004	21.4
H1-13-1.748	H1-13-1.399	66.667	12	4	0	2	13	2	13	0.004	21.4
H1-13-1.748	H1-13-1.599	66.667	12	4	0	2	13	2	13	0.005	21.4
H1-13-1.748	H1-13-1.201	66.667	12	4	0	2	13	2	13	0.005	21.4
H1-13-1.748	H1-13-1.676	69.231	13	4	0	1	13	1	13	0.005	21.4
H1-13-1.748	H1-13-1.102	66.667	12	4	0	2	13	2	13	0.005	21.4
H1-13-1.748	H1-13-1.629	90.909	11	1	0	2	12	2	12	0.005	21.4
H1-13-1.748	H1-13-1.109	81.818	11	2	0	2	12	2	12	0.005	21.0
H1-13-1.748	H1-13-1.419	83.333	12	2	0	1	12	1	12	0.005	21.0
H1-13-1.748	H1-13-1.406	66.667	12	4	0	2	13	2	13	0.005	21.0
H1-13-1.748	H1-13-1.458	69.231	13	4	0	1	13	1	13	0.005	21.0
H1-13-1.748	H1-13-1.5	75.000	12	3	0	2	13	2	13	0.005	21.0
H1-13-1.748	H1-13-1.29	66.667	12	4	0	2	13	2	13	0.006	21.0
H1-13-1.748	H1-13-1.321	66.667	12	4	0	2	13	2	13	0.006	21.0
H1-13-1.748	H1-13-1.742	66.667	12	4	0	2	13	2	13	0.006	21.0
H1-13-1.748	H1-13-1.450	66.667	12	4	0	2	13	2	13	0.006	21.0
H1-13-1.748	H1-13-*.413	90.909	11	1	0	2	12	2	12	0.006	21.0
H1-13-1.748	H1-13-1.6	61.538	13	5	0	1	13	1	13	0.006	21.0
H1-13-1.748	H1-13-1.567	69.231	13	4	0	1	13	1	13	0.006	21.0
H1-13-1.748	H1-13-1.302	75.000	12	3	0	1	12	1	12	0.006	21.0
H1-13-1.748	H1-13-1.630	81.818	11	2	0	2	12	2	12	0.006	21.0
H1-13-1.748	H1-13-1.598	69.231	13	4	0	1	13	1	13	0.007	21.0
H1-13-1.748	H1-13-1.237	61.538	13	5	0	1	13	1	13	0.007	21.0
H1-13-1.748	H1-13-1.638	75.000	12	3	0	1	12	1	12	0.007	21.0
H1-13-1.748	H1-13-1.543	69.231	13	4	0	1	13	1	13	0.007	21.0
H1-13-1.748	H1-13-1.55	75.000	12	3	0	1	12	1	12	0.007	21.0
H1-13-1.748	H1-13-1.179	75.000	12	3	0	1	12	1	12	0.007	21.0
H1-13-1.748	H1-13-1.390	75.000	12	3	0	1	12	1	12	0.007	21.0
H1-13-1.748	H1-13-1.663	61.538	13	5	0	1	13	1	13	0.008	20.6
H1-13-1.748	H1-13-*.662	75.000	12	3	0	2	13	2	13	0.008	20.6
H1-13-1.748	H1-13-1.374	75.000	12	3	0	1	12	1	12	0.008	20.6
H1-13-1.748	H1-13-1.579	69.231	13	4	0	1	13	1	13	0.008	20.6
H1-13-1.748	H1-13-1.553	75.000	12	3	0	1	12	1	12	0.008	20.6
H1-13-1.748	H1-13-1.89	81.818	11	2	0	2	12	2	12	0.008	20.6
H1-13-1.748	H1-13-1.563	66.667	12	4	0	2	13	2	13	0.009	20.6
H1-13-1.748	H1-13-1.596	75.000	12	3	0	1	12	1	12	0.009	20.6
H1-13-1.748	H1-13-1.559	81.818	11	2	0	2	12	2	12	0.009	20.6
H1-13-1.748	H1-13-1.720	66.667	12	4	0	2	13	2	13	0.009	20.6
H1-13-1.748	H1-13-1.298	61.538	13	5	0	1	13	1	13	0.009	20.6
H1-13-1.748	H1-13-1.602	75.000	12	3	0	1	12	1	12	0.010	20.6
H1-13-1.748	H1-13-1.301	69.231	13	4	0	1	13	1	13	0.011	20.2
H1-13-1.748	H1-13-1.16	81.818	11	2	0	2	12	2	12	0.011	20.2
H1-13-1.748	H1-13-1.106	66.667	12	4	0	2	13	2	13	0.011	20.2
H1-13-1.748	H1-13-1.322	61.538	13	5	0	1	13	1	13	0.012	20.2
H1-13-1.748	H1-13-1.408	61.538	13	5	0	1	13	1	13	0.012	20.2
H1-13-1.748	H1-13-*.289	72.727	11	3	0	2	12	2	12	0.012	20.2
H1-13-1.748	H1-13-1.436	61.538	13	5	0	1	13	1	13	0.012	20.2
H1-13-1.748	H1-13-1.229	75.000	12	3	0	1	12	1	12	0.013	20.2
H1-13-1.748	H1-13-1.222	66.667	12	4	0	2	13	2	13	0.013	20.2
H1-13-1.748	H1-13-1.631	72.727	11	3	0	2	12	2	12	0.014	20.2
H1-13-1.748	H1-13-1.522	61.538	13	5	0	1	13	1	13	0.014	20.2
H1-13-1.748	H1-13-1.692	58.333	12	5	0	2	13	2	13	0.014	20.2
H1-13-1.748	H1-13-1.650	66.667	12	4	0	2	13	2	13	0.014	20.2
H1-13-1.748	H1-13-1.316	66.667	12	4	0	2	13	2	13	0.014	20.2
H1-13-1.748	H1-13-1.257	75.000	12	3	0	1	12	1	12	0.014	20.2
H1-13-1.748	H1-13-1.643	61.538	13	5	0	1	13	1	13	0.015	20.2
H1-13-1.748	H1-13-4.67	75.000	12	3	0	1	12	1	12	0.015	20.2
H1-13-1.748	H1-13-1.293	58.333	12	5	0	2	13	2	13	0.015	20.2
H1-13-1.748	H1-13-1.161	72.727	11	3	0	2	12	2	12	0.016	20.2
H1-13-1.748	H1-13-1.100	66.667	12	4	0	2	13	2	13	0.016	19.7
H1-13-1.748	H1-13-1.190	69.231	13	4	0	1	13	1	13	0.016	19.7
H1-13-1.748	H1-13-1.108	58.333	12	5	0	2	13	2	13	0.016	19.7
H1-13-1.748	H1-13-1.635	66.667	12	4	0	2	13	2	13	0.017	19.7
H1-13-1.748	H1-13-1.279	69.231	13	4	0	1	13	1	13	0.017	19.7
H1-13-1.748	H1-13-1.489	53.846	13	6	0	1	13	1	13	0.017	19.7
H1-13-1.748	H1-13-1.280	58.333	12	5	0	2	13	2	13	0.017	19.7
H1-13-1.748	H1-13-1.13	58.333	12	5	0	2	13	2	13	0.017	19.7
H1-13-1.748	H1-13-1.384	58.333	12	5	0	2	13	2	13	0.018	19.7
H1-13-1.748	H1-13-1.535	75.000	12	3	0	1	12	1	12	0.018	19.7
H1-13-1.748	H1-13-1.411	58.333	12	5	0	2	13	2	13	0.018	19.7
H1-13-1.748	H1-13-1.113	58.333	12	5	0	2	13	2	13	0.018	19.7
H1-13-1.748	H1-13-1.340	58.333	12	5	0	2	13	2	13	0.019	19.7
H1-13-1.748	H1-13-1.660	66.667	12	4	0	2	13	2	13	0.019	19.7
H1-13-1.748	H1-13-1.611	66.667	12	4	0	1	12	1	12	0.019	19.7
H1-13-1.748	H1-13-1.572	58.333	12	5	0	2	13	2	13	0.019	19.7
H1-13-1.748	H1-13-1.362	61.538	13	5	0	1	13	1	13	0.020	19.7
H1-13-1.748	H1-13-1.491	61.538	13	5	0	1	13	1	13	0.020	19.7
H1-13-1.748	H1-13-7.693	58.333	12	5	0	2	13	2	13	0.021	19.7
H1-13-1.748	H1-13-1.554	58.333	12	5	0	2	13	2	13	0.021	19.7
H1-13-1.748	H1-13-1.674	61.538	13	5	0	1	13	1	13	0.021	19.7
H1-13-1.748	H1-13-1.204	75.000	12	3	0	1	12	1	12	0.021	19.7
H1-13-1.748	H1-13-1.636	66.667	12	4	0	1	12	1	12	0.021	19.7
H1-13-1.748	H1-13-1.166	66.667	12	4	0	1	12	1	12	0.021	19.7
H1-13-1.748	H1-13-1.41	66.667	12	4	0	2	13	2	13	0.022	19.7
H1-13-1.748	H1-13-1.430	58.333	12	5	0	2	13	2	13	0.022	19.7
H1-13-1.748	H1-13-1.80	72.727	11	3	0	2	12	2	12	0.022	19.7
H1-13-1.748	H1-13-1.309	66.667	12	4	0	1	12	1	12	0.022	19.7
H1-13-1.748	H1-13-1.514	75.000	12	3	0	1	12	1	12	0.023	19.7
H1-13-1.748	H1-13-1.551	81.818	11	2	0	2	12	2	12	0.023	19.7
H1-13-1.748	H1-13-1.527	58.333	12	5	0	2	13	2	13	0.023	19.7
H1-13-1.748	H1-13-1.9	53.846	13	6	0	1	13	1	13	0.023	19.7
H1-13-1.748	H1-13-1.560	66.667	12	4	0	1	12	1	12	0.023	19.3
H1-13-1.748	H1-13-1.454	75.000	12	3	0	1	12	1	12	0.024	19.3
H1-13-1.748	H1-13-1.541	61.538	13	5	0	1	13	1	13	0.024	19.3
H1-13-1.748	H1-13-1.37	66.667	12	4	0	1	12	1	12	0.024	19.3
H1-13-1.748	H1-13-1.288	58.333	12	5	0	2	13	2	13	0.025	19.3
H1-13-1.748	H1-13-1.378	75.000	12	3	0	1	12	1	12	0.026	19.3
H1-13-1.748	H1-13-1.221	66.667	12	4	0	1	12	1	12	0.026	19.3
H1-13-1.748	H1-13-1.471	58.333	12	5	0	2	13	2	13	0.026	19.3
H1-13-1.748	H1-13-1.290	58.333	12	5	0	2	13	2	13	0.026	19.3
H1-13-1.748	H1-13-1.396	69.231	13	4	0	1	13	1	13	0.027	19.3
H1-13-1.748	H1-13-4.211	61.538	13	5	0	1	13	1	13	0.027	19.3
H1-13-1.748	H1-13-1.465	81.818	11	2	0	2	12	2	12	0.027	19.3
H1-13-1.748	H1-13-1.84	58.333	12	5	0	2	13	2	13	0.027	19.3
H1-13-1.748	H1-13-1.377	75.000	12	3	0	1	12	1	12	0.027	19.3
H1-13-1.748	H1-13-1.124	69.231	13	4	0	1	13	1	13	0.027	19.3
H1-13-1.748	H1-13-1.476	66.667	12	4	0	2	13	2	13	0.028	19.3
H1-13-1.748	H1-13-1.266	53.846	13	6	0	1	13	1	13	0.028	19.3
H1-13-1.748	H1-13-1.247	58.333	12	5	0	2	13	2	13	0.028	19.3
H1-13-1.748	H1-13-1.114	75.000	12	3	0	1	12	1	12	0.028	19.3
H1-13-1.748	H1-13-1.40	53.846	13	6	0	1	13	1	13	0.028	19.3
H1-13-1.748	H1-13-1.526	58.333	12	5	0	2	13	2	13	0.028	19.3
H1-13-1.748	H1-13-1.52	72.727	11	3	0	2	12	2	12	0.028	19.3
H1-13-1.748	H1-13-1.198	61.538	13	5	0	1	13	1	13	0.029	19.3
H1-13-1.748	H1-13-1.372	58.333	12	5	0	2	13	2	13	0.029	19.3
H1-13-1.748	H1-13-1.185	66.667	12	4	0	1	12	1	12	0.029	19.3
H1-13-1.748	H1-13-1.348	66.667	12	4	0	1	12	1	12	0.029	19.3
H1-13-1.748	H1-13-1.326	72.727	11	3	0	2	12	2	12	0.030	19.3
H1-13-1.748	H1-13-1.97	61.538	13	5	0	1	13	1	13	0.030	19.3
H1-13-1.748	H1-13-1.564	58.333	12	5	0	2	13	2	13	0.032	19.3
H1-13-1.748	H1-13-1.318	66.667	12	4	0	2	13	2	13	0.032	19.3
H1-13-1.748	H1-13-1.184	61.538	13	5	0	1	13	1	13	0.032	19.3
H1-13-1.748	H1-13-1.305	72.727	11	3	0	2	12	2	12	0.032	19.3
H1-13-1.748	H1-13-1.546	66.667	12	4	0	1	12	1	12	0.033	18.9
H1-13-1.748	H1-13-1.324	58.333	12	5	0	2	13	2	13	0.034	18.9
H1-13-1.748	H1-13-1.101	58.333	12	5	0	2	13	2	13	0.034	18.9
H1-13-1.748	H1-13-1.248	58.333	12	5	0	2	13	2	13	0.034	18.9
H1-13-1.748	H1-13-1.35	66.667	12	4	0	1	12	1	12	0.034	18.9
H1-13-1.748	H1-13-1.697	61.538	13	5	0	1	13	1	13	0.035	18.9
H1-13-1.748	H1-13-1.710	53.846	13	6	0	1	13	1	13	0.035	18.9
H1-13-1.748	H1-13-1.270	58.333	12	5	0	2	13	2	13	0.035	18.9
H1-13-1.748	H1-13-1.167	72.727	11	3	0	2	12	2	12	0.035	18.9
H1-13-1.748	H1-13-1.46	72.727	11	3	0	2	12	2	12	0.035	18.9
H1-13-1.748	H1-13-*.401	53.846	13	6	0	1	13	1	13	0.036	18.9
H1-13-1.748	H1-13-1.212	61.538	13	5	0	1	13	1	13	0.036	18.9
H1-13-1.748	H1-13-1.736	53.846	13	6	0	1	13	1	13	0.038	18.9
H1-13-1.748	H1-13-1.398	58.333	12	5	0	2	13	2	13	0.038	18.9
H1-13-1.748	H1-13-3.493	58.333	12	5	0	2	13	2	13	0.038	18.9
H1-13-1.748	H1-13-1.353	75.000	12	3	0	1	12	1	12	0.038	18.9
H1-13-1.748	H1-13-*.552	75.000	12	3	0	1	12	1	12	0.040	18.9
H1-13-1.748	H1-13-1.119	66.667	12	4	0	2	13	2	13	0.040	18.9
H1-13-1.748	H1-13-1.726	53.846	13	6	0	1	13	1	13	0.041	18.9
H1-13-1.748	H1-13-1.281	66.667	12	4	0	1	12	1	12	0.043	18.9
H1-13-1.748	H1-13-1.246	66.667	12	4	0	1	12	1	12	0.043	18.9
H1-13-1.748	H1-13-1.583	58.333	12	5	0	2	13	2	13	0.044	18.9
H1-13-1.748	H1-13-4.347	61.538	13	5	0	1	13	1	13	0.044	18.9
H1-13-1.748	H1-13-1.195	66.667	12	4	0	2	13	2	13	0.045	18.9
H1-13-1.748	H1-13-1.200	61.538	13	5	0	1	13	1	13	0.047	18.9
H1-13-1.748	H1-13-1.533	72.727	11	3	0	2	12	2	12	0.047	18.9
H1-13-1.748	H1-13-1.709	66.667	12	4	0	1	12	1	12	0.050	18.5
H1-13-1.748	H1-13-1.443	72.727	11	3	0	2	12	2	12	0.050	18.5
H1-13-1.748	H1-13-1.420	58.333	12	5	0	2	13	2	13	0.050	18.5
H1-13-1.748	H1-13-1.87	58.333	12	5	0	2	13	2	13	0.050	18.5
H1-13-1.748	H1-13-1.589	53.846	13	6	0	1	13	1	13	0.050	18.5
H1-13-1.748	H1-13-1.76	66.667	12	4	0	1	12	1	12	0.051	18.5
H1-13-1.748	H1-13-1.656	53.846	13	6	0	1	13	1	13	0.053	18.5
H1-13-1.748	H1-13-1.746	50.000	12	6	0	2	13	2	13	0.054	18.5
H1-13-1.748	H1-13-1.69	50.000	12	6	0	2	13	2	13	0.054	18.5
H1-13-1.748	H1-13-1.186	58.333	12	5	0	2	13	2	13	0.055	18.5
H1-13-1.748	H1-13-1.142	66.667	12	4	0	1	12	1	12	0.055	18.5
H1-13-1.748	H1-13-1.168	58.333	12	5	0	2	13	2	13	0.056	18.5
H1-13-1.748	H1-13-1.601	58.333	12	5	0	2	13	2	13	0.056	18.5
H1-13-1.748	H1-13-1.486	58.333	12	5	0	2	13	2	13	0.056	18.5
H1-13-1.748	H1-13-1.352	53.846	13	6	0	1	13	1	13	0.057	18.5
H1-13-1.748	H1-13-1.714	66.667	12	4	0	2	13	2	13	0.058	18.5
H1-13-1.748	H1-13-1.325	58.333	12	5	0	2	13	2	13	0.058	18.5
H1-13-1.748	H1-13-1.706	58.333	12	5	0	2	13	2	13	0.059	18.5
H1-13-1.748	H1-13-1.622	66.667	12	4	0	2	13	2	13	0.059	18.5
H1-13-1.748	H1-13-1.500	63.636	11	4	0	2	12	2	12	0.059	18.5
H1-13-1.748	H1-13-1.428	58.333	12	5	0	2	13	2	13	0.060	18.5
H1-13-1.748	H1-13-*.240	66.667	12	4	0	2	13	2	13	0.063	18.5
H1-13-1.748	H1-13-1.747	58.333	12	5	0	2	13	2	13	0.064	18.5
H1-13-1.748	H1-13-1.58	72.727	11	3	0	2	12	2	12	0.066	18.5
H1-13-1.748	H1-13-1.61	61.538	13	5	0	1	13	1	13	0.068	18.5
H1-13-1.748	H1-13-1.286	53.846	13	6	0	1	13	1	13	0.069	18.5
H1-13-1.748	H1-13-1.217	66.667	12	4	0	1	12	1	12	0.069	18.5
H1-13-1.748	H1-13-1.156	58.333	12	5	0	2	13	2	13	0.069	18.5
H1-13-1.748	H1-13-*.647	66.667	12	4	0	2	13	2	13	0.070	18.0
H1-13-1.748	H1-13-1.725	66.667	12	4	0	1	12	1	12	0.071	18.0
H1-13-1.748	H1-13-1.269	63.636	11	4	0	2	12	2	12	0.072	18.0
H1-13-1.748	H1-13-1.206	58.333	12	5	0	2	13	2	13	0.072	18.0
H1-13-1.748	H1-13-1.239	63.636	11	4	0	2	12	2	12	0.074	18.0
H1-13-1.748	H1-13-1.386	58.333	12	5	0	2	13	2	13	0.076	18.0
H1-13-1.748	H1-13-1.438	58.333	12	5	0	2	13	2	13	0.077	18.0
H1-13-1.748	H1-13-3.529	72.727	11	3	0	2	12	2	12	0.079	18.0
H1-13-1.748	H1-13-1.79	58.333	12	5	0	1	12	1	12	0.079	18.0
H1-13-1.748	H1-13-1.146	58.333	12	5	0	2	13	2	13	0.081	18.0
H1-13-1.748	H1-13-1.383	58.333	12	5	0	2	13	2	13	0.083	18.0
H1-13-1.748	H1-13-1.633	72.727	11	3	0	2	12	2	12	0.084	18.0
H1-13-1.748	H1-13-1.173	53.846	13	6	0	1	13	1	13	0.084	18.0
H1-13-1.748	H1-13-*.557	66.667	12	4	0	1	12	1	12	0.086	18.0
H1-13-1.748	H1-13-*.393	61.538	13	5	0	1	13	1	13	0.086	18.0
H1-13-1.748	H1-13-1.431	72.727	11	3	0	2	12	2	12	0.087	18.0
H1-13-1.748	H1-13-1.193	72.727	11	3	0	2	12	2	12	0.088	18.0
H1-13-1.748	H1-13-1.715	58.333	12	5	0	2	13	2	13	0.089	18.0
H1-13-1.748	H1-13-1.735	58.333	12	5	0	2	13	2	13	0.092	18.0
H1-13-1.748	H1-13-1.683	66.667	12	4	0	1	12	1	12	0.093	18.0
H1-13-1.748	H1-13-3.267	81.818	11	2	0	2	12	2	12	0.093	18.0
H1-13-1.748	H1-13-1.241	61.538	13	5	0	1	13	1	13	0.093	18.0
H1-13-1.748	H1-13-1.532	66.667	12	4	0	1	12	1	12	0.094	18.0
H1-13-1.748	H1-13-*.495	66.667	12	4	0	1	12	1	12	0.094	18.0
H1-13-1.748	H1-13-1.464	46.154	13	7	0	1	13	1	13	0.094	18.0
H1-13-1.748	H1-13-1.188	54.545	11	5	0	3	13	3	13	0.094	18.0
H1-13-1.748	H1-13-*.462	61.538	13	5	0	1	13	1	13	0.095	18.0
H1-13-1.748	H1-13-1.242	58.333	12	5	0	2	13	2	13	0.095	18.0
H1-13-1.748	H1-13-1.32	50.000	12	6	0	2	13	2	13	0.098	18.0
H1-13-1.748	H1-13-1.86	50.000	12	6	0	2	13	2	13	0.099	18.0
H1-13-1.748	H1-13-1.423	63.636	11	4	0	2	12	2	12	0.10	18.0
H1-13-1.748	H1-13-1.196	66.667	12	4	0	2	13	2	13	0.10	17.6
H1-13-1.748	H1-13-1.153	58.333	12	5	0	1	12	1	12	0.10	17.6
H1-13-1.748	H1-13-1.60	58.333	12	5	0	1	12	1	12	0.10	17.6
H1-13-1.748	H1-13-1.17	53.846	13	6	0	1	13	1	13	0.10	17.6
H1-13-1.748	H1-13-1.112	66.667	12	4	0	1	12	1	12	0.11	17.6
H1-13-1.748	H1-13-1.48	50.000	12	6	0	2	13	2	13	0.11	17.6
H1-13-1.748	H1-13-1.524	58.333	12	5	0	2	13	2	13	0.11	17.6
H1-13-1.748	H1-13-1.591	53.846	13	6	0	1	13	1	13	0.11	17.6
H1-13-1.748	H1-13-1.718	66.667	12	4	0	2	13	2	13	0.11	17.6
H1-13-1.748	H1-13-1.696	50.000	12	6	0	2	13	2	13	0.11	17.6
H1-13-1.748	H1-13-1.584	70.000	10	3	0	3	12	3	12	0.11	17.6
H1-13-1.748	H1-13-1.209	50.000	12	6	0	2	13	2	13	0.11	17.6
H1-13-1.748	H1-13-1.136	58.333	12	5	0	2	13	2	13	0.11	17.6
H1-13-1.748	H1-13-*.571	66.667	12	4	0	1	12	1	12	0.12	17.6
H1-13-1.748	H1-13-1.548	53.846	13	6	0	1	13	1	13	0.12	17.6
H1-13-1.748	H1-13-1.245	66.667	12	4	0	1	12	1	12	0.12	17.6
H1-13-1.748	H1-13-1.373	66.667	12	4	0	1	12	1	12	0.12	17.6
H1-13-1.748	H1-13-1.93	50.000	12	6	0	2	13	2	13	0.12	17.6
H1-13-1.748	H1-13-1.586	58.333	12	5	0	2	13	2	13	0.12	17.6
H1-13-1.748	H1-13-1.569	58.333	12	5	0	1	12	1	12	0.12	17.6
H1-13-1.748	H1-13-3.134	66.667	12	4	0	1	12	1	12	0.13	17.6
H1-13-1.748	H1-13-1.661	50.000	12	6	0	2	13	2	13	0.13	17.6
H1-13-1.748	H1-13-1.453	50.000	12	6	0	2	13	2	13	0.13	17.6
H1-13-1.748	H1-13-1.734	72.727	11	3	0	2	12	2	12	0.14	17.6
H1-13-1.748	H1-13-1.523	46.154	13	7	0	1	13	1	13	0.14	17.6
H1-13-1.748	H1-13-4.425	63.636	11	4	0	2	12	2	12	0.14	17.6
H1-13-1.748	H1-13-1.385	58.333	12	5	0	2	13	2	13	0.14	17.6
H1-13-1.748	H1-13-1.364	61.538	13	5	0	1	13	1	13	0.14	17.6
H1-13-1.748	H1-13-1.287	53.846	13	6	0	1	13	1	13	0.14	17.6
H1-13-1.748	H1-13-1.141	50.000	12	6	0	2	13	2	13	0.15	17.2
H1-13-1.748	H1-13-3.684	66.667	12	4	0	2	13	2	13	0.15	17.2
H1-13-1.748	H1-13-1.702	66.667	12	4	0	1	12	1	12	0.16	17.2
H1-13-1.748	H1-13-1.516	58.333	12	5	0	2	13	2	13	0.16	17.2
H1-13-1.748	H1-13-1.128	72.727	11	3	0	2	12	2	12	0.17	17.2
H1-13-1.748	H1-13-1.121	54.545	11	5	0	2	12	2	12	0.17	17.2
H1-13-1.748	H1-13-1.517	58.333	12	5	0	2	13	2	13	0.17	17.2
H1-13-1.748	H1-13-1.659	50.000	12	6	0	2	13	2	13	0.18	17.2
H1-13-1.748	H1-13-1.681	53.846	13	6	0	1	13	1	13	0.19	17.2
H1-13-1.748	H1-13-1.296	53.846	13	6	0	1	13	1	13	0.20	17.2
H1-13-1.748	H1-13-1.388	50.000	12	6	0	2	13	2	13	0.20	17.2
H1-13-1.748	H1-13-1.675	63.636	11	4	0	2	12	2	12	0.20	17.2
H1-13-1.748	H1-13-1.644	58.333	12	5	0	1	12	1	12	0.20	17.2
H1-13-1.748	H1-13-*.75	58.333	12	5	0	1	12	1	12	0.21	17.2
H1-13-1.748	H1-13-1.283	46.154	13	7	0	1	13	1	13	0.22	16.8
H1-13-1.748	H1-13-*.123	58.333	12	5	0	2	13	2	13	0.24	16.8
H1-13-1.748	H1-13-1.120	50.000	12	6	0	2	13	2	13	0.24	16.8
H1-13-1.748	H1-13-*.568	53.846	13	6	0	1	13	1	13	0.25	16.8
H1-13-1.748	H1-13-*.49	66.667	12	4	0	1	12	1	12	0.26	16.8
H1-13-1.748	H1-13-1.358	58.333	12	5	0	1	12	1	12	0.26	16.8
H1-13-1.748	H1-13-3.300	63.636	11	4	0	2	12	2	12	0.28	16.8
H1-13-1.748	H1-13-1.292	58.333	12	5	0	2	13	2	13	0.28	16.8
H1-13-1.748	H1-13-1.214	58.333	12	5	0	1	12	1	12	0.29	16.8
H1-13-1.748	H1-13-1.82	50.000	12	6	0	2	13	2	13	0.29	16.8
H1-13-1.748	H1-13-1.371	54.545	11	5	0	2	12	2	12	0.30	16.8
H1-13-1.748	H1-13-*.126	66.667	12	4	0	1	12	1	12	0.30	16.8
H1-13-1.748	H1-13-1.254	66.667	12	4	0	2	13	2	13	0.31	16.3
H1-13-1.748	H1-13-1.626	53.846	13	6	0	1	13	1	13	0.31	16.3
H1-13-1.748	H1-13-1.213	53.846	13	6	0	1	13	1	13	0.31	16.3
H1-13-1.748	H1-13-1.477	54.545	11	5	0	2	12	2	12	0.32	16.3
H1-13-1.748	H1-13-1.341	46.154	13	7	0	1	13	1	13	0.32	16.3
H1-13-1.748	H1-13-*.616	58.333	12	5	0	1	12	1	12	0.32	16.3
H1-13-1.748	H1-13-1.468	46.154	13	7	0	1	13	1	13	0.32	16.3
H1-13-1.748	H1-13-1.744	54.545	11	5	0	2	12	2	12	0.33	16.3
H1-13-1.748	H1-13-1.513	53.846	13	6	0	1	13	1	13	0.33	16.3
H1-13-1.748	H1-13-1.509	54.545	11	5	0	2	12	2	12	0.35	16.3
H1-13-1.748	H1-13-1.392	66.667	12	4	0	1	12	1	12	0.36	16.3
H1-13-1.748	H1-13-1.547	53.846	13	6	0	1	13	1	13	0.37	16.3
H1-13-1.748	H1-13-1.176	58.333	12	5	0	2	13	2	13	0.38	16.3
H1-13-1.748	H1-13-1.614	50.000	12	6	0	2	13	2	13	0.38	16.3
H1-13-1.748	H1-13-1.600	50.000	12	6	0	2	13	2	13	0.38	16.3
H1-13-1.748	H1-13-1.15	46.154	13	7	0	1	13	1	13	0.39	16.3
H1-13-1.748	H1-13-1.22	53.846	13	6	0	1	13	1	13	0.40	16.3
H1-13-1.748	H1-13-1.456	54.545	11	5	0	2	12	2	12	0.40	16.3
H1-13-1.748	H1-13-1.81	53.846	13	6	0	1	13	1	13	0.40	16.3
H1-13-1.748	H1-13-1.133	46.154	13	7	0	1	13	1	13	0.41	16.3
H1-13-1.748	H1-13-*.444	50.000	12	6	0	1	12	1	12	0.42	16.3
H1-13-1.748	H1-13-3.570	58.333	12	5	0	1	12	1	12	0.43	16.3
H1-13-1.748	H1-13-1.449	50.000	12	6	0	2	13	2	13	0.43	16.3
H1-13-1.748	H1-13-3.273	50.000	12	6	0	2	13	2	13	0.43	16.3
H1-13-1.748	H1-13-2.642	50.000	12	6	0	1	12	1	12	0.43	16.3
H1-13-1.748	H1-13-1.721	50.000	12	6	0	1	12	1	12	0.44	15.9
H1-13-1.748	H1-13-1.8	46.154	13	7	0	1	13	1	13	0.44	15.9
H1-13-1.748	H1-13-1.417	54.545	11	5	0	2	12	2	12	0.45	15.9
H1-13-1.748	H1-13-1.620	63.636	11	4	0	2	12	2	12	0.46	15.9
H1-13-1.748	H1-13-*.578	54.545	11	5	0	2	12	2	12	0.50	15.9
H1-13-1.748	H1-13-1.264	54.545	11	5	0	2	12	2	12	0.51	15.9
H1-13-1.748	H1-13-1.389	41.667	12	7	0	2	13	2	13	0.51	15.9
H1-13-1.748	H1-13-1.111	53.846	13	6	0	1	13	1	13	0.52	15.9
H1-13-1.748	H1-13-1.77	50.000	12	6	0	2	13	2	13	0.52	15.9
H1-13-1.748	H1-13-1.689	58.333	12	5	0	1	12	1	12	0.53	15.9
H1-13-1.748	H1-13-1.332	58.333	12	5	0	1	12	1	12	0.53	15.9
H1-13-1.748	H1-13-1.310	53.846	13	6	0	1	13	1	13	0.53	15.9
H1-13-1.748	H1-13-1.140	41.667	12	7	0	2	13	2	13	0.55	15.9
H1-13-1.748	H1-13-3.418	63.636	11	4	0	2	12	2	12	0.58	15.9
H1-13-1.748	H1-13-1.1	50.000	12	6	0	2	13	2	13	0.58	15.9
H1-13-1.748	H1-13-3.699	50.000	12	6	0	1	12	1	12	0.59	15.9
H1-13-1.748	H1-13-1.655	63.636	11	4	0	2	12	2	12	0.59	15.9
H1-13-1.748	H1-13-*.540	63.636	11	4	0	2	12	2	12	0.59	15.9
H1-13-1.748	H1-13-*.455	58.333	12	5	0	1	12	1	12	0.59	15.9
H1-13-1.748	H1-13-3.580	50.000	12	6	0	2	13	2	13	0.61	15.9
H1-13-1.748	H1-13-1.294	46.154	13	7	0	1	13	1	13	0.61	15.9
H1-13-1.748	H1-13-*.299	58.333	12	5	0	1	12	1	12	0.61	15.9
H1-13-1.748	H1-13-4.330	53.846	13	6	0	1	13	1	13	0.62	15.9
H1-13-1.748	H1-13-1.181	50.000	12	6	0	2	13	2	13	0.63	15.5
H1-13-1.748	H1-13-1.426	54.545	11	5	0	2	12	2	12	0.63	15.5
H1-13-1.748	H1-13-*.189	63.636	11	4	0	2	12	2	12	0.64	15.5
H1-13-1.748	H1-13-1.492	58.333	12	5	0	2	13	2	13	0.66	15.5
H1-13-1.748	H1-13-1.210	50.000	12	6	0	2	13	2	13	0.67	15.5
H1-13-1.748	H1-13-1.236	54.545	11	5	0	2	12	2	12	0.69	15.5
H1-13-1.748	H1-13-1.92	50.000	12	6	0	2	13	2	13	0.69	15.5
H1-13-1.748	H1-13-1.737	54.545	11	5	0	2	12	2	12	0.70	15.5
H1-13-1.748	H1-13-1.34	66.667	9	3	0	2	10	2	10	0.74	15.5
H1-13-1.748	H1-13-*.199	50.000	12	6	0	2	13	2	13	0.76	15.5
H1-13-1.748	H1-13-1.4	53.846	13	6	0	1	13	1	13	0.77	15.5
H1-13-1.748	H1-13-5.416	72.727	11	3	0	2	12	2	12	0.79	15.5
H1-13-1.748	H1-13-4.365	81.818	11	1	1	1	10	1	11	0.79	15.5
H1-13-1.748	H1-13-1.45	41.667	12	7	0	2	13	2	13	0.81	15.5
H1-13-1.748	H1-13-1.26	53.846	13	6	0	1	13	1	13	0.81	15.5
H1-13-1.748	H1-13-1.613	87.500	8	1	0	1	8	1	8	0.85	15.5
H1-13-1.748	H1-13-1.354	53.846	13	6	0	1	13	1	13	0.85	15.5
H1-13-1.748	H1-13-1.521	45.455	11	6	0	2	12	2	12	0.90	15.1
H1-13-1.748	H1-13-*.306	50.000	12	6	0	2	13	2	13	0.92	15.1
H1-13-1.748	H1-13-*.587	58.333	12	5	0	1	12	1	12	0.93	15.1
H1-13-1.748	H1-13-1.370	45.455	11	6	0	2	12	2	12	0.93	15.1
H1-13-1.748	H1-13-*.688	58.333	12	5	0	1	12	1	12	0.96	15.1
H1-13-1.748	H1-13-1.295	50.000	12	6	0	2	13	2	13	0.97	15.1
H1-13-1.748	H1-13-1.397	50.000	12	6	0	2	13	2	13	0.98	15.1
H1-13-1.748	H1-13-1.333	58.333	12	5	0	2	13	2	13	0.98	15.1
H1-13-1.748	H1-13-*.731	50.000	12	6	0	1	12	1	12	1.0	15.1
H1-13-1.748	H1-13-1.441	58.333	12	5	0	2	13	2	13	1.1	15.1
H1-13-1.748	H1-13-1.253	41.667	12	7	0	2	13	2	13	1.1	15.1
H1-13-1.748	H1-13-1.460	50.000	12	6	0	2	13	2	13	1.1	15.1
H1-13-1.748	H1-13-1.73	46.154	13	7	0	1	13	1	13	1.2	15.1
H1-13-1.748	H1-13-3.85	41.667	12	7	0	2	13	2	13	1.2	15.1
H1-13-1.748	H1-13-2.716	63.636	11	4	0	2	12	2	12	1.3	15.1
H1-13-1.748	H1-13-1.618	53.846	13	6	0	1	13	1	13	1.3	15.1
H1-13-1.748	H1-13-1.597	50.000	12	6	0	1	12	1	12	1.3	15.1
H1-13-1.748	H1-13-1.593	63.636	11	4	0	2	12	2	12	1.3	15.1
H1-13-1.748	H1-13-1.414	54.545	11	5	0	2	12	2	12	1.3	15.1
H1-13-1.748	H1-13-3.175	63.636	11	4	0	2	12	2	12	1.3	15.1
H1-13-1.748	H1-13-1.487	46.154	13	7	0	1	13	1	13	1.3	14.6
H1-13-1.748	H1-13-1.312	75.000	8	2	0	2	9	2	9	1.3	14.6
H1-13-1.748	H1-13-3.363	50.000	12	6	0	2	13	2	13	1.4	14.6
H1-13-1.748	H1-13-1.66	41.667	12	7	0	2	13	2	13	1.4	14.6
H1-13-1.748	H1-13-1.382	50.000	12	6	0	1	12	1	12	1.4	14.6
H1-13-1.748	H1-13-1.170	45.455	11	6	0	2	12	2	12	1.5	14.6
H1-13-1.748	H1-13-1.307	75.000	8	2	0	1	8	1	8	1.5	14.6
H1-13-1.748	H1-13-1.691	58.333	12	5	0	2	13	2	13	1.6	14.6
H1-13-1.748	H1-13-3.585	41.667	12	7	0	2	13	2	13	1.6	14.6
H1-13-1.748	H1-13-*.116	58.333	12	5	0	2	13	2	13	1.6	14.6
H1-13-1.748	H1-13-6.255	75.000	8	2	0	2	9	2	9	1.7	14.6
H1-13-1.748	H1-13-*.508	58.333	12	5	0	1	12	1	12	1.9	14.2
H1-13-1.748	H1-13-5.90	75.000	8	2	0	1	8	1	8	1.9	14.2
H1-13-1.748	H1-13-3.277	50.000	12	6	0	1	12	1	12	2.0	14.2
H1-13-1.748	H1-13-2.18	38.462	13	8	0	1	13	1	13	2.0	14.2
H1-13-1.748	H1-13-4.738	45.455	11	6	0	2	12	2	12	2.0	14.2
H1-13-1.748	H1-13-*.525	45.455	11	6	0	3	13	3	13	2.0	14.2
H1-13-1.748	H1-13-*.410	50.000	12	6	0	1	12	1	12	2.0	14.2
H1-13-1.748	H1-13-5.360	75.000	8	2	0	1	8	1	8	2.0	14.2
H1-13-1.748	H1-13-*.258	41.667	12	7	0	2	13	2	13	2.1	14.2
H1-13-1.748	H1-13-1.203	85.714	7	1	0	1	7	1	7	2.1	14.2
H1-13-1.748	H1-13-1.103	50.000	12	6	0	1	12	1	12	2.2	14.2
H1-13-1.748	H1-13-1.230	45.455	11	6	0	2	12	2	12	2.3	14.2
H1-13-1.748	H1-13-1.530	58.333	12	5	0	1	12	1	12	2.3	14.2
H1-13-1.748	H1-13-1.407	58.333	12	5	0	1	12	1	12	2.3	14.2
H1-13-1.748	H1-13-1.194	38.462	13	8	0	1	13	1	13	2.7	13.8
H1-13-1.748	H1-13-1.19	75.000	8	2	0	2	9	2	9	2.7	13.8
H1-13-1.748	H1-13-1.33	41.667	12	7	0	2	13	2	13	2.8	13.8
H1-13-1.748	H1-13-1.65	46.154	13	7	0	1	13	1	13	2.8	13.8
H1-13-1.748	H1-13-1.317	41.667	12	7	0	2	13	2	13	3.0	13.8
H1-13-1.748	H1-13-*.531	50.000	12	6	0	1	12	1	12	3.1	13.8
H1-13-1.748	H1-13-1.741	41.667	12	7	0	2	13	2	13	3.2	13.8
H1-13-1.748	H1-13-1.592	63.636	11	4	0	2	12	2	12	3.3	13.8
H1-13-1.748	H1-13-1.91	46.154	13	7	0	1	13	1	13	3.4	13.8
H1-13-1.748	H1-13-1.115	46.154	13	7	0	1	13	1	13	3.8	13.8
H1-13-1.748	H1-13-1.666	41.667	12	7	0	1	12	1	12	3.8	13.8
H1-13-1.748	H1-13-1.311	66.667	9	3	0	2	10	2	10	4.0	13.4
H1-13-1.748	H1-13-1.297	46.154	13	7	0	1	13	1	13	4.2	13.4
H1-13-1.748	H1-13-1.497	58.333	12	5	0	2	13	2	13	4.2	13.4
H1-13-1.748	H1-13-1.634	85.714	7	1	0	2	8	2	8	4.3	13.4
H1-13-1.748	H1-13-1.740	71.429	7	2	0	2	8	2	8	4.5	13.4
H1-13-1.748	H1-13-1.621	58.333	12	5	0	2	13	2	13	4.5	13.4
H1-13-1.748	H1-13-5.645	50.000	12	6	0	1	12	1	12	4.9	13.4
H1-13-1.748	H1-13-3.701	50.000	12	6	0	1	12	1	12	5.2	13.4
H1-13-1.748	H1-13-1.686	50.000	12	6	0	2	13	2	13	5.5	13.4
H1-13-1.748	H1-13-1.502	83.333	6	1	0	2	7	2	7	5.6	13.4
H1-13-1.748	H1-13-1.323	71.429	7	2	0	2	8	2	8	5.8	13.4
H1-13-1.748	H1-13-1.215	50.000	12	6	0	2	13	2	13	6.0	12.9
H1-13-1.748	H1-13-1.376	50.000	12	6	0	1	12	1	12	7.2	12.9
H1-13-1.748	H1-13-1.628	33.333	12	8	0	2	13	2	13	7.3	12.9
H1-13-1.748	H1-13-1.334	71.429	7	2	0	2	8	2	8	7.3	12.9
H1-13-1.748	H1-13-1.187	50.000	12	6	0	1	12	1	12	7.6	12.9
H1-13-1.748	H1-13-1.27	38.462	13	8	0	1	13	1	13	7.9	12.9
H1-13-1.748	H1-13-1.314	36.364	11	7	0	2	12	2	12	8.2	12.9
H1-13-1.748	H1-13-1.171	38.462	13	8	0	1	13	1	13	8.2	12.9
H1-13-1.748	H1-13-*.234	45.455	11	6	0	2	12	2	12	8.5	12.9
H1-13-1.748	H1-13-*.482	50.000	12	6	0	1	12	1	12	9.2	12.5
H1-13-1.748	H1-13-*.446	71.429	7	2	0	1	7	1	7	9.4	12.5
H1-13-1.748	H1-13-*.545	60.000	10	4	0	3	12	3	12	9.5	12.5
H1-13-1.748	H1-13-1.698	41.667	12	7	0	2	13	2	13	9.9	12.5
H1-13-1.748	H1-13-*.223	41.667	12	7	0	2	13	2	13	9.9	12.5
H1-13-1.748	H1-13-*.338	54.545	11	5	0	2	12	2	12	10	12.5
H1-13-1.748	H1-13-1.404	54.545	11	5	0	2	12	2	12	11	12.5
H1-13-1.748	H1-13-*.445	85.714	7	1	0	2	8	2	8	12	12.5
H1-13-1.748	H1-13-*.604	54.545	11	5	0	2	12	2	12	12	12.5
H1-13-1.748	H1-13-1.387	38.462	13	8	0	1	13	1	13	12	12.5
H1-13-1.748	H1-13-*.704	50.000	12	6	0	1	12	1	12	13	12.1
H1-13-1.748	H1-13-1.615	38.462	13	8	0	1	13	1	13	13	12.1
H1-13-1.748	H1-13-*.488	62.500	8	3	0	1	8	1	8	13	12.1
H1-13-1.748	H1-13-1.687	54.545	11	5	0	2	12	2	12	14	12.1
H1-13-1.748	H1-13-1.132	38.462	13	8	0	1	13	1	13	14	12.1
H1-13-1.748	H1-13-1.470	38.462	13	8	0	1	13	1	13	16	12.1
H1-13-1.748	H1-13-1.480	50.000	12	6	0	2	13	2	13	16	12.1
H1-13-1.748	H1-13-1.750	36.364	11	7	0	2	12	2	12	17	12.1
H1-13-1.748	H1-13-3.745	45.455	11	6	0	2	12	2	12	17	12.1
H1-13-1.748	H1-13-1.252	46.154	13	7	0	1	13	1	13	18	12.1
H1-13-1.748	H1-13-1.202	70.000	10	3	0	2	11	2	11	18	12.1
H1-13-1.748	H1-13-1.730	50.000	12	6	0	1	12	1	12	20	11.7
H1-13-1.748	H1-13-1.53	55.556	9	4	0	2	10	2	10	21	11.7
H1-13-1.748	H1-13-1.528	55.556	9	4	0	2	10	2	10	23	11.7
H1-13-1.748	H1-13-1.728	38.462	13	8	0	1	13	1	13	23	11.7
H1-13-1.748	H1-13-1.339	66.667	6	2	0	2	7	2	7	26	11.7
H1-13-1.748	H1-13-1.244	54.545	11	4	1	1	10	1	11	35	11.2
H1-13-1.748	H1-13-1.375	41.667	12	7	0	1	12	1	12	37	11.2
H1-13-1.748	H1-13-5.733	50.000	12	6	0	1	12	1	12	43	10.8
H1-13-1.748	H1-13-1.668	40.000	10	6	0	2	11	2	11	47	10.8
H1-13-1.748	H1-13-1.637	45.455	11	6	0	2	12	2	12	61	10.4
H1-13-1.748	H1-13-1.496	44.444	9	5	0	2	10	2	10	97	10.0
H1-13-1.748	H1-13-*.154	100.000	4	0	0	8	11	5	8	104	10.0
