H1-15-1.818	H1-15-1.797	80.000	15	3	0	1	15	1	15	2.91e-05	24.4
H1-15-1.818	H1-15-1.810	78.571	14	3	0	1	14	1	14	1.36e-04	22.7
H1-15-1.818	H1-15-1.819	71.429	14	4	0	2	15	2	15	3.60e-04	21.4
H1-15-1.818	H1-15-1.809	42.857	14	8	0	1	14	1	14	0.070	15.1
H1-15-1.818	H1-15-*.820	46.667	15	8	0	1	15	1	15	0.35	13.4
H1-15-1.818	H1-15-1.794	40.000	15	9	0	1	15	1	15	0.89	12.5
H1-15-1.818	H1-15-1.817	53.846	13	4	1	1	11	1	13	2.0	11.2
H1-15-1.818	H1-15-1.802	62.500	8	3	0	1	8	8	15	11	 9.5
H1-15-1.818	H1-15-1.788	66.667	6	2	0	2	7	9	14	28	 8.3
H1-15-1.818	H1-15-1.799	57.143	7	3	0	1	7	8	14	29	 8.3
H1-15-1.818	H1-15-1.804	57.143	7	3	0	2	8	9	15	33	 8.3
H1-15-1.818	H1-15-1.803	50.000	8	4	0	1	8	8	15	35	 7.9
