H2-10-*.1467	H2-10-1.873	90.000	10	1	0	1	10	1	10	0.003	20.6
H2-10-*.1467	H2-10-1.1160	77.778	9	2	0	1	9	1	9	0.21	15.9
H2-10-*.1467	H2-10-1.850	60.000	10	4	0	1	10	1	10	0.23	15.9
H2-10-*.1467	H2-10-1.1092	50.000	10	5	0	1	10	1	10	2.2	13.4
H2-10-*.1467	H2-10-1.885	66.667	9	3	0	1	9	1	9	2.3	13.4
H2-10-*.1467	H2-10-1.842	62.500	8	3	0	1	8	1	8	3.0	12.9
H2-10-*.1467	H2-10-1.1331	50.000	10	5	0	1	10	1	10	4.1	12.5
H2-10-*.1467	H2-10-1.928	55.556	9	4	0	1	9	1	9	5.0	12.5
H2-10-*.1467	H2-10-1.883	55.556	9	4	0	1	9	1	9	5.8	12.1
H2-10-*.1467	H2-10-1.1266	71.429	7	2	0	1	7	1	7	6.9	12.1
H2-10-*.1467	H2-10-1.889	66.667	6	2	0	4	9	4	9	13	11.2
H2-10-*.1467	H2-10-1.1344	50.000	8	4	0	3	10	3	10	14	11.2
H2-10-*.1467	H2-10-1.1109	71.429	7	2	0	3	9	3	9	14	11.2
H2-10-*.1467	H2-10-6.1094	66.667	6	2	0	4	9	4	9	23	10.8
H2-10-*.1467	H2-10-1.1059	80.000	5	1	0	4	8	4	8	25	10.8
H2-10-*.1467	H2-10-1.971	100.000	4	0	0	4	7	4	7	32	10.4
H2-10-*.1467	H2-10-1.1032	100.000	4	0	0	4	7	4	7	33	10.4
H2-10-*.1467	H2-10-1.846	100.000	4	0	0	4	7	4	7	36	10.4
H2-10-*.1467	H2-10-1.1341	80.000	5	1	0	3	7	3	7	39	10.4
H2-10-*.1467	H2-10-1.843	80.000	5	1	0	3	7	3	7	40	10.4
H2-10-*.1467	H2-10-1.1274	83.333	6	1	0	2	7	5	10	48	10.0
H2-10-*.1467	H2-10-1.975	50.000	8	4	0	3	10	3	10	67	 9.5
H2-10-*.1467	H2-10-1.1033	80.000	5	1	0	3	7	3	7	73	 9.5
H2-10-*.1467	H2-10-1.881	80.000	5	1	0	3	7	3	7	77	 9.5
H2-10-*.1467	H2-10-1.1443	80.000	5	1	0	3	7	3	7	81	 9.5
H2-10-*.1467	H2-10-3.910	80.000	5	1	0	3	7	3	7	84	 9.5
H2-10-*.1467	H2-10-1.1323	80.000	5	1	0	3	7	3	7	97	 9.1
H2-10-*.1467	H2-10-1.1136	80.000	5	1	0	3	7	3	7	98	 9.1
H2-10-*.1467	H2-10-1.1364	80.000	5	1	0	3	7	3	7	111	 9.1
H2-10-*.1467	H2-10-1.852	80.000	5	1	0	3	7	3	7	111	 9.1
H2-10-*.1467	H2-10-1.897	80.000	5	1	0	3	7	3	7	380	 7.9
H2-10-*.1467	H2-10-1.1234	80.000	5	1	0	3	7	3	7	501	 7.4
