H1-14-*.775	H1-14-1.776	85.714	14	2	0	1	14	1	14	1.60e-06	26.9
H1-14-*.775	H1-14-1.780	78.571	14	3	0	1	14	1	14	2.70e-06	26.1
H1-14-*.775	H1-14-1.759	71.429	14	4	0	1	14	1	14	6.34e-06	25.2
H1-14-*.775	H1-14-1.770	64.286	14	5	0	1	14	1	14	4.33e-05	23.1
H1-14-*.775	H1-14-*.782	64.286	14	5	0	1	14	1	14	5.35e-05	22.7
H1-14-*.775	H1-14-1.771	64.286	14	5	0	1	14	1	14	6.24e-05	22.7
H1-14-*.775	H1-14-1.761	57.143	14	6	0	1	14	1	14	9.51e-05	22.3
H1-14-*.775	H1-14-1.760	64.286	14	5	0	1	14	1	14	1.24e-04	21.8
H1-14-*.775	H1-14-*.758	76.923	13	3	0	1	13	1	13	1.61e-04	21.8
H1-14-*.775	H1-14-*.755	50.000	14	7	0	1	14	1	14	2.08e-04	21.4
H1-14-*.775	H1-14-1.762	61.538	13	5	0	1	13	1	13	2.23e-04	21.4
H1-14-*.775	H1-14-1.757	61.538	13	5	0	1	13	1	13	3.51e-04	20.6
H1-14-*.775	H1-14-1.781	57.143	14	6	0	1	14	1	14	3.68e-04	20.6
H1-14-*.775	H1-14-1.772	69.231	13	4	0	1	13	1	13	5.99e-04	20.2
H1-14-*.775	H1-14-*.777	61.538	13	5	0	1	13	1	13	0.016	16.3
H1-14-*.775	H1-14-*.769	80.000	10	2	0	1	10	1	10	716	 3.6
