H1-13-1.741	H1-13-1.524	84.615	13	2	0	1	13	1	13	7.22e-05	26.1
H1-13-1.741	H1-13-1.68	76.923	13	3	0	1	13	1	13	1.53e-04	25.2
H1-13-1.741	H1-13-1.159	76.923	13	3	0	1	13	1	13	3.35e-04	24.4
H1-13-1.741	H1-13-1.573	69.231	13	4	0	1	13	1	13	4.14e-04	24.0
H1-13-1.741	H1-13-1.48	69.231	13	4	0	1	13	1	13	0.001	23.1
H1-13-1.741	H1-13-1.86	69.231	13	4	0	1	13	1	13	0.001	23.1
H1-13-1.741	H1-13-1.411	61.538	13	5	0	1	13	1	13	0.001	23.1
H1-13-1.741	H1-13-1.293	61.538	13	5	0	1	13	1	13	0.001	23.1
H1-13-1.741	H1-13-1.162	69.231	13	4	0	1	13	1	13	0.001	23.1
H1-13-1.741	H1-13-1.110	69.231	13	4	0	1	13	1	13	0.001	22.7
H1-13-1.741	H1-13-1.692	61.538	13	5	0	1	13	1	13	0.001	22.7
H1-13-1.741	H1-13-1.209	69.231	13	4	0	1	13	1	13	0.001	22.7
H1-13-1.741	H1-13-1.746	61.538	13	5	0	1	13	1	13	0.001	22.7
H1-13-1.741	H1-13-1.157	69.231	13	4	0	1	13	1	13	0.002	22.7
H1-13-1.741	H1-13-1.498	69.231	13	4	0	1	13	1	13	0.002	22.7
H1-13-1.741	H1-13-1.398	69.231	13	4	0	1	13	1	13	0.002	22.3
H1-13-1.741	H1-13-1.155	69.231	13	4	0	1	13	1	13	0.002	22.3
H1-13-1.741	H1-13-1.180	61.538	13	5	0	1	13	1	13	0.002	22.3
H1-13-1.741	H1-13-1.218	61.538	13	5	0	1	13	1	13	0.002	21.8
H1-13-1.741	H1-13-1.78	69.231	13	4	0	1	13	1	13	0.002	21.8
H1-13-1.741	H1-13-1.572	61.538	13	5	0	1	13	1	13	0.003	21.8
H1-13-1.741	H1-13-1.87	69.231	13	4	0	1	13	1	13	0.003	21.8
H1-13-1.741	H1-13-1.102	61.538	13	5	0	1	13	1	13	0.003	21.8
H1-13-1.741	H1-13-1.450	66.667	12	4	0	1	12	1	12	0.003	21.8
H1-13-1.741	H1-13-2.72	61.538	13	5	0	1	13	1	13	0.003	21.8
H1-13-1.741	H1-13-1.158	69.231	13	4	0	1	13	1	13	0.004	21.4
H1-13-1.741	H1-13-1.270	66.667	12	4	0	1	12	1	12	0.004	21.4
H1-13-1.741	H1-13-1.121	66.667	12	4	0	1	12	1	12	0.004	21.4
H1-13-1.741	H1-13-1.371	61.538	13	5	0	1	13	1	13	0.005	21.4
H1-13-1.741	H1-13-1.69	53.846	13	6	0	1	13	1	13	0.005	21.0
H1-13-1.741	H1-13-1.473	61.538	13	5	0	1	13	1	13	0.006	21.0
H1-13-1.741	H1-13-1.649	66.667	12	4	0	1	12	1	12	0.006	21.0
H1-13-1.741	H1-13-1.464	66.667	12	4	0	2	13	2	13	0.006	21.0
H1-13-1.741	H1-13-1.275	61.538	13	5	0	1	13	1	13	0.006	21.0
H1-13-1.741	H1-13-1.231	53.846	13	6	0	1	13	1	13	0.006	21.0
H1-13-1.741	H1-13-1.118	53.846	13	6	0	1	13	1	13	0.007	21.0
H1-13-1.741	H1-13-3.85	61.538	13	5	0	1	13	1	13	0.007	21.0
H1-13-1.741	H1-13-1.192	61.538	13	5	0	1	13	1	13	0.007	21.0
H1-13-1.741	H1-13-1.339	66.667	12	4	0	1	12	1	12	0.007	21.0
H1-13-1.741	H1-13-1.384	53.846	13	6	0	1	13	1	13	0.007	20.6
H1-13-1.741	H1-13-1.172	53.846	13	6	0	1	13	1	13	0.007	20.6
H1-13-1.741	H1-13-1.696	53.846	13	6	0	1	13	1	13	0.008	20.6
H1-13-1.741	H1-13-1.88	53.846	13	6	0	1	13	1	13	0.008	20.6
H1-13-1.741	H1-13-1.280	53.846	13	6	0	1	13	1	13	0.008	20.6
H1-13-1.741	H1-13-1.170	66.667	12	4	0	1	12	1	12	0.009	20.6
H1-13-1.741	H1-13-1.389	69.231	13	4	0	1	13	1	13	0.009	20.6
H1-13-1.741	H1-13-1.727	53.846	13	6	0	1	13	1	13	0.010	20.6
H1-13-1.741	H1-13-1.614	61.538	13	5	0	1	13	1	13	0.010	20.6
H1-13-1.741	H1-13-1.722	61.538	13	5	0	1	13	1	13	0.010	20.6
H1-13-1.741	H1-13-1.320	66.667	12	4	0	1	12	1	12	0.011	20.2
H1-13-1.741	H1-13-1.583	53.846	13	6	0	1	13	1	13	0.011	20.2
H1-13-1.741	H1-13-1.314	61.538	13	5	0	1	13	1	13	0.012	20.2
H1-13-1.741	H1-13-1.222	66.667	12	4	0	1	12	1	12	0.012	20.2
H1-13-1.741	H1-13-1.600	61.538	13	5	0	1	13	1	13	0.013	20.2
H1-13-1.741	H1-13-1.248	53.846	13	6	0	1	13	1	13	0.014	20.2
H1-13-1.741	H1-13-1.340	61.538	13	5	0	1	13	1	13	0.014	20.2
H1-13-1.741	H1-13-1.321	53.846	13	6	0	1	13	1	13	0.014	20.2
H1-13-1.741	H1-13-1.329	53.846	13	6	0	1	13	1	13	0.014	20.2
H1-13-1.741	H1-13-1.370	61.538	13	5	0	1	13	1	13	0.015	20.2
H1-13-1.741	H1-13-1.742	53.846	13	6	0	1	13	1	13	0.015	20.2
H1-13-1.741	H1-13-1.385	66.667	12	4	0	1	12	1	12	0.015	20.2
H1-13-1.741	H1-13-7.693	53.846	13	6	0	1	13	1	13	0.016	19.7
H1-13-1.741	H1-13-1.599	63.636	11	4	0	2	12	2	12	0.017	19.7
H1-13-1.741	H1-13-1.13	46.154	13	7	0	1	13	1	13	0.017	19.7
H1-13-1.741	H1-13-1.489	58.333	12	5	0	2	13	2	13	0.017	19.7
H1-13-1.741	H1-13-1.575	61.538	13	5	0	1	13	1	13	0.017	19.7
H1-13-1.741	H1-13-1.395	53.846	13	6	0	1	13	1	13	0.019	19.7
H1-13-1.741	H1-13-1.323	66.667	12	4	0	1	12	1	12	0.019	19.7
H1-13-1.741	H1-13-1.109	58.333	12	5	0	2	13	2	13	0.019	19.7
H1-13-1.741	H1-13-1.84	53.846	13	6	0	1	13	1	13	0.019	19.7
H1-13-1.741	H1-13-1.266	58.333	12	5	0	2	13	2	13	0.020	19.7
H1-13-1.741	H1-13-7.694	58.333	12	5	0	1	12	1	12	0.021	19.7
H1-13-1.741	H1-13-1.521	66.667	12	4	0	1	12	1	12	0.021	19.7
H1-13-1.741	H1-13-1.430	53.846	13	6	0	1	13	1	13	0.022	19.7
H1-13-1.741	H1-13-1.141	75.000	12	3	0	1	12	1	12	0.022	19.7
H1-13-1.741	H1-13-3.273	66.667	12	4	0	1	12	1	12	0.022	19.7
H1-13-1.741	H1-13-1.168	80.000	10	2	0	1	10	1	10	0.022	19.7
H1-13-1.741	H1-13-1.120	75.000	12	3	0	1	12	1	12	0.022	19.7
H1-13-1.741	H1-13-*.199	66.667	12	4	0	1	12	1	12	0.023	19.3
H1-13-1.741	H1-13-1.461	66.667	12	4	0	1	12	1	12	0.023	19.3
H1-13-1.741	H1-13-1.316	58.333	12	5	0	1	12	1	12	0.024	19.3
H1-13-1.741	H1-13-1.238	53.846	13	6	0	1	13	1	13	0.024	19.3
H1-13-1.741	H1-13-1.113	53.846	13	6	0	1	13	1	13	0.024	19.3
H1-13-1.741	H1-13-1.449	53.846	13	6	0	1	13	1	13	0.025	19.3
H1-13-1.741	H1-13-1.536	58.333	12	5	0	1	12	1	12	0.028	19.3
H1-13-1.741	H1-13-1.520	53.846	13	6	0	1	13	1	13	0.028	19.3
H1-13-1.741	H1-13-1.420	53.846	13	6	0	1	13	1	13	0.028	19.3
H1-13-1.741	H1-13-1.313	58.333	12	5	0	1	12	1	12	0.028	19.3
H1-13-1.741	H1-13-1.186	53.846	13	6	0	1	13	1	13	0.028	19.3
H1-13-1.741	H1-13-1.516	66.667	12	4	0	1	12	1	12	0.031	19.3
H1-13-1.741	H1-13-1.312	61.538	13	5	0	1	13	1	13	0.031	19.3
H1-13-1.741	H1-13-1.660	53.846	13	6	0	1	13	1	13	0.032	19.3
H1-13-1.741	H1-13-1.386	53.846	13	6	0	1	13	1	13	0.033	18.9
H1-13-1.741	H1-13-1.743	53.846	13	6	0	1	13	1	13	0.034	18.9
H1-13-1.741	H1-13-1.356	58.333	12	5	0	1	12	1	12	0.036	18.9
H1-13-1.741	H1-13-1.265	53.846	13	6	0	1	13	1	13	0.036	18.9
H1-13-1.741	H1-13-1.635	58.333	12	5	0	1	12	1	12	0.039	18.9
H1-13-1.741	H1-13-1.650	53.846	13	6	0	1	13	1	13	0.040	18.9
H1-13-1.741	H1-13-1.188	66.667	12	4	0	1	12	1	12	0.041	18.9
H1-13-1.741	H1-13-1.31	58.333	12	5	0	1	12	1	12	0.043	18.9
H1-13-1.741	H1-13-1.388	46.154	13	7	0	1	13	1	13	0.044	18.9
H1-13-1.741	H1-13-1.372	80.000	10	2	0	1	10	1	10	0.046	18.9
H1-13-1.741	H1-13-1.406	58.333	12	5	0	1	12	1	12	0.047	18.9
H1-13-1.741	H1-13-1.41	58.333	12	5	0	1	12	1	12	0.049	18.5
H1-13-1.741	H1-13-1.526	66.667	12	4	0	1	12	1	12	0.050	18.5
H1-13-1.741	H1-13-1.399	53.846	13	6	0	1	13	1	13	0.051	18.5
H1-13-1.741	H1-13-1.220	66.667	12	4	0	1	12	1	12	0.051	18.5
H1-13-1.741	H1-13-1.669	53.846	13	6	0	1	13	1	13	0.052	18.5
H1-13-1.741	H1-13-1.661	61.538	13	5	0	1	13	1	13	0.053	18.5
H1-13-1.741	H1-13-1.732	58.333	12	5	0	1	12	1	12	0.054	18.5
H1-13-1.741	H1-13-1.332	63.636	11	4	0	2	12	2	12	0.055	18.5
H1-13-1.741	H1-13-1.77	58.333	12	5	0	1	12	1	12	0.055	18.5
H1-13-1.741	H1-13-1.715	58.333	12	5	0	1	12	1	12	0.059	18.5
H1-13-1.741	H1-13-1.636	54.545	11	5	0	2	12	2	12	0.061	18.5
H1-13-1.741	H1-13-1.509	66.667	12	4	0	1	12	1	12	0.061	18.5
H1-13-1.741	H1-13-1.453	61.538	13	5	0	1	13	1	13	0.064	18.5
H1-13-1.741	H1-13-1.236	66.667	12	4	0	1	12	1	12	0.067	18.5
H1-13-1.741	H1-13-1.130	53.846	13	6	0	1	13	1	13	0.070	18.0
H1-13-1.741	H1-13-1.325	61.538	13	5	0	1	13	1	13	0.071	18.0
H1-13-1.741	H1-13-1.108	80.000	10	2	0	1	10	1	10	0.076	18.0
H1-13-1.741	H1-13-1.747	61.538	13	5	0	1	13	1	13	0.077	18.0
H1-13-1.741	H1-13-1.664	50.000	12	6	0	2	13	2	13	0.077	18.0
H1-13-1.741	H1-13-*.337	53.846	13	6	0	1	13	1	13	0.077	18.0
H1-13-1.741	H1-13-1.101	58.333	12	5	0	1	12	1	12	0.077	18.0
H1-13-1.741	H1-13-1.318	53.846	13	6	0	1	13	1	13	0.079	18.0
H1-13-1.741	H1-13-*.289	54.545	11	5	0	2	12	2	12	0.081	18.0
H1-13-1.741	H1-13-1.744	66.667	12	4	0	1	12	1	12	0.083	18.0
H1-13-1.741	H1-13-1.427	70.000	10	3	0	1	10	1	10	0.083	18.0
H1-13-1.741	H1-13-1.176	58.333	12	5	0	1	12	1	12	0.087	18.0
H1-13-1.741	H1-13-1.34	53.846	13	6	0	1	13	1	13	0.087	18.0
H1-13-1.741	H1-13-1.119	46.154	13	7	0	1	13	1	13	0.092	18.0
H1-13-1.741	H1-13-1.156	63.636	11	4	0	2	12	2	12	0.093	18.0
H1-13-1.741	H1-13-1.739	50.000	12	6	0	2	13	2	13	0.096	18.0
H1-13-1.741	H1-13-1.22	50.000	12	6	0	2	13	2	13	0.099	18.0
H1-13-1.741	H1-13-1.538	58.333	12	5	0	1	12	1	12	0.10	17.6
H1-13-1.741	H1-13-1.278	53.846	13	6	0	1	13	1	13	0.10	17.6
H1-13-1.741	H1-13-1.235	50.000	12	6	0	1	12	1	12	0.10	17.6
H1-13-1.741	H1-13-1.630	54.545	11	5	0	2	12	2	12	0.10	17.6
H1-13-1.741	H1-13-1.298	54.545	11	5	0	2	12	2	12	0.10	17.6
H1-13-1.741	H1-13-1.590	61.538	13	5	0	1	13	1	13	0.10	17.6
H1-13-1.741	H1-13-1.100	50.000	12	6	0	1	12	1	12	0.11	17.6
H1-13-1.741	H1-13-1.706	63.636	11	4	0	2	12	2	12	0.11	17.6
H1-13-1.741	H1-13-1.324	61.538	13	5	0	1	13	1	13	0.11	17.6
H1-13-1.741	H1-13-1.142	54.545	11	5	0	2	12	2	12	0.11	17.6
H1-13-1.741	H1-13-1.106	70.000	10	3	0	1	10	1	10	0.11	17.6
H1-13-1.741	H1-13-1.290	70.000	10	3	0	1	10	1	10	0.11	17.6
H1-13-1.741	H1-13-1.29	70.000	10	3	0	1	10	1	10	0.12	17.6
H1-13-1.741	H1-13-1.612	70.000	10	3	0	1	10	1	10	0.12	17.6
H1-13-1.741	H1-13-1.460	58.333	12	5	0	1	12	1	12	0.13	17.6
H1-13-1.741	H1-13-*.54	70.000	10	3	0	1	10	1	10	0.14	17.6
H1-13-1.741	H1-13-1.397	61.538	13	5	0	1	13	1	13	0.14	17.6
H1-13-1.741	H1-13-1.288	70.000	10	3	0	1	10	1	10	0.14	17.6
H1-13-1.741	H1-13-1.500	70.000	10	3	0	1	10	1	10	0.16	17.2
H1-13-1.741	H1-13-1.632	54.545	11	5	0	2	12	2	12	0.18	17.2
H1-13-1.741	H1-13-1.740	53.846	13	6	0	1	13	1	13	0.20	17.2
H1-13-1.741	H1-13-1.466	50.000	12	6	0	2	13	2	13	0.21	16.8
H1-13-1.741	H1-13-1.111	41.667	12	7	0	2	13	2	13	0.22	16.8
H1-13-1.741	H1-13-1.17	50.000	12	6	0	2	13	2	13	0.24	16.8
H1-13-1.741	H1-13-1.173	50.000	12	6	0	2	13	2	13	0.25	16.8
H1-13-1.741	H1-13-1.1	58.333	12	5	0	1	12	1	12	0.25	16.8
H1-13-1.741	H1-13-1.81	50.000	12	6	0	2	13	2	13	0.26	16.8
H1-13-1.741	H1-13-1.317	77.778	9	2	0	1	9	1	9	0.27	16.8
H1-13-1.741	H1-13-1.527	70.000	10	3	0	1	10	1	10	0.28	16.8
H1-13-1.741	H1-13-1.241	41.667	12	7	0	2	13	2	13	0.28	16.8
H1-13-1.741	H1-13-1.643	54.545	11	5	0	2	12	2	12	0.29	16.8
H1-13-1.741	H1-13-1.513	63.636	11	4	0	2	12	2	12	0.29	16.8
H1-13-1.741	H1-13-1.358	54.545	11	5	0	2	12	2	12	0.29	16.8
H1-13-1.741	H1-13-1.161	70.000	10	3	0	1	10	1	10	0.31	16.3
H1-13-1.741	H1-13-1.720	70.000	10	3	0	1	10	1	10	0.31	16.3
H1-13-1.741	H1-13-1.206	70.000	10	3	0	1	10	1	10	0.31	16.3
H1-13-1.741	H1-13-1.502	58.333	12	5	0	1	12	1	12	0.32	16.3
H1-13-1.741	H1-13-1.594	46.154	13	7	0	1	13	1	13	0.32	16.3
H1-13-1.741	H1-13-1.112	54.545	11	5	0	2	12	2	12	0.32	16.3
H1-13-1.741	H1-13-1.475	54.545	11	5	0	2	12	2	12	0.32	16.3
H1-13-1.741	H1-13-4.738	87.500	8	1	0	1	8	1	8	0.33	16.3
H1-13-1.741	H1-13-1.619	41.667	12	7	0	2	13	2	13	0.33	16.3
H1-13-1.741	H1-13-1.73	50.000	12	6	0	2	13	2	13	0.36	16.3
H1-13-1.741	H1-13-1.253	61.538	13	5	0	1	13	1	13	0.38	16.3
H1-13-1.741	H1-13-1.97	45.455	11	6	0	2	12	2	12	0.38	16.3
H1-13-1.741	H1-13-1.292	50.000	12	6	0	1	12	1	12	0.39	16.3
H1-13-1.741	H1-13-1.187	54.545	11	5	0	2	12	2	12	0.41	16.3
H1-13-1.741	H1-13-1.555	46.154	13	7	0	1	13	1	13	0.42	16.3
H1-13-1.741	H1-13-1.140	60.000	10	4	0	1	10	1	10	0.42	16.3
H1-13-1.741	H1-13-1.66	53.846	13	6	0	1	13	1	13	0.42	16.3
H1-13-1.741	H1-13-1.19	53.846	13	6	0	1	13	1	13	0.43	16.3
H1-13-1.741	H1-13-1.561	46.154	13	7	0	1	13	1	13	0.44	15.9
H1-13-1.741	H1-13-1.269	60.000	10	4	0	3	12	3	12	0.51	15.9
H1-13-1.741	H1-13-1.396	54.545	11	5	0	2	12	2	12	0.54	15.9
H1-13-1.741	H1-13-4.330	54.545	11	5	0	2	12	2	12	0.62	15.5
H1-13-1.741	H1-13-1.153	45.455	11	6	0	2	12	2	12	0.64	15.5
H1-13-1.741	H1-13-1.334	53.846	13	6	0	1	13	1	13	0.66	15.5
H1-13-1.741	H1-13-1.249	66.667	9	3	0	1	9	1	9	0.67	15.5
H1-13-1.741	H1-13-1.201	70.000	10	3	0	1	10	1	10	0.70	15.5
H1-13-1.741	H1-13-1.624	54.545	11	5	0	2	12	2	12	0.71	15.5
H1-13-1.741	H1-13-1.562	60.000	10	4	0	1	10	1	10	0.73	15.5
H1-13-1.741	H1-13-*.647	58.333	12	5	0	1	12	1	12	0.74	15.5
H1-13-1.741	H1-13-1.511	41.667	12	7	0	2	13	2	13	0.74	15.5
H1-13-1.741	H1-13-6.255	85.714	7	1	0	1	7	1	7	0.74	15.5
H1-13-1.741	H1-13-1.61	54.545	11	5	0	2	12	2	12	0.75	15.5
H1-13-1.741	H1-13-*.413	50.000	12	6	0	1	12	1	12	0.76	15.5
H1-13-1.741	H1-13-1.750	60.000	10	4	0	1	10	1	10	0.77	15.5
H1-13-1.741	H1-13-1.242	75.000	8	2	0	1	8	1	8	0.80	15.5
H1-13-1.741	H1-13-1.124	54.545	11	5	0	2	12	2	12	0.80	15.5
H1-13-1.741	H1-13-4.67	66.667	9	3	0	2	10	2	10	0.80	15.5
H1-13-1.741	H1-13-3.684	85.714	7	1	0	1	7	1	7	0.81	15.5
H1-13-1.741	H1-13-1.543	45.455	11	6	0	2	12	2	12	0.84	15.5
H1-13-1.741	H1-13-1.345	66.667	9	3	0	2	10	2	10	0.86	15.5
H1-13-1.741	H1-13-1.50	66.667	9	3	0	2	10	2	10	0.88	15.5
H1-13-1.741	H1-13-1.217	45.455	11	6	0	2	12	2	12	0.89	15.1
H1-13-1.741	H1-13-1.625	54.545	11	5	0	2	12	2	12	0.90	15.1
H1-13-1.741	H1-13-1.202	58.333	12	5	0	1	12	1	12	0.91	15.1
H1-13-1.741	H1-13-1.676	41.667	12	7	0	2	13	2	13	0.93	15.1
H1-13-1.741	H1-13-1.185	45.455	11	6	0	2	12	2	12	0.93	15.1
H1-13-1.741	H1-13-1.517	41.667	12	7	0	2	13	2	13	0.94	15.1
H1-13-1.741	H1-13-1.362	41.667	12	7	0	2	13	2	13	0.97	15.1
H1-13-1.741	H1-13-1.559	60.000	10	4	0	1	10	1	10	1.00	15.1
H1-13-1.741	H1-13-1.350	41.667	12	7	0	2	13	2	13	1.0	15.1
H1-13-1.741	H1-13-1.569	54.545	11	5	0	2	12	2	12	1.0	15.1
H1-13-1.741	H1-13-1.515	50.000	10	5	0	1	10	1	10	1.0	15.1
H1-13-1.741	H1-13-1.534	41.667	12	7	0	2	13	2	13	1.1	15.1
H1-13-1.741	H1-13-1.341	41.667	12	7	0	2	13	2	13	1.1	15.1
H1-13-1.741	H1-13-1.734	45.455	11	6	0	2	12	2	12	1.2	15.1
H1-13-1.741	H1-13-1.633	45.455	11	6	0	2	12	2	12	1.2	15.1
H1-13-1.741	H1-13-1.533	45.455	11	6	0	2	12	2	12	1.2	15.1
H1-13-1.741	H1-13-1.205	45.455	11	6	0	2	12	2	12	1.2	15.1
H1-13-1.741	H1-13-1.6	54.545	11	5	0	2	12	2	12	1.2	15.1
H1-13-1.741	H1-13-1.584	66.667	9	3	0	2	10	2	10	1.2	15.1
H1-13-1.741	H1-13-1.283	54.545	11	5	0	2	12	2	12	1.3	15.1
H1-13-1.741	H1-13-1.581	45.455	11	6	0	2	12	2	12	1.3	14.6
H1-13-1.741	H1-13-1.563	41.667	12	7	0	2	13	2	13	1.3	14.6
H1-13-1.741	H1-13-1.421	55.556	9	4	0	2	10	2	10	1.3	14.6
H1-13-1.741	H1-13-1.193	45.455	11	6	0	2	12	2	12	1.3	14.6
H1-13-1.741	H1-13-1.454	45.455	11	6	0	2	12	2	12	1.4	14.6
H1-13-1.741	H1-13-2.716	66.667	12	4	0	1	12	1	12	1.4	14.6
H1-13-1.741	H1-13-1.653	60.000	10	4	0	1	10	1	10	1.4	14.6
H1-13-1.741	H1-13-1.378	41.667	12	7	0	2	13	2	13	1.6	14.6
H1-13-1.741	H1-13-1.514	45.455	11	6	0	2	12	2	12	1.7	14.6
H1-13-1.741	H1-13-1.674	55.556	9	4	0	2	10	2	10	1.7	14.6
H1-13-1.741	H1-13-3.175	58.333	12	5	0	1	12	1	12	1.8	14.2
H1-13-1.741	H1-13-1.551	45.455	11	6	0	2	12	2	12	1.9	14.2
H1-13-1.741	H1-13-1.377	45.455	11	6	0	2	12	2	12	1.9	14.2
H1-13-1.741	H1-13-1.271	55.556	9	4	0	2	10	2	10	2.0	14.2
H1-13-1.741	H1-13-1.285	55.556	9	4	0	2	10	2	10	2.0	14.2
H1-13-1.741	H1-13-1.281	50.000	12	6	0	2	13	2	13	2.0	14.2
H1-13-1.741	H1-13-1.114	45.455	11	6	0	2	12	2	12	2.1	14.2
H1-13-1.741	H1-13-1.246	55.556	9	4	0	2	10	2	10	2.1	14.2
H1-13-1.741	H1-13-1.145	55.556	9	4	0	2	10	2	10	2.2	14.2
H1-13-1.741	H1-13-1.579	41.667	12	7	0	2	13	2	13	2.4	14.2
H1-13-1.741	H1-13-1.166	55.556	9	4	0	2	10	2	10	2.6	13.8
H1-13-1.741	H1-13-1.309	55.556	9	4	0	2	10	2	10	2.8	13.8
H1-13-1.741	H1-13-1.264	45.455	11	6	0	2	12	2	12	2.8	13.8
H1-13-1.741	H1-13-1.15	36.364	11	7	0	3	13	3	13	2.8	13.8
H1-13-1.741	H1-13-1.631	55.556	9	4	0	2	10	2	10	2.9	13.8
H1-13-1.741	H1-13-1.16	45.455	11	6	0	2	12	2	12	3.1	13.8
H1-13-1.741	H1-13-1.651	54.545	11	5	0	2	12	2	12	3.1	13.8
H1-13-1.741	H1-13-1.748	41.667	12	7	0	2	13	2	13	3.1	13.8
H1-13-1.741	H1-13-1.8	36.364	11	7	0	3	13	3	13	3.1	13.8
H1-13-1.741	H1-13-1.666	40.000	10	6	0	3	12	3	12	3.2	13.8
H1-13-1.741	H1-13-1.602	55.556	9	4	0	2	10	2	10	3.3	13.8
H1-13-1.741	H1-13-1.724	55.556	9	4	0	1	9	1	9	3.3	13.8
H1-13-1.741	H1-13-1.510	55.556	9	4	0	2	10	2	10	3.5	13.8
H1-13-1.741	H1-13-*.123	53.846	13	6	0	1	13	1	13	3.6	13.8
H1-13-1.741	H1-13-1.447	55.556	9	4	0	2	10	2	10	3.6	13.8
H1-13-1.741	H1-13-1.64	71.429	7	2	0	1	7	1	7	3.7	13.8
H1-13-1.741	H1-13-*.144	55.556	9	4	0	2	10	2	10	3.8	13.8
H1-13-1.741	H1-13-1.655	58.333	12	5	0	1	12	1	12	3.9	13.4
H1-13-1.741	H1-13-1.629	45.455	11	6	0	2	12	2	12	3.9	13.4
H1-13-1.741	H1-13-1.690	50.000	12	6	0	1	12	1	12	4.0	13.4
H1-13-1.741	H1-13-1.477	55.556	9	4	0	2	10	2	10	4.2	13.4
H1-13-1.741	H1-13-1.179	55.556	9	4	0	2	10	2	10	4.3	13.4
H1-13-1.741	H1-13-1.717	55.556	9	4	0	2	10	2	10	4.3	13.4
H1-13-1.741	H1-13-4.211	54.545	11	5	0	2	12	2	12	4.3	13.4
H1-13-1.741	H1-13-1.390	55.556	9	4	0	2	10	2	10	4.4	13.4
H1-13-1.741	H1-13-*.540	58.333	12	5	0	1	12	1	12	4.4	13.4
H1-13-1.741	H1-13-1.535	55.556	9	4	0	2	10	2	10	4.4	13.4
H1-13-1.741	H1-13-1.89	55.556	9	4	0	2	10	2	10	4.4	13.4
H1-13-1.741	H1-13-*.189	58.333	12	5	0	1	12	1	12	4.7	13.4
H1-13-1.741	H1-13-1.322	55.556	9	4	0	2	10	2	10	4.9	13.4
H1-13-1.741	H1-13-1.638	55.556	9	4	0	2	10	2	10	5.0	13.4
H1-13-1.741	H1-13-1.348	62.500	8	3	0	3	10	3	10	5.1	13.4
H1-13-1.741	H1-13-1.307	83.333	6	1	0	2	7	2	7	5.1	13.4
H1-13-1.741	H1-13-3.418	58.333	12	5	0	1	12	1	12	5.1	13.4
H1-13-1.741	H1-13-1.553	55.556	9	4	0	2	10	2	10	5.2	13.4
H1-13-1.741	H1-13-1.301	55.556	9	4	0	2	10	2	10	5.2	13.4
H1-13-1.741	H1-13-1.237	62.500	8	3	0	3	10	3	10	5.2	13.4
H1-13-1.741	H1-13-1.574	55.556	9	4	0	2	10	2	10	5.5	13.4
H1-13-1.741	H1-13-5.360	83.333	6	1	0	2	7	2	7	5.5	13.4
H1-13-1.741	H1-13-1.641	55.556	9	4	0	2	10	2	10	5.6	13.4
H1-13-1.741	H1-13-4.425	36.364	11	7	0	2	12	2	12	5.6	13.4
H1-13-1.741	H1-13-1.752	55.556	9	4	0	2	10	2	10	5.7	13.4
H1-13-1.741	H1-13-1.354	45.455	11	6	0	2	12	2	12	5.7	13.4
H1-13-1.741	H1-13-1.198	44.444	9	5	0	2	10	2	10	6.4	12.9
H1-13-1.741	H1-13-1.644	45.455	11	6	0	2	12	2	12	6.5	12.9
H1-13-1.741	H1-13-3.267	41.667	12	7	0	2	13	2	13	6.5	12.9
H1-13-1.741	H1-13-4.550	75.000	8	2	0	3	10	3	10	6.5	12.9
H1-13-1.741	H1-13-1.216	33.333	12	8	0	2	13	2	13	6.7	12.9
H1-13-1.741	H1-13-1.284	41.667	12	7	0	1	12	1	12	6.9	12.9
H1-13-1.741	H1-13-1.167	36.364	11	7	0	2	12	2	12	6.9	12.9
H1-13-1.741	H1-13-1.353	41.667	12	7	0	2	13	2	13	7.1	12.9
H1-13-1.741	H1-13-*.605	55.556	9	4	0	2	10	2	10	7.2	12.9
H1-13-1.741	H1-13-1.311	60.000	10	4	0	1	10	1	10	7.2	12.9
H1-13-1.741	H1-13-1.439	55.556	9	4	0	2	10	2	10	7.4	12.9
H1-13-1.741	H1-13-2.232	85.714	7	1	0	1	7	1	7	8.3	12.9
H1-13-1.741	H1-13-1.308	55.556	9	4	0	2	10	2	10	8.5	12.5
H1-13-1.741	H1-13-*.234	50.000	12	6	0	1	12	1	12	8.7	12.5
H1-13-1.741	H1-13-3.745	50.000	12	6	0	1	12	1	12	8.8	12.5
H1-13-1.741	H1-13-1.541	55.556	9	4	0	2	10	2	10	9.1	12.5
H1-13-1.741	H1-13-1.272	55.556	9	4	0	2	10	2	10	9.1	12.5
H1-13-1.741	H1-13-1.99	55.556	9	4	0	2	10	2	10	9.2	12.5
H1-13-1.741	H1-13-1.714	71.429	7	2	0	1	7	1	7	9.3	12.5
H1-13-1.741	H1-13-1.55	55.556	9	4	0	2	10	2	10	9.5	12.5
H1-13-1.741	H1-13-1.451	55.556	9	4	0	2	10	2	10	9.9	12.5
H1-13-1.741	H1-13-1.305	44.444	9	5	0	2	10	2	10	9.9	12.5
H1-13-1.741	H1-13-1.2	36.364	11	7	0	3	13	3	13	10	12.5
H1-13-1.741	H1-13-*.552	55.556	9	4	0	2	10	2	10	11	12.5
H1-13-1.741	H1-13-1.279	55.556	9	4	0	2	10	2	10	11	12.5
H1-13-1.741	H1-13-1.125	55.556	9	4	0	2	10	2	10	11	12.5
H1-13-1.741	H1-13-*.662	60.000	10	4	0	1	10	1	10	11	12.5
H1-13-1.741	H1-13-1.229	55.556	9	4	0	2	10	2	10	11	12.5
H1-13-1.741	H1-13-1.419	55.556	9	4	0	2	10	2	10	11	12.5
H1-13-1.741	H1-13-1.291	44.444	9	5	0	2	10	2	10	11	12.5
H1-13-1.741	H1-13-1.703	55.556	9	4	0	2	10	2	10	12	12.5
H1-13-1.741	H1-13-*.393	66.667	6	2	0	2	7	2	7	12	12.5
H1-13-1.741	H1-13-1.204	55.556	9	4	0	2	10	2	10	12	12.5
H1-13-1.741	H1-13-*.462	66.667	6	2	0	2	7	2	7	12	12.5
H1-13-1.741	H1-13-1.46	44.444	9	5	0	2	10	2	10	12	12.5
H1-13-1.741	H1-13-1.459	55.556	9	4	0	2	10	2	10	12	12.5
H1-13-1.741	H1-13-3.529	45.455	11	6	0	2	12	2	12	12	12.5
H1-13-1.741	H1-13-1.373	66.667	6	2	0	2	7	2	7	12	12.5
H1-13-1.741	H1-13-1.598	66.667	6	2	0	2	7	2	7	13	12.1
H1-13-1.741	H1-13-1.458	66.667	6	2	0	2	7	2	7	13	12.1
H1-13-1.741	H1-13-4.365	45.455	11	6	0	2	12	2	12	13	12.1
H1-13-1.741	H1-13-1.11	44.444	9	5	0	2	10	2	10	13	12.1
H1-13-1.741	H1-13-*.525	66.667	9	3	0	2	10	2	10	13	12.1
H1-13-1.741	H1-13-1.257	55.556	9	4	0	2	10	2	10	13	12.1
H1-13-1.741	H1-13-1.174	66.667	6	2	0	2	7	2	7	13	12.1
H1-13-1.741	H1-13-1.567	66.667	6	2	0	2	7	2	7	14	12.1
H1-13-1.741	H1-13-1.408	66.667	6	2	0	2	7	2	7	14	12.1
H1-13-1.741	H1-13-1.128	66.667	6	2	0	2	7	2	7	14	12.1
H1-13-1.741	H1-13-1.58	66.667	6	2	0	2	7	2	7	14	12.1
H1-13-1.741	H1-13-1.60	66.667	6	2	0	2	7	2	7	14	12.1
H1-13-1.741	H1-13-1.702	66.667	6	2	0	2	7	2	7	14	12.1
H1-13-1.741	H1-13-3.699	45.455	11	6	0	3	13	3	13	15	12.1
H1-13-1.741	H1-13-1.689	66.667	6	2	0	2	7	2	7	15	12.1
H1-13-1.741	H1-13-1.251	66.667	6	2	0	2	7	2	7	15	12.1
H1-13-1.741	H1-13-*.557	66.667	6	2	0	2	7	2	7	16	12.1
H1-13-1.741	H1-13-1.546	44.444	9	5	0	2	10	2	10	16	12.1
H1-13-1.741	H1-13-1.392	66.667	6	2	0	2	7	2	7	16	12.1
H1-13-1.741	H1-13-3.277	45.455	11	6	0	2	12	2	12	16	12.1
H1-13-1.741	H1-13-1.683	66.667	6	2	0	2	7	2	7	17	12.1
H1-13-1.741	H1-13-1.613	66.667	6	2	0	2	7	2	7	17	12.1
H1-13-1.741	H1-13-1.214	66.667	6	2	0	2	7	2	7	17	12.1
H1-13-1.741	H1-13-1.302	66.667	6	2	0	2	7	2	7	19	11.7
H1-13-1.741	H1-13-4.627	44.444	9	5	0	2	10	2	10	20	11.7
H1-13-1.741	H1-13-3.570	55.556	9	4	0	2	10	2	10	23	11.7
H1-13-1.741	H1-13-1.431	55.556	9	4	0	2	10	2	10	24	11.7
H1-13-1.741	H1-13-*.495	55.556	9	4	0	2	10	2	10	25	11.7
H1-13-1.741	H1-13-1.203	66.667	6	2	0	2	7	2	7	25	11.7
H1-13-1.741	H1-13-1.611	55.556	9	4	0	2	10	2	10	27	11.2
H1-13-1.741	H1-13-*.424	55.556	9	4	0	2	10	2	10	28	11.2
H1-13-1.741	H1-13-*.147	45.455	11	6	0	2	12	2	12	30	11.2
H1-13-1.741	H1-13-*.116	60.000	10	4	0	1	10	1	10	32	11.2
H1-13-1.741	H1-13-1.532	55.556	9	4	0	2	10	2	10	41	10.8
H1-13-1.741	H1-13-*.604	80.000	5	1	0	2	6	2	6	43	10.8
H1-13-1.741	H1-13-*.227	80.000	5	1	0	2	6	2	6	43	10.8
H1-13-1.741	H1-13-1.35	45.455	11	6	0	2	12	2	12	50	10.8
H1-13-1.741	H1-13-*.688	66.667	6	2	0	2	7	2	7	51	10.8
H1-13-1.741	H1-13-3.134	45.455	11	6	0	2	12	2	12	57	10.4
H1-13-1.741	H1-13-1.530	66.667	6	2	0	2	7	2	7	61	10.4
H1-13-1.741	H1-13-5.645	66.667	6	2	0	2	7	2	7	63	10.4
H1-13-1.741	H1-13-1.94	100.000	4	0	0	2	5	8	11	65	10.4
H1-13-1.741	H1-13-7.463	100.000	4	0	0	2	5	8	11	67	10.4
H1-13-1.741	H1-13-*.299	66.667	6	2	0	2	7	2	7	69	10.4
H1-13-1.741	H1-13-*.274	100.000	4	0	0	2	5	8	11	69	10.4
H1-13-1.741	H1-13-*.587	44.444	9	5	0	2	10	2	10	70	10.4
H1-13-1.741	H1-13-6.667	66.667	6	2	0	2	7	2	7	71	10.4
H1-13-1.741	H1-13-3.603	66.667	6	2	0	2	7	2	7	75	10.4
H1-13-1.741	H1-13-*.445	66.667	6	2	0	2	7	2	7	79	10.4
H1-13-1.741	H1-13-*.545	80.000	5	1	0	3	7	3	7	91	10.0
H1-13-1.741	H1-13-5.652	55.556	9	4	0	2	10	2	10	163	 9.5
