H1-14-*.775	H1-14-1.776	85.714	14	2	0	1	14	1	14	1.67e-06	26.9
H1-14-*.775	H1-14-1.780	78.571	14	3	0	1	14	1	14	2.82e-06	26.1
H1-14-*.775	H1-14-1.770	64.286	14	5	0	1	14	1	14	4.51e-05	23.1
H1-14-*.775	H1-14-*.782	64.286	14	5	0	1	14	1	14	5.58e-05	22.7
H1-14-*.775	H1-14-1.771	64.286	14	5	0	1	14	1	14	6.50e-05	22.7
H1-14-*.775	H1-14-1.761	57.143	14	6	0	1	14	1	14	9.91e-05	22.3
H1-14-*.775	H1-14-*.764	57.143	14	6	0	1	14	1	14	1.21e-04	21.8
H1-14-*.775	H1-14-1.760	64.286	14	5	0	1	14	1	14	1.30e-04	21.8
H1-14-*.775	H1-14-*.758	76.923	13	3	0	1	13	1	13	1.68e-04	21.8
H1-14-*.775	H1-14-1.762	61.538	13	5	0	1	13	1	13	2.32e-04	21.4
H1-14-*.775	H1-14-1.754	50.000	14	7	0	1	14	1	14	3.37e-04	21.0
H1-14-*.775	H1-14-1.757	61.538	13	5	0	1	13	1	13	3.66e-04	20.6
H1-14-*.775	H1-14-1.781	57.143	14	6	0	1	14	1	14	3.83e-04	20.6
H1-14-*.775	H1-14-1.772	69.231	13	4	0	1	13	1	13	6.24e-04	20.2
H1-14-*.775	H1-14-1.763	50.000	14	7	0	1	14	1	14	8.73e-04	19.7
H1-14-*.775	H1-14-*.777	61.538	13	5	0	1	13	1	13	0.017	16.3
H1-14-*.775	H1-14-*.769	80.000	10	2	0	1	10	1	10	746	 3.6
