H2-10-*.1467	H2-10-1.873	90.000	10	1	0	1	10	1	10	0.003	20.6
H2-10-*.1467	H2-10-1.1160	77.778	9	2	0	1	9	1	9	0.21	15.9
H2-10-*.1467	H2-10-1.850	60.000	10	4	0	1	10	1	10	0.24	15.9
H2-10-*.1467	H2-10-1.1092	50.000	10	5	0	1	10	1	10	2.2	13.4
H2-10-*.1467	H2-10-1.885	66.667	9	3	0	1	9	1	9	2.3	13.4
H2-10-*.1467	H2-10-1.1331	50.000	10	5	0	1	10	1	10	4.1	12.5
H2-10-*.1467	H2-10-1.928	55.556	9	4	0	1	9	1	9	5.0	12.5
H2-10-*.1467	H2-10-1.883	55.556	9	4	0	1	9	1	9	5.9	12.1
H2-10-*.1467	H2-10-1.1266	71.429	7	2	0	1	7	1	7	7.0	12.1
H2-10-*.1467	H2-10-1.1344	50.000	8	4	0	3	10	3	10	14	11.2
H2-10-*.1467	H2-10-1.1109	71.429	7	2	0	3	9	3	9	15	11.2
H2-10-*.1467	H2-10-6.1094	66.667	6	2	0	4	9	4	9	23	10.8
H2-10-*.1467	H2-10-1.1059	80.000	5	1	0	4	8	4	8	26	10.8
H2-10-*.1467	H2-10-1.1157	100.000	4	0	0	4	7	4	7	32	10.4
H2-10-*.1467	H2-10-1.971	100.000	4	0	0	4	7	4	7	33	10.4
H2-10-*.1467	H2-10-1.1032	100.000	4	0	0	4	7	4	7	33	10.4
H2-10-*.1467	H2-10-1.905	100.000	4	0	0	4	7	4	7	33	10.4
H2-10-*.1467	H2-10-1.1031	80.000	5	1	0	3	7	3	7	35	10.4
H2-10-*.1467	H2-10-1.846	100.000	4	0	0	4	7	4	7	36	10.4
H2-10-*.1467	H2-10-1.1258	57.143	7	3	0	3	9	3	9	39	10.4
H2-10-*.1467	H2-10-1.1341	80.000	5	1	0	3	7	3	7	40	10.4
H2-10-*.1467	H2-10-1.843	80.000	5	1	0	3	7	3	7	41	10.4
H2-10-*.1467	H2-10-1.975	50.000	8	4	0	3	10	3	10	67	 9.5
H2-10-*.1467	H2-10-1.1033	80.000	5	1	0	3	7	3	7	74	 9.5
H2-10-*.1467	H2-10-1.881	80.000	5	1	0	3	7	3	7	78	 9.5
H2-10-*.1467	H2-10-1.1443	80.000	5	1	0	3	7	3	7	82	 9.5
H2-10-*.1467	H2-10-3.910	80.000	5	1	0	3	7	3	7	85	 9.5
H2-10-*.1467	H2-10-1.1323	80.000	5	1	0	3	7	3	7	98	 9.1
H2-10-*.1467	H2-10-1.1364	80.000	5	1	0	3	7	3	7	112	 9.1
H2-10-*.1467	H2-10-1.852	80.000	5	1	0	3	7	3	7	112	 9.1
H2-10-*.1467	H2-10-1.897	80.000	5	1	0	3	7	3	7	384	 7.9
H2-10-*.1467	H2-10-1.1234	80.000	5	1	0	3	7	3	7	506	 7.4
