H1-15-1.787	H1-15-1.816	80.000	15	3	0	1	15	1	15	3.22e-05	24.4
H1-15-1.787	H1-15-1.785	80.000	15	3	0	1	15	1	15	6.35e-05	23.5
H1-15-1.787	H1-15-1.789	73.333	15	4	0	1	15	1	15	8.91e-05	23.1
H1-15-1.787	H1-15-1.804	78.571	14	3	0	1	14	1	14	1.29e-04	22.7
H1-15-1.787	H1-15-1.786	78.571	14	3	0	1	14	1	14	1.36e-04	22.7
H1-15-1.787	H1-15-1.788	73.333	15	4	0	1	15	1	15	1.44e-04	22.7
H1-15-1.787	H1-15-1.805	73.333	15	4	0	1	15	1	15	1.45e-04	22.7
H1-15-1.787	H1-15-1.801	73.333	15	4	0	1	15	1	15	1.56e-04	22.3
H1-15-1.787	H1-15-1.803	71.429	14	4	0	1	14	1	14	3.24e-04	21.4
H1-15-1.787	H1-15-1.799	66.667	15	5	0	1	15	1	15	3.68e-04	21.4
H1-15-1.787	H1-15-1.784	71.429	14	4	0	1	14	1	14	5.57e-04	21.0
H1-15-1.787	H1-15-*.790	66.667	15	5	0	1	15	1	15	8.06e-04	20.6
H1-15-1.787	H1-15-1.800	73.333	15	4	0	1	15	1	15	0.001	20.2
H1-15-1.787	H1-15-1.812	73.333	15	4	0	1	15	1	15	0.001	20.2
H1-15-1.787	H1-15-1.815	64.286	14	5	0	1	14	1	14	0.001	20.2
H1-15-1.787	H1-15-1.802	64.286	14	5	0	1	14	1	14	0.001	20.2
H1-15-1.787	H1-15-1.798	66.667	15	5	0	1	15	1	15	0.002	19.7
H1-15-1.787	H1-15-*.793	66.667	15	5	0	1	15	1	15	0.002	19.7
H1-15-1.787	H1-15-1.811	60.000	15	6	0	1	15	1	15	0.005	18.5
H1-15-1.787	H1-15-1.814	66.667	12	4	0	3	14	3	14	0.005	18.5
H1-15-1.787	H1-15-1.795	57.143	14	6	0	1	14	1	14	0.015	17.2
H1-15-1.787	H1-15-1.783	66.667	9	3	0	3	11	3	11	0.31	13.4
H1-15-1.787	H1-15-1.791	25.000	8	6	0	8	15	8	15	264	 5.7
