H2-10-2.1464	H2-10-2.935	55.556	9	4	0	2	10	2	10	10	11.7
H2-10-2.1464	H2-10-1.1114	50.000	10	5	0	1	10	1	10	12	11.7
H2-10-2.1464	H2-10-*.1075	50.000	10	5	0	1	10	1	10	16	11.2
H2-10-2.1464	H2-10-2.1013	62.500	8	3	0	2	9	2	9	16	11.2
H2-10-2.1464	H2-10-1.1221	66.667	6	2	0	1	6	1	6	18	11.2
H2-10-2.1464	H2-10-2.1327	62.500	8	3	0	2	9	2	9	26	10.8
H2-10-2.1464	H2-10-1.1321	66.667	9	3	0	2	10	2	10	26	10.8
H2-10-2.1464	H2-10-4.1025	80.000	5	1	0	2	6	2	6	33	10.4
H2-10-2.1464	H2-10-2.1333	100.000	4	0	0	2	5	2	5	44	10.0
H2-10-2.1464	H2-10-2.1174	100.000	4	0	0	2	5	2	5	48	10.0
H2-10-2.1464	H2-10-1.1243	50.000	10	5	0	1	10	1	10	91	 9.5
H2-10-2.1464	H2-10-1.1349	57.143	7	3	0	1	7	2	8	126	 9.1
H2-10-2.1464	H2-10-6.1100	44.444	9	5	0	2	10	2	10	264	 8.3
H2-10-2.1464	H2-10-1.1064	44.444	9	5	0	1	9	1	9	297	 7.9
H2-10-2.1464	H2-10-*.1115	44.444	9	5	0	2	10	2	10	308	 7.9
