H2-10-1.1465	H2-10-1.1301	70.000	10	3	0	1	10	1	10	0.004	20.2
H2-10-1.1465	H2-10-1.1225	80.000	10	2	0	1	10	1	10	0.004	20.2
H2-10-1.1465	H2-10-1.1297	60.000	10	4	0	1	10	1	10	0.009	19.3
H2-10-1.1465	H2-10-1.1302	70.000	10	3	0	1	10	1	10	0.009	19.3
H2-10-1.1465	H2-10-1.1223	70.000	10	3	0	1	10	1	10	0.016	18.9
H2-10-1.1465	H2-10-1.1451	70.000	10	3	0	1	10	1	10	0.016	18.9
H2-10-1.1465	H2-10-1.1300	60.000	10	4	0	1	10	1	10	0.029	18.0
H2-10-1.1465	H2-10-1.1299	60.000	10	4	0	1	10	1	10	0.039	17.6
H2-10-1.1465	H2-10-6.1356	70.000	10	3	0	1	10	1	10	0.047	17.6
H2-10-1.1465	H2-10-1.1259	60.000	10	4	0	1	10	1	10	0.058	17.2
H2-10-1.1465	H2-10-1.1258	60.000	10	4	0	1	10	1	10	0.11	16.3
H2-10-1.1465	H2-10-1.1329	60.000	10	4	0	1	10	1	10	0.13	16.3
H2-10-1.1465	H2-10-6.1296	60.000	10	4	0	1	10	1	10	0.15	16.3
H2-10-1.1465	H2-10-6.1362	60.000	10	4	0	1	10	1	10	0.18	15.9
H2-10-1.1465	H2-10-1.1120	60.000	10	4	0	1	10	1	10	0.22	15.9
H2-10-1.1465	H2-10-1.1303	55.556	9	4	0	1	9	1	9	0.31	15.5
H2-10-1.1465	H2-10-1.1211	50.000	10	5	0	1	10	1	10	1.7	13.4
H2-10-1.1465	H2-10-1.1001	50.000	10	5	0	1	10	1	10	7.4	12.1
