H1-15-1.816	H1-15-1.789	86.667	15	2	0	1	15	1	15	7.90e-06	25.7
H1-15-1.816	H1-15-1.786	85.714	14	2	0	1	14	1	14	2.27e-05	24.4
H1-15-1.816	H1-15-1.787	80.000	15	3	0	1	15	1	15	2.88e-05	24.4
H1-15-1.816	H1-15-1.803	85.714	14	2	0	1	14	1	14	2.91e-05	24.4
H1-15-1.816	H1-15-1.801	80.000	15	3	0	1	15	1	15	3.99e-05	24.0
H1-15-1.816	H1-15-*.790	80.000	15	3	0	1	15	1	15	6.60e-05	23.1
H1-15-1.816	H1-15-1.804	78.571	14	3	0	1	14	1	14	8.63e-05	23.1
H1-15-1.816	H1-15-1.788	73.333	15	4	0	1	15	1	15	1.04e-04	22.7
H1-15-1.816	H1-15-1.815	78.571	14	3	0	1	14	1	14	1.11e-04	22.7
H1-15-1.816	H1-15-1.802	78.571	14	3	0	1	14	1	14	1.25e-04	22.7
H1-15-1.816	H1-15-1.784	78.571	14	3	0	1	14	1	14	1.54e-04	22.3
H1-15-1.816	H1-15-1.798	73.333	15	4	0	1	15	1	15	2.45e-04	21.8
H1-15-1.816	H1-15-1.805	66.667	15	5	0	1	15	1	15	2.51e-04	21.8
H1-15-1.816	H1-15-1.811	78.571	14	3	0	1	14	1	14	2.99e-04	21.4
H1-15-1.816	H1-15-1.814	75.000	12	3	0	3	14	3	14	7.97e-04	20.6
H1-15-1.816	H1-15-1.812	76.923	13	3	0	3	15	3	15	8.06e-04	20.6
H1-15-1.816	H1-15-1.800	76.923	13	3	0	3	15	3	15	0.001	20.2
H1-15-1.816	H1-15-1.795	71.429	14	4	0	1	14	1	14	0.001	20.2
H1-15-1.816	H1-15-1.783	83.333	6	1	0	3	8	3	8	0.97	12.1
H1-15-1.816	H1-15-1.791	44.444	9	5	0	7	15	7	15	162	 6.2
