H1-15-1.814	H1-15-1.804	84.615	13	2	0	3	15	3	15	4.65e-05	23.5
H1-15-1.814	H1-15-1.803	84.615	13	2	0	3	15	3	15	4.93e-05	23.5
H1-15-1.814	H1-15-1.789	91.667	12	1	0	3	14	3	14	6.44e-05	23.5
H1-15-1.814	H1-15-1.802	76.923	13	3	0	3	15	3	15	2.34e-04	21.8
H1-15-1.814	H1-15-1.786	76.923	13	3	0	3	15	3	15	2.54e-04	21.8
H1-15-1.814	H1-15-1.815	83.333	12	2	0	3	14	3	14	2.82e-04	21.8
H1-15-1.814	H1-15-1.788	83.333	12	2	0	3	14	3	14	3.20e-04	21.4
H1-15-1.814	H1-15-1.799	83.333	12	2	0	3	14	3	14	3.36e-04	21.4
H1-15-1.814	H1-15-1.784	76.923	13	3	0	3	15	3	15	4.23e-04	21.0
H1-15-1.814	H1-15-1.800	71.429	14	4	0	1	14	1	14	4.58e-04	21.0
H1-15-1.814	H1-15-1.801	83.333	12	2	0	3	14	3	14	5.09e-04	21.0
H1-15-1.814	H1-15-1.816	75.000	12	3	0	3	14	3	14	7.97e-04	20.6
H1-15-1.814	H1-15-1.805	75.000	12	3	0	3	14	3	14	8.15e-04	20.6
H1-15-1.814	H1-15-1.785	75.000	12	3	0	3	14	3	14	0.001	20.2
H1-15-1.814	H1-15-1.812	64.286	14	5	0	1	14	1	14	0.003	18.9
H1-15-1.814	H1-15-1.787	66.667	12	4	0	3	14	3	14	0.005	18.5
H1-15-1.814	H1-15-*.793	61.538	13	5	0	3	15	3	15	0.009	17.6
H1-15-1.814	H1-15-1.811	61.538	13	5	0	3	15	3	15	0.009	17.6
H1-15-1.814	H1-15-1.798	66.667	12	4	0	3	14	3	14	0.011	17.2
H1-15-1.814	H1-15-1.791	60.000	5	2	0	10	14	10	14	54	 7.4
