H1-14-1.759	H1-14-1.780	92.857	14	1	0	1	14	1	14	2.89e-07	29.1
H1-14-1.759	H1-14-*.782	85.714	14	2	0	1	14	1	14	1.42e-06	27.4
H1-14-1.759	H1-14-1.753	85.714	14	2	0	1	14	1	14	2.01e-06	26.9
H1-14-1.759	H1-14-1.771	78.571	14	3	0	1	14	1	14	6.19e-06	25.7
H1-14-1.759	H1-14-*.775	71.429	14	4	0	1	14	1	14	7.66e-06	25.2
H1-14-1.759	H1-14-1.761	78.571	14	3	0	1	14	1	14	8.13e-06	25.2
H1-14-1.759	H1-14-1.760	78.571	14	3	0	1	14	1	14	8.63e-06	25.2
H1-14-1.759	H1-14-1.776	71.429	14	4	0	1	14	1	14	1.04e-05	24.8
H1-14-1.759	H1-14-*.764	78.571	14	3	0	1	14	1	14	1.16e-05	24.8
H1-14-1.759	H1-14-1.762	84.615	13	2	0	1	13	1	13	1.59e-05	24.4
H1-14-1.759	H1-14-1.773	71.429	14	4	0	1	14	1	14	1.73e-05	24.4
H1-14-1.759	H1-14-*.755	71.429	14	4	0	1	14	1	14	1.73e-05	24.4
H1-14-1.759	H1-14-1.770	71.429	14	4	0	1	14	1	14	2.53e-05	24.0
H1-14-1.759	H1-14-*.774	71.429	14	4	0	1	14	1	14	2.55e-05	24.0
H1-14-1.759	H1-14-1.754	71.429	14	4	0	1	14	1	14	3.39e-05	23.5
H1-14-1.759	H1-14-1.781	71.429	14	4	0	1	14	1	14	3.47e-05	23.5
H1-14-1.759	H1-14-1.756	71.429	14	4	0	1	14	1	14	3.55e-05	23.5
H1-14-1.759	H1-14-1.757	76.923	13	3	0	1	13	1	13	7.02e-05	22.7
H1-14-1.759	H1-14-*.758	69.231	13	4	0	1	13	1	13	1.11e-04	22.3
H1-14-1.759	H1-14-1.763	64.286	14	5	0	1	14	1	14	1.79e-04	21.8
H1-14-1.759	H1-14-1.772	61.538	13	5	0	1	13	1	13	7.07e-04	20.2
