H2-10-1.1451	H2-10-1.1225	80.000	10	2	0	1	10	1	10	0.001	21.4
H2-10-1.1451	H2-10-1.1329	80.000	10	2	0	1	10	1	10	0.006	19.7
H2-10-1.1451	H2-10-1.1300	80.000	10	2	0	1	10	1	10	0.009	19.3
H2-10-1.1451	H2-10-1.1223	80.000	10	2	0	1	10	1	10	0.011	19.3
H2-10-1.1451	H2-10-1.1465	70.000	10	3	0	1	10	1	10	0.016	18.9
H2-10-1.1451	H2-10-1.1302	70.000	10	3	0	1	10	1	10	0.023	18.5
H2-10-1.1451	H2-10-1.1297	70.000	10	3	0	1	10	1	10	0.057	17.2
H2-10-1.1451	H2-10-1.1298	70.000	10	3	0	1	10	1	10	0.085	16.8
H2-10-1.1451	H2-10-1.1299	70.000	10	3	0	1	10	1	10	0.11	16.3
H2-10-1.1451	H2-10-6.1296	70.000	10	3	0	1	10	1	10	0.42	15.1
H2-10-1.1451	H2-10-6.1356	60.000	10	4	0	1	10	1	10	1.1	13.8
H2-10-1.1451	H2-10-6.1132	60.000	10	4	0	1	10	1	10	1.6	13.4
H2-10-1.1451	H2-10-1.1211	55.556	9	4	0	1	9	1	9	2.5	12.9
H2-10-1.1451	H2-10-1.1001	55.556	9	4	0	1	9	1	9	16	11.2
