H1-15-1.797	H1-15-1.810	100.000	14	0	0	1	14	1	14	3.82e-06	26.5
H1-15-1.797	H1-15-1.819	85.714	14	2	0	2	15	2	15	1.29e-05	25.2
H1-15-1.797	H1-15-1.818	80.000	15	3	0	1	15	1	15	2.99e-05	24.4
H1-15-1.797	H1-15-*.820	46.667	15	8	0	1	15	1	15	0.089	15.1
H1-15-1.797	H1-15-1.817	42.857	14	8	0	1	14	1	14	0.39	13.4
H1-15-1.797	H1-15-*.806	54.545	11	5	0	1	11	1	11	0.41	13.4
H1-15-1.797	H1-15-1.808	42.857	14	8	0	1	14	1	14	0.57	12.9
H1-15-1.797	H1-15-1.809	35.714	14	9	0	1	14	1	14	1.1	12.1
H1-15-1.797	H1-15-1.802	83.333	6	1	0	3	8	10	15	12	 9.1
H1-15-1.797	H1-15-1.788	80.000	5	1	0	3	7	10	14	28	 8.3
H1-15-1.797	H1-15-1.799	80.000	5	1	0	3	7	10	14	30	 8.3
H1-15-1.797	H1-15-1.804	66.667	6	2	0	3	8	10	15	34	 8.3
H1-15-1.797	H1-15-1.803	66.667	6	2	0	3	8	10	15	38	 7.9
H1-15-1.797	H1-15-*.807	42.857	14	8	0	1	14	1	14	645	 4.5
