H1-15-1.810	H1-15-1.797	100.000	14	0	0	1	14	1	14	3.72e-06	26.5
H1-15-1.810	H1-15-1.819	84.615	13	2	0	2	14	2	14	5.60e-05	23.5
H1-15-1.810	H1-15-1.818	78.571	14	3	0	1	14	1	14	1.36e-04	22.7
H1-15-1.810	H1-15-1.808	46.667	15	8	0	1	15	1	15	0.11	14.6
H1-15-1.810	H1-15-*.820	50.000	14	7	0	1	14	1	14	0.11	14.6
H1-15-1.810	H1-15-*.813	35.714	14	9	0	2	15	2	15	0.12	14.6
H1-15-1.810	H1-15-1.809	40.000	15	9	0	1	15	1	15	0.22	13.8
H1-15-1.810	H1-15-*.806	54.545	11	5	0	1	11	1	11	0.42	13.4
H1-15-1.810	H1-15-1.817	42.857	14	8	0	1	14	1	14	0.44	12.9
H1-15-1.810	H1-15-1.788	80.000	5	1	0	3	7	10	14	30	 8.3
H1-15-1.810	H1-15-1.799	80.000	5	1	0	3	7	10	14	31	 8.3
H1-15-1.810	H1-15-1.804	66.667	6	2	0	3	8	10	15	40	 7.9
H1-15-1.810	H1-15-1.803	66.667	6	2	0	3	8	10	15	43	 7.9
H1-15-1.810	H1-15-*.807	42.857	14	8	0	1	14	1	14	570	 4.5
