H1-15-1.818	H1-15-1.797	80.000	15	3	0	1	15	1	15	2.66e-05	24.4
H1-15-1.818	H1-15-1.810	78.571	14	3	0	1	14	1	14	1.24e-04	22.7
H1-15-1.818	H1-15-1.819	71.429	14	4	0	2	15	2	15	3.29e-04	21.4
H1-15-1.818	H1-15-1.808	50.000	14	7	0	1	14	1	14	0.012	17.2
H1-15-1.818	H1-15-*.820	46.667	15	8	0	1	15	1	15	0.32	13.4
H1-15-1.818	H1-15-1.794	40.000	15	9	0	1	15	1	15	0.81	12.5
H1-15-1.818	H1-15-1.817	53.846	13	4	1	1	11	1	13	1.8	11.2
H1-15-1.818	H1-15-1.802	62.500	8	3	0	1	8	8	15	10	 9.5
H1-15-1.818	H1-15-1.788	66.667	6	2	0	2	7	9	14	26	 8.3
H1-15-1.818	H1-15-1.799	57.143	7	3	0	1	7	8	14	26	 8.3
H1-15-1.818	H1-15-1.804	57.143	7	3	0	2	8	9	15	30	 8.3
