H2-10-2.1468	H2-10-2.1432	70.000	10	3	0	1	10	1	10	0.009	19.3
H2-10-2.1468	H2-10-*.1438	77.778	9	2	0	2	10	2	10	0.035	18.0
H2-10-2.1468	H2-10-2.979	60.000	10	4	0	1	10	1	10	0.15	16.3
H2-10-2.1468	H2-10-2.1138	66.667	9	3	0	2	10	2	10	0.19	15.9
H2-10-2.1468	H2-10-*.1251	71.429	7	2	0	1	7	1	7	0.20	15.9
H2-10-2.1468	H2-10-*.1159	60.000	10	4	0	1	10	1	10	0.29	15.5
H2-10-2.1468	H2-10-2.1282	66.667	9	3	0	2	10	2	10	0.32	15.5
H2-10-2.1468	H2-10-2.1404	60.000	10	4	0	1	10	1	10	0.37	15.1
H2-10-2.1468	H2-10-2.1394	66.667	9	3	0	2	10	2	10	0.44	15.1
H2-10-2.1468	H2-10-2.1082	60.000	10	4	0	1	10	1	10	0.59	14.6
H2-10-2.1468	H2-10-2.1184	60.000	10	4	0	1	10	1	10	1.5	13.8
H2-10-2.1468	H2-10-2.1271	50.000	10	5	0	1	10	1	10	1.5	13.8
H2-10-2.1468	H2-10-4.981	50.000	10	5	0	1	10	1	10	1.7	13.4
H2-10-2.1468	H2-10-2.973	57.143	7	3	0	1	7	1	7	2.4	13.4
H2-10-2.1468	H2-10-2.1205	60.000	10	4	0	1	10	1	10	3.0	12.9
H2-10-2.1468	H2-10-2.1206	50.000	10	5	0	1	10	1	10	3.8	12.5
H2-10-2.1468	H2-10-2.1292	50.000	10	5	0	1	10	1	10	4.9	12.5
H2-10-2.1468	H2-10-2.1060	55.556	9	4	0	2	10	2	10	5.1	12.5
H2-10-2.1468	H2-10-2.1172	50.000	10	5	0	1	10	1	10	6.1	12.1
H2-10-2.1468	H2-10-2.1154	55.556	9	4	0	2	10	2	10	19	11.2
H2-10-2.1468	H2-10-2.1357	55.556	9	4	0	2	10	2	10	22	10.8
H2-10-2.1468	H2-10-2.1379	50.000	10	5	0	1	10	1	10	27	10.8
H2-10-2.1468	H2-10-2.1097	55.556	9	4	0	2	10	2	10	29	10.4
H2-10-2.1468	H2-10-2.978	50.000	10	5	0	1	10	1	10	42	10.0
H2-10-2.1468	H2-10-2.1403	50.000	10	5	0	1	10	1	10	42	10.0
H2-10-2.1468	H2-10-1.1454	44.444	9	5	0	2	10	2	10	93	 9.1
H2-10-2.1468	H2-10-1.1458	40.000	10	6	0	1	10	1	10	220	 8.3
H2-10-2.1468	H2-10-1.1108	100.000	2	0	0	9	10	9	10	490	 7.4
