H2-10-*.1463	H2-10-1.1122	66.667	9	3	0	2	10	2	10	0.54	14.6
H2-10-*.1463	H2-10-6.1371	75.000	8	2	0	2	9	2	9	0.85	14.2
H2-10-*.1463	H2-10-2.997	75.000	8	2	0	2	9	2	9	1.0	14.2
H2-10-*.1463	H2-10-4.999	55.556	9	4	0	2	10	2	10	1.4	13.8
H2-10-*.1463	H2-10-6.1380	75.000	8	2	0	2	9	2	9	1.7	13.4
H2-10-*.1463	H2-10-1.1101	55.556	9	4	0	2	10	2	10	3.6	12.9
H2-10-*.1463	H2-10-6.1378	60.000	10	4	0	1	10	1	10	4.1	12.5
H2-10-*.1463	H2-10-6.1100	62.500	8	3	0	2	9	2	9	4.2	12.5
H2-10-*.1463	H2-10-6.1242	62.500	8	3	0	2	9	2	9	5.8	12.1
H2-10-*.1463	H2-10-6.1155	55.556	9	4	0	2	10	2	10	7.7	12.1
H2-10-*.1463	H2-10-1.1326	55.556	9	4	0	2	10	2	10	14	11.2
H2-10-*.1463	H2-10-6.1089	50.000	10	5	0	1	10	1	10	17	11.2
H2-10-*.1463	H2-10-2.1396	66.667	6	2	0	2	7	2	7	21	10.8
H2-10-*.1463	H2-10-1.1192	55.556	9	4	0	2	10	2	10	22	10.8
H2-10-*.1463	H2-10-2.1110	55.556	9	4	0	2	10	2	10	23	10.8
H2-10-*.1463	H2-10-1.1201	55.556	9	4	0	1	9	2	10	25	10.8
H2-10-*.1463	H2-10-1.1262	44.444	9	5	0	1	9	1	9	29	10.4
H2-10-*.1463	H2-10-1.1041	100.000	4	0	0	7	10	7	10	34	10.4
H2-10-*.1463	H2-10-2.1194	55.556	9	4	0	2	10	2	10	37	10.4
H2-10-*.1463	H2-10-1.1229	66.667	6	2	0	1	6	2	7	51	10.0
H2-10-*.1463	H2-10-4.849	50.000	10	5	0	1	10	1	10	51	10.0
H2-10-*.1463	H2-10-*.1389	66.667	6	2	0	2	7	1	6	143	 8.7
H2-10-*.1463	H2-10-2.1345	66.667	6	2	0	2	7	2	7	145	 8.7
H2-10-*.1463	H2-10-5.1185	57.143	7	3	0	1	7	1	7	181	 8.7
H2-10-*.1463	H2-10-1.1036	55.556	9	4	0	2	10	2	10	211	 8.3
