H1-13-1.737	H1-13-1.426	100.000	12	0	0	1	12	1	12	9.36e-05	25.7
H1-13-1.737	H1-13-1.230	84.615	13	2	0	1	13	1	13	0.001	23.1
H1-13-1.737	H1-13-1.744	76.923	13	3	0	1	13	1	13	0.001	22.7
H1-13-1.737	H1-13-1.453	69.231	13	4	0	1	13	1	13	0.002	22.3
H1-13-1.737	H1-13-*.578	76.923	13	3	0	1	13	1	13	0.003	21.8
H1-13-1.737	H1-13-1.253	61.538	13	5	0	1	13	1	13	0.003	21.8
H1-13-1.737	H1-13-1.509	69.231	13	4	0	1	13	1	13	0.004	21.4
H1-13-1.737	H1-13-1.161	69.231	13	4	0	1	13	1	13	0.005	21.4
H1-13-1.737	H1-13-1.471	69.231	13	4	0	1	13	1	13	0.005	21.0
H1-13-1.737	H1-13-1.38	61.538	13	5	0	1	13	1	13	0.006	21.0
H1-13-1.737	H1-13-1.84	90.000	10	1	0	1	10	1	10	0.006	21.0
H1-13-1.737	H1-13-1.720	66.667	12	4	0	1	12	1	12	0.007	21.0
H1-13-1.737	H1-13-1.659	69.231	13	4	0	1	13	1	13	0.007	21.0
H1-13-1.737	H1-13-1.500	61.538	13	5	0	1	13	1	13	0.007	21.0
H1-13-1.737	H1-13-1.21	61.538	13	5	0	1	13	1	13	0.007	20.6
H1-13-1.737	H1-13-1.661	61.538	13	5	0	1	13	1	13	0.008	20.6
H1-13-1.737	H1-13-1.288	61.538	13	5	0	1	13	1	13	0.008	20.6
H1-13-1.737	H1-13-1.324	61.538	13	5	0	1	13	1	13	0.008	20.6
H1-13-1.737	H1-13-1.481	69.231	13	4	0	1	13	1	13	0.008	20.6
H1-13-1.737	H1-13-1.239	76.923	13	3	0	1	13	1	13	0.010	20.6
H1-13-1.737	H1-13-1.429	69.231	13	4	0	1	13	1	13	0.010	20.6
H1-13-1.737	H1-13-1.459	72.727	11	3	0	2	12	2	12	0.010	20.6
H1-13-1.737	H1-13-1.653	53.846	13	6	0	1	13	1	13	0.011	20.2
H1-13-1.737	H1-13-1.526	66.667	12	4	0	1	12	1	12	0.011	20.2
H1-13-1.737	H1-13-1.417	75.000	12	3	0	2	13	2	13	0.011	20.2
H1-13-1.737	H1-13-1.236	69.231	13	4	0	1	13	1	13	0.011	20.2
H1-13-1.737	H1-13-*.54	61.538	13	5	0	1	13	1	13	0.013	20.2
H1-13-1.737	H1-13-1.204	66.667	12	4	0	2	13	2	13	0.015	20.2
H1-13-1.737	H1-13-1.229	66.667	12	4	0	2	13	2	13	0.016	19.7
H1-13-1.737	H1-13-1.325	66.667	12	4	0	1	12	1	12	0.016	19.7
H1-13-1.737	H1-13-1.76	66.667	12	4	0	2	13	2	13	0.016	19.7
H1-13-1.737	H1-13-1.561	66.667	12	4	0	1	12	1	12	0.017	19.7
H1-13-1.737	H1-13-1.66	61.538	13	5	0	1	13	1	13	0.018	19.7
H1-13-1.737	H1-13-1.419	66.667	12	4	0	2	13	2	13	0.018	19.7
H1-13-1.737	H1-13-1.12	61.538	13	5	0	1	13	1	13	0.018	19.7
H1-13-1.737	H1-13-1.52	75.000	12	3	0	2	13	2	13	0.020	19.7
H1-13-1.737	H1-13-1.629	66.667	12	4	0	2	13	2	13	0.023	19.3
H1-13-1.737	H1-13-1.34	75.000	12	3	0	1	12	1	12	0.024	19.3
H1-13-1.737	H1-13-1.398	69.231	13	4	0	1	13	1	13	0.025	19.3
H1-13-1.737	H1-13-1.140	53.846	13	6	0	1	13	1	13	0.027	19.3
H1-13-1.737	H1-13-3.418	76.923	13	3	0	1	13	1	13	0.027	19.3
H1-13-1.737	H1-13-1.20	58.333	12	5	0	2	13	2	13	0.027	19.3
H1-13-1.737	H1-13-1.257	66.667	12	4	0	2	13	2	13	0.029	19.3
H1-13-1.737	H1-13-1.290	53.846	13	6	0	1	13	1	13	0.029	19.3
H1-13-1.737	H1-13-1.735	83.333	12	2	0	1	12	1	12	0.029	19.3
H1-13-1.737	H1-13-1.651	72.727	11	3	0	2	12	2	12	0.030	19.3
H1-13-1.737	H1-13-1.222	66.667	12	4	0	1	12	1	12	0.030	19.3
H1-13-1.737	H1-13-1.742	90.000	10	1	0	1	10	1	10	0.035	18.9
H1-13-1.737	H1-13-1.328	61.538	13	5	0	1	13	1	13	0.036	18.9
H1-13-1.737	H1-13-1.168	61.538	13	5	0	1	13	1	13	0.036	18.9
H1-13-1.737	H1-13-1.10	66.667	12	4	0	2	13	2	13	0.041	18.9
H1-13-1.737	H1-13-1.192	69.231	13	4	0	1	13	1	13	0.042	18.9
H1-13-1.737	H1-13-1.553	66.667	12	4	0	2	13	2	13	0.042	18.9
H1-13-1.737	H1-13-1.86	61.538	13	5	0	1	13	1	13	0.042	18.9
H1-13-1.737	H1-13-1.318	70.000	10	3	0	1	10	1	10	0.044	18.9
H1-13-1.737	H1-13-1.48	61.538	13	5	0	1	13	1	13	0.044	18.9
H1-13-1.737	H1-13-3.580	66.667	12	4	0	1	12	1	12	0.045	18.9
H1-13-1.737	H1-13-1.473	66.667	12	4	0	1	12	1	12	0.046	18.9
H1-13-1.737	H1-13-1.5	90.000	10	1	0	1	10	1	10	0.046	18.9
H1-13-1.737	H1-13-1.219	75.000	12	3	0	1	12	1	12	0.046	18.9
H1-13-1.737	H1-13-1.703	66.667	12	4	0	2	13	2	13	0.047	18.9
H1-13-1.737	H1-13-1.399	58.333	12	5	0	1	12	1	12	0.047	18.5
H1-13-1.737	H1-13-1.36	75.000	12	3	0	1	12	1	12	0.047	18.5
H1-13-1.737	H1-13-1.732	58.333	12	5	0	1	12	1	12	0.048	18.5
H1-13-1.737	H1-13-1.281	66.667	12	4	0	2	13	2	13	0.048	18.5
H1-13-1.737	H1-13-1.9	58.333	12	5	0	2	13	2	13	0.049	18.5
H1-13-1.737	H1-13-3.175	69.231	13	4	0	1	13	1	13	0.050	18.5
H1-13-1.737	H1-13-2.72	61.538	13	5	0	1	13	1	13	0.050	18.5
H1-13-1.737	H1-13-1.747	66.667	12	4	0	1	12	1	12	0.051	18.5
H1-13-1.737	H1-13-1.279	58.333	12	5	0	2	13	2	13	0.052	18.5
H1-13-1.737	H1-13-1.665	75.000	12	3	0	1	12	1	12	0.053	18.5
H1-13-1.737	H1-13-1.520	61.538	13	5	0	1	13	1	13	0.053	18.5
H1-13-1.737	H1-13-1.110	66.667	12	4	0	1	12	1	12	0.053	18.5
H1-13-1.737	H1-13-1.320	69.231	13	4	0	1	13	1	13	0.054	18.5
H1-13-1.737	H1-13-1.159	75.000	12	3	0	1	12	1	12	0.055	18.5
H1-13-1.737	H1-13-1.385	66.667	12	4	0	1	12	1	12	0.055	18.5
H1-13-1.737	H1-13-1.58	58.333	12	5	0	2	13	2	13	0.058	18.5
H1-13-1.737	H1-13-1.231	80.000	10	2	0	1	10	1	10	0.062	18.5
H1-13-1.737	H1-13-1.106	58.333	12	5	0	1	12	1	12	0.063	18.5
H1-13-1.737	H1-13-1.88	80.000	10	2	0	1	10	1	10	0.063	18.5
H1-13-1.737	H1-13-1.384	80.000	10	2	0	1	10	1	10	0.064	18.5
H1-13-1.737	H1-13-1.172	80.000	10	2	0	1	10	1	10	0.065	18.5
H1-13-1.737	H1-13-1.98	66.667	12	4	0	1	12	1	12	0.065	18.5
H1-13-1.737	H1-13-1.101	58.333	12	5	0	1	12	1	12	0.066	18.5
H1-13-1.737	H1-13-1.280	80.000	10	2	0	1	10	1	10	0.067	18.5
H1-13-1.737	H1-13-1.457	80.000	10	2	0	1	10	1	10	0.069	18.0
H1-13-1.737	H1-13-7.694	80.000	10	2	0	1	10	1	10	0.071	18.0
H1-13-1.737	H1-13-7.693	80.000	10	2	0	1	10	1	10	0.071	18.0
H1-13-1.737	H1-13-1.486	80.000	10	2	0	1	10	1	10	0.072	18.0
H1-13-1.737	H1-13-1.370	69.231	13	4	0	1	13	1	13	0.072	18.0
H1-13-1.737	H1-13-1.316	58.333	12	5	0	1	12	1	12	0.072	18.0
H1-13-1.737	H1-13-1.29	58.333	12	5	0	1	12	1	12	0.073	18.0
H1-13-1.737	H1-13-1.586	46.154	13	7	0	1	13	1	13	0.074	18.0
H1-13-1.737	H1-13-1.559	58.333	12	5	0	1	12	1	12	0.075	18.0
H1-13-1.737	H1-13-1.675	66.667	12	4	0	2	13	2	13	0.078	18.0
H1-13-1.737	H1-13-1.646	63.636	11	4	0	2	12	2	12	0.078	18.0
H1-13-1.737	H1-13-1.521	75.000	12	3	0	1	12	1	12	0.079	18.0
H1-13-1.737	H1-13-1.157	66.667	12	4	0	1	12	1	12	0.080	18.0
H1-13-1.737	H1-13-1.562	58.333	12	5	0	1	12	1	12	0.083	18.0
H1-13-1.737	H1-13-1.248	58.333	12	5	0	1	12	1	12	0.084	18.0
H1-13-1.737	H1-13-1.427	61.538	13	5	0	1	13	1	13	0.087	18.0
H1-13-1.737	H1-13-1.406	58.333	12	5	0	1	12	1	12	0.087	18.0
H1-13-1.737	H1-13-1.536	58.333	12	5	0	1	12	1	12	0.088	18.0
H1-13-1.737	H1-13-1.391	50.000	12	6	0	1	12	1	12	0.089	18.0
H1-13-1.737	H1-13-1.46	58.333	12	5	0	2	13	2	13	0.092	18.0
H1-13-1.737	H1-13-1.118	66.667	12	4	0	1	12	1	12	0.093	18.0
H1-13-1.737	H1-13-1.448	80.000	10	2	0	1	10	1	10	0.096	18.0
H1-13-1.737	H1-13-1.82	58.333	12	5	0	1	12	1	12	0.096	18.0
H1-13-1.737	H1-13-1.162	66.667	12	4	0	1	12	1	12	0.098	18.0
H1-13-1.737	H1-13-1.209	58.333	12	5	0	1	12	1	12	0.099	17.6
H1-13-1.737	H1-13-1.717	63.636	11	4	0	2	12	2	12	0.10	17.6
H1-13-1.737	H1-13-1.638	58.333	12	5	0	2	13	2	13	0.10	17.6
H1-13-1.737	H1-13-1.439	58.333	12	5	0	2	13	2	13	0.10	17.6
H1-13-1.737	H1-13-1.79	66.667	12	4	0	2	13	2	13	0.10	17.6
H1-13-1.737	H1-13-1.554	70.000	10	3	0	1	10	1	10	0.11	17.6
H1-13-1.737	H1-13-1.293	70.000	10	3	0	1	10	1	10	0.11	17.6
H1-13-1.737	H1-13-3.273	66.667	12	4	0	1	12	1	12	0.11	17.6
H1-13-1.737	H1-13-1.746	70.000	10	3	0	1	10	1	10	0.12	17.6
H1-13-1.737	H1-13-1.102	70.000	10	3	0	1	10	1	10	0.12	17.6
H1-13-1.737	H1-13-1.692	70.000	10	3	0	1	10	1	10	0.12	17.6
H1-13-1.737	H1-13-1.572	70.000	10	3	0	1	10	1	10	0.12	17.6
H1-13-1.737	H1-13-1.655	69.231	13	4	0	1	13	1	13	0.12	17.6
H1-13-1.737	H1-13-1.660	70.000	10	3	0	1	10	1	10	0.12	17.6
H1-13-1.737	H1-13-1.533	66.667	12	4	0	2	13	2	13	0.12	17.6
H1-13-1.737	H1-13-1.409	66.667	12	4	0	1	12	1	12	0.12	17.6
H1-13-1.737	H1-13-1.83	70.000	10	3	0	1	10	1	10	0.12	17.6
H1-13-1.737	H1-13-1.752	63.636	11	4	0	2	12	2	12	0.13	17.6
H1-13-1.737	H1-13-1.420	80.000	10	2	0	1	10	1	10	0.13	17.6
H1-13-1.737	H1-13-1.180	70.000	10	3	0	1	10	1	10	0.13	17.6
H1-13-1.737	H1-13-*.540	69.231	13	4	0	1	13	1	13	0.13	17.6
H1-13-1.737	H1-13-1.321	70.000	10	3	0	1	10	1	10	0.13	17.6
H1-13-1.737	H1-13-1.121	70.000	10	3	0	1	10	1	10	0.13	17.6
H1-13-1.737	H1-13-1.650	70.000	10	3	0	1	10	1	10	0.13	17.6
H1-13-1.737	H1-13-1.356	58.333	12	5	0	1	12	1	12	0.14	17.6
H1-13-1.737	H1-13-1.1	58.333	12	5	0	1	12	1	12	0.14	17.6
H1-13-1.737	H1-13-1.308	54.545	11	5	0	2	12	2	12	0.15	17.2
H1-13-1.737	H1-13-1.278	70.000	10	3	0	1	10	1	10	0.15	17.2
H1-13-1.737	H1-13-1.722	66.667	12	4	0	1	12	1	12	0.15	17.2
H1-13-1.737	H1-13-1.582	66.667	12	4	0	1	12	1	12	0.15	17.2
H1-13-1.737	H1-13-1.41	58.333	12	5	0	1	12	1	12	0.15	17.2
H1-13-1.737	H1-13-*.144	58.333	12	5	0	2	13	2	13	0.16	17.2
H1-13-1.737	H1-13-1.68	61.538	13	5	0	1	13	1	13	0.16	17.2
H1-13-1.737	H1-13-2.716	61.538	13	5	0	1	13	1	13	0.16	17.2
H1-13-1.737	H1-13-3.277	58.333	12	5	0	2	13	2	13	0.16	17.2
H1-13-1.737	H1-13-1.238	80.000	10	2	0	1	10	1	10	0.16	17.2
H1-13-1.737	H1-13-1.7	58.333	12	5	0	1	12	1	12	0.16	17.2
H1-13-1.737	H1-13-1.362	77.778	9	2	0	2	10	2	10	0.17	17.2
H1-13-1.737	H1-13-1.37	66.667	12	4	0	2	13	2	13	0.17	17.2
H1-13-1.737	H1-13-1.179	58.333	12	5	0	2	13	2	13	0.17	17.2
H1-13-1.737	H1-13-1.715	70.000	10	3	0	1	10	1	10	0.17	17.2
H1-13-1.737	H1-13-1.596	58.333	12	5	0	2	13	2	13	0.17	17.2
H1-13-1.737	H1-13-1.584	58.333	12	5	0	2	13	2	13	0.18	17.2
H1-13-1.737	H1-13-1.383	66.667	12	4	0	1	12	1	12	0.18	17.2
H1-13-1.737	H1-13-1.649	66.667	12	4	0	1	12	1	12	0.18	17.2
H1-13-1.737	H1-13-3.363	58.333	12	5	0	1	12	1	12	0.18	17.2
H1-13-1.737	H1-13-1.242	58.333	12	5	0	1	12	1	12	0.18	17.2
H1-13-1.737	H1-13-1.451	58.333	12	5	0	2	13	2	13	0.18	17.2
H1-13-1.737	H1-13-1.573	58.333	12	5	0	1	12	1	12	0.18	17.2
H1-13-1.737	H1-13-1.428	58.333	12	5	0	2	13	2	13	0.19	17.2
H1-13-1.737	H1-13-1.634	63.636	11	4	0	2	12	2	12	0.19	17.2
H1-13-1.737	H1-13-1.166	58.333	12	5	0	2	13	2	13	0.19	17.2
H1-13-1.737	H1-13-1.32	70.000	10	3	0	1	10	1	10	0.19	17.2
H1-13-1.737	H1-13-1.532	63.636	11	4	0	2	12	2	12	0.20	17.2
H1-13-1.737	H1-13-1.326	58.333	12	5	0	2	13	2	13	0.20	17.2
H1-13-1.737	H1-13-3.684	66.667	12	4	0	1	12	1	12	0.20	17.2
H1-13-1.737	H1-13-1.589	58.333	12	5	0	1	12	1	12	0.20	17.2
H1-13-1.737	H1-13-1.415	50.000	12	6	0	1	12	1	12	0.20	17.2
H1-13-1.737	H1-13-1.411	70.000	10	3	0	1	10	1	10	0.20	17.2
H1-13-1.737	H1-13-1.183	66.667	12	4	0	1	12	1	12	0.20	17.2
H1-13-1.737	H1-13-1.345	58.333	12	5	0	1	12	1	12	0.21	16.8
H1-13-1.737	H1-13-1.450	70.000	10	3	0	1	10	1	10	0.21	16.8
H1-13-1.737	H1-13-1.395	61.538	13	5	0	1	13	1	13	0.21	16.8
H1-13-1.737	H1-13-1.524	66.667	12	4	0	1	12	1	12	0.22	16.8
H1-13-1.737	H1-13-1.340	66.667	12	4	0	1	12	1	12	0.22	16.8
H1-13-1.737	H1-13-1.13	70.000	10	3	0	1	10	1	10	0.22	16.8
H1-13-1.737	H1-13-1.581	58.333	12	5	0	2	13	2	13	0.22	16.8
H1-13-1.737	H1-13-1.386	70.000	10	3	0	1	10	1	10	0.23	16.8
H1-13-1.737	H1-13-1.351	66.667	12	4	0	1	12	1	12	0.23	16.8
H1-13-1.737	H1-13-1.736	58.333	12	5	0	1	12	1	12	0.23	16.8
H1-13-1.737	H1-13-1.45	70.000	10	3	0	1	10	1	10	0.23	16.8
H1-13-1.737	H1-13-1.635	70.000	10	3	0	1	10	1	10	0.24	16.8
H1-13-1.737	H1-13-1.291	54.545	11	5	0	2	12	2	12	0.24	16.8
H1-13-1.737	H1-13-1.319	70.000	10	3	0	1	10	1	10	0.25	16.8
H1-13-1.737	H1-13-1.287	50.000	12	6	0	1	12	1	12	0.25	16.8
H1-13-1.737	H1-13-1.245	61.538	13	5	0	1	13	1	13	0.25	16.8
H1-13-1.737	H1-13-1.329	70.000	10	3	0	1	10	1	10	0.25	16.8
H1-13-1.737	H1-13-1.92	58.333	12	5	0	1	12	1	12	0.25	16.8
H1-13-1.737	H1-13-1.388	50.000	12	6	0	1	12	1	12	0.26	16.8
H1-13-1.737	H1-13-1.464	58.333	12	5	0	2	13	2	13	0.26	16.8
H1-13-1.737	H1-13-*.116	61.538	13	5	0	1	13	1	13	0.26	16.8
H1-13-1.737	H1-13-1.11	54.545	11	5	0	2	12	2	12	0.26	16.8
H1-13-1.737	H1-13-1.602	58.333	12	5	0	2	13	2	13	0.27	16.8
H1-13-1.737	H1-13-1.295	50.000	12	6	0	1	12	1	12	0.27	16.8
H1-13-1.737	H1-13-1.31	70.000	10	3	0	1	10	1	10	0.27	16.8
H1-13-1.737	H1-13-1.564	50.000	12	6	0	1	12	1	12	0.27	16.8
H1-13-1.737	H1-13-1.364	63.636	11	4	0	2	12	2	12	0.27	16.8
H1-13-1.737	H1-13-*.123	61.538	13	5	0	1	13	1	13	0.27	16.8
H1-13-1.737	H1-13-1.456	58.333	12	5	0	1	12	1	12	0.28	16.8
H1-13-1.737	H1-13-1.620	69.231	13	4	0	1	13	1	13	0.28	16.8
H1-13-1.737	H1-13-1.89	58.333	12	5	0	2	13	2	13	0.29	16.8
H1-13-1.737	H1-13-1.472	58.333	12	5	0	1	12	1	12	0.30	16.3
H1-13-1.737	H1-13-*.413	70.000	10	3	0	1	10	1	10	0.30	16.3
H1-13-1.737	H1-13-1.549	54.545	11	5	0	2	12	2	12	0.31	16.3
H1-13-1.737	H1-13-1.397	87.500	8	1	0	1	8	1	8	0.31	16.3
H1-13-1.737	H1-13-1.353	50.000	12	6	0	2	13	2	13	0.32	16.3
H1-13-1.737	H1-13-*.552	66.667	9	3	0	2	10	2	10	0.32	16.3
H1-13-1.737	H1-13-1.131	53.846	13	6	0	1	13	1	13	0.33	16.3
H1-13-1.737	H1-13-1.125	58.333	12	5	0	2	13	2	13	0.33	16.3
H1-13-1.737	H1-13-1.669	87.500	8	1	0	1	8	1	8	0.34	16.3
H1-13-1.737	H1-13-1.100	50.000	12	6	0	1	12	1	12	0.34	16.3
H1-13-1.737	H1-13-1.612	70.000	10	3	0	1	10	1	10	0.35	16.3
H1-13-1.737	H1-13-1.696	60.000	10	4	0	1	10	1	10	0.35	16.3
H1-13-1.737	H1-13-1.305	50.000	12	6	0	2	13	2	13	0.36	16.3
H1-13-1.737	H1-13-1.272	58.333	12	5	0	2	13	2	13	0.36	16.3
H1-13-1.737	H1-13-1.28	60.000	10	4	0	1	10	1	10	0.37	16.3
H1-13-1.737	H1-13-1.170	66.667	12	4	0	1	12	1	12	0.37	16.3
H1-13-1.737	H1-13-1.516	58.333	12	5	0	1	12	1	12	0.38	16.3
H1-13-1.737	H1-13-1.39	46.154	13	7	0	1	13	1	13	0.38	16.3
H1-13-1.737	H1-13-1.510	54.545	11	5	0	2	12	2	12	0.38	16.3
H1-13-1.737	H1-13-3.85	53.846	13	6	0	1	13	1	13	0.39	16.3
H1-13-1.737	H1-13-1.51	58.333	12	5	0	1	12	1	12	0.39	16.3
H1-13-1.737	H1-13-1.447	54.545	11	5	0	2	12	2	12	0.40	16.3
H1-13-1.737	H1-13-4.67	58.333	12	5	0	2	13	2	13	0.40	16.3
H1-13-1.737	H1-13-1.567	54.545	11	5	0	2	12	2	12	0.40	16.3
H1-13-1.737	H1-13-4.347	63.636	11	4	0	2	12	2	12	0.40	16.3
H1-13-1.737	H1-13-1.458	54.545	11	5	0	2	12	2	12	0.42	16.3
H1-13-1.737	H1-13-4.211	63.636	11	4	0	2	12	2	12	0.43	15.9
H1-13-1.737	H1-13-1.185	58.333	12	5	0	2	13	2	13	0.44	15.9
H1-13-1.737	H1-13-1.390	54.545	11	5	0	2	12	2	12	0.47	15.9
H1-13-1.737	H1-13-1.181	87.500	8	1	0	1	8	1	8	0.47	15.9
H1-13-1.737	H1-13-1.99	54.545	11	5	0	2	12	2	12	0.47	15.9
H1-13-1.737	H1-13-1.498	75.000	12	3	0	1	12	1	12	0.48	15.9
H1-13-1.737	H1-13-1.644	66.667	12	4	0	2	13	2	13	0.50	15.9
H1-13-1.737	H1-13-1.249	75.000	8	2	0	1	8	1	8	0.50	15.9
H1-13-1.737	H1-13-1.78	58.333	12	5	0	1	12	1	12	0.50	15.9
H1-13-1.737	H1-13-1.430	75.000	8	2	0	1	8	1	8	0.50	15.9
H1-13-1.737	H1-13-1.465	70.000	10	3	0	1	10	1	10	0.51	15.9
H1-13-1.737	H1-13-1.534	50.000	12	6	0	2	13	2	13	0.51	15.9
H1-13-1.737	H1-13-1.334	87.500	8	1	0	1	8	1	8	0.51	15.9
H1-13-1.737	H1-13-1.191	54.545	11	5	0	2	12	2	12	0.51	15.9
H1-13-1.737	H1-13-1.303	63.636	11	4	0	2	12	2	12	0.52	15.9
H1-13-1.737	H1-13-1.583	75.000	8	2	0	1	8	1	8	0.53	15.9
H1-13-1.737	H1-13-*.393	54.545	11	5	0	2	12	2	12	0.53	15.9
H1-13-1.737	H1-13-1.460	75.000	8	2	0	1	8	1	8	0.54	15.9
H1-13-1.737	H1-13-1.312	75.000	8	2	0	1	8	1	8	0.55	15.9
H1-13-1.737	H1-13-1.113	60.000	10	4	0	1	10	1	10	0.56	15.9
H1-13-1.737	H1-13-1.454	58.333	12	5	0	2	13	2	13	0.57	15.9
H1-13-1.737	H1-13-1.443	50.000	12	6	0	1	12	1	12	0.57	15.9
H1-13-1.737	H1-13-1.599	60.000	10	4	0	1	10	1	10	0.57	15.9
H1-13-1.737	H1-13-*.199	75.000	8	2	0	1	8	1	8	0.57	15.9
H1-13-1.737	H1-13-1.740	75.000	8	2	0	1	8	1	8	0.59	15.9
H1-13-1.737	H1-13-*.268	61.538	13	5	0	1	13	1	13	0.59	15.9
H1-13-1.737	H1-13-1.518	46.154	13	7	0	1	13	1	13	0.59	15.9
H1-13-1.737	H1-13-4.425	58.333	12	5	0	2	13	2	13	0.61	15.5
H1-13-1.737	H1-13-1.176	75.000	8	2	0	1	8	1	8	0.61	15.5
H1-13-1.737	H1-13-1.77	58.333	12	5	0	1	12	1	12	0.63	15.5
H1-13-1.737	H1-13-1.414	61.538	13	5	0	1	13	1	13	0.64	15.5
H1-13-1.737	H1-13-1.323	75.000	8	2	0	1	8	1	8	0.64	15.5
H1-13-1.737	H1-13-1.743	75.000	8	2	0	1	8	1	8	0.65	15.5
H1-13-1.737	H1-13-1.489	66.667	9	3	0	2	10	2	10	0.65	15.5
H1-13-1.737	H1-13-1.69	60.000	10	4	0	1	10	1	10	0.65	15.5
H1-13-1.737	H1-13-1.394	50.000	12	6	0	1	12	1	12	0.66	15.5
H1-13-1.737	H1-13-1.322	50.000	12	6	0	2	13	2	13	0.66	15.5
H1-13-1.737	H1-13-1.748	54.545	11	5	0	2	12	2	12	0.69	15.5
H1-13-1.737	H1-13-1.560	58.333	12	5	0	2	13	2	13	0.71	15.5
H1-13-1.737	H1-13-1.202	53.846	13	6	0	1	13	1	13	0.71	15.5
H1-13-1.737	H1-13-5.360	66.667	9	3	0	1	9	1	9	0.74	15.5
H1-13-1.737	H1-13-1.435	53.846	13	6	0	1	13	1	13	0.80	15.5
H1-13-1.737	H1-13-1.535	66.667	9	3	0	2	10	2	10	0.82	15.5
H1-13-1.737	H1-13-1.302	54.545	11	5	0	2	12	2	12	0.82	15.5
H1-13-1.737	H1-13-1.129	41.667	12	7	0	1	12	1	12	0.82	15.5
H1-13-1.737	H1-13-1.80	46.154	13	7	0	1	13	1	13	0.89	15.1
H1-13-1.737	H1-13-1.751	41.667	12	7	0	1	12	1	12	0.93	15.1
H1-13-1.737	H1-13-1.714	58.333	12	5	0	1	12	1	12	0.93	15.1
H1-13-1.737	H1-13-*.234	53.846	13	6	0	1	13	1	13	0.93	15.1
H1-13-1.737	H1-13-1.523	41.667	12	7	0	1	12	1	12	0.94	15.1
H1-13-1.737	H1-13-1.594	53.846	13	6	0	1	13	1	13	1.0	15.1
H1-13-1.737	H1-13-1.109	66.667	9	3	0	2	10	2	10	1.0	15.1
H1-13-1.737	H1-13-1.739	66.667	9	3	0	2	10	2	10	1.0	15.1
H1-13-1.737	H1-13-1.664	66.667	9	3	0	2	10	2	10	1.0	15.1
H1-13-1.737	H1-13-1.706	63.636	11	4	0	2	12	2	12	1.0	15.1
H1-13-1.737	H1-13-1.546	41.667	12	7	0	1	12	1	12	1.1	15.1
H1-13-1.737	H1-13-1.301	66.667	9	3	0	2	10	2	10	1.1	15.1
H1-13-1.737	H1-13-1.707	63.636	11	4	0	2	12	2	12	1.1	15.1
H1-13-1.737	H1-13-*.227	58.333	12	5	0	2	13	2	13	1.1	15.1
H1-13-1.737	H1-13-1.502	85.714	7	1	0	1	7	1	7	1.1	15.1
H1-13-1.737	H1-13-*.531	50.000	12	6	0	2	13	2	13	1.2	15.1
H1-13-1.737	H1-13-1.307	66.667	9	3	0	1	9	1	9	1.2	15.1
H1-13-1.737	H1-13-4.550	58.333	12	5	0	2	13	2	13	1.3	14.6
H1-13-1.737	H1-13-1.105	38.462	13	8	0	1	13	1	13	1.3	14.6
H1-13-1.737	H1-13-3.300	63.636	11	4	0	2	12	2	12	1.3	14.6
H1-13-1.737	H1-13-*.647	58.333	12	5	0	1	12	1	12	1.3	14.6
H1-13-1.737	H1-13-1.235	75.000	8	2	0	1	8	1	8	1.3	14.6
H1-13-1.737	H1-13-1.492	75.000	8	2	0	2	9	2	9	1.3	14.6
H1-13-1.737	H1-13-1.216	41.667	12	7	0	2	13	2	13	1.3	14.6
H1-13-1.737	H1-13-1.194	54.545	11	5	0	2	12	2	12	1.4	14.6
H1-13-1.737	H1-13-1.264	50.000	12	6	0	2	13	2	13	1.4	14.6
H1-13-1.737	H1-13-2.139	50.000	12	6	0	1	12	1	12	1.4	14.6
H1-13-1.737	H1-13-1.44	41.667	12	7	0	1	12	1	12	1.4	14.6
H1-13-1.737	H1-13-1.551	66.667	9	3	0	2	10	2	10	1.5	14.6
H1-13-1.737	H1-13-1.598	45.455	11	6	0	2	12	2	12	1.5	14.6
H1-13-1.737	H1-13-1.95	41.667	12	7	0	1	12	1	12	1.6	14.6
H1-13-1.737	H1-13-1.2	38.462	13	8	0	1	13	1	13	1.6	14.6
H1-13-1.737	H1-13-1.367	46.154	13	7	0	1	13	1	13	1.6	14.6
H1-13-1.737	H1-13-1.543	66.667	9	3	0	2	10	2	10	1.6	14.6
H1-13-1.737	H1-13-*.605	45.455	11	6	0	2	12	2	12	1.7	14.6
H1-13-1.737	H1-13-1.555	46.154	13	7	0	1	13	1	13	1.7	14.6
H1-13-1.737	H1-13-1.423	53.846	13	6	0	1	13	1	13	1.7	14.6
H1-13-1.737	H1-13-5.652	63.636	11	4	0	2	12	2	12	1.7	14.6
H1-13-1.737	H1-13-*.258	75.000	8	2	0	1	8	1	8	1.7	14.6
H1-13-1.737	H1-13-1.256	85.714	7	1	0	2	8	2	8	1.8	14.6
H1-13-1.737	H1-13-2.42	66.667	9	3	0	2	10	2	10	1.8	14.6
H1-13-1.737	H1-13-1.695	41.667	12	7	0	1	12	1	12	1.8	14.2
H1-13-1.737	H1-13-1.702	54.545	11	5	0	2	12	2	12	1.8	14.2
H1-13-1.737	H1-13-*.508	63.636	11	4	0	2	12	2	12	1.8	14.2
H1-13-1.737	H1-13-1.311	53.846	13	6	0	1	13	1	13	1.8	14.2
H1-13-1.737	H1-13-1.436	54.545	11	5	0	2	12	2	12	1.9	14.2
H1-13-1.737	H1-13-1.381	46.154	13	7	0	1	13	1	13	1.9	14.2
H1-13-1.737	H1-13-1.656	60.000	10	4	0	1	10	1	10	1.9	14.2
H1-13-1.737	H1-13-1.119	62.500	8	3	0	1	8	1	8	1.9	14.2
H1-13-1.737	H1-13-1.558	85.714	7	1	0	1	7	1	7	2.0	14.2
H1-13-1.737	H1-13-1.378	60.000	10	4	0	1	10	1	10	2.0	14.2
H1-13-1.737	H1-13-*.688	41.667	12	7	0	2	13	2	13	2.1	14.2
H1-13-1.737	H1-13-1.373	50.000	12	6	0	2	13	2	13	2.2	14.2
H1-13-1.737	H1-13-1.130	75.000	8	2	0	1	8	1	8	2.2	14.2
H1-13-1.737	H1-13-1.296	45.455	11	6	0	2	12	2	12	2.2	14.2
H1-13-1.737	H1-13-1.404	63.636	11	4	0	2	12	2	12	2.2	14.2
H1-13-1.737	H1-13-1.377	66.667	9	3	0	2	10	2	10	2.3	14.2
H1-13-1.737	H1-13-1.718	54.545	11	5	0	2	12	2	12	2.4	14.2
H1-13-1.737	H1-13-1.380	41.667	12	7	0	1	12	1	12	2.6	14.2
H1-13-1.737	H1-13-1.114	66.667	9	3	0	2	10	2	10	2.8	13.8
H1-13-1.737	H1-13-1.352	41.667	12	7	0	2	13	2	13	2.9	13.8
H1-13-1.737	H1-13-1.466	55.556	9	4	0	2	10	2	10	3.1	13.8
H1-13-1.737	H1-13-1.142	58.333	12	5	0	2	13	2	13	3.1	13.8
H1-13-1.737	H1-13-*.338	53.846	13	6	0	1	13	1	13	3.2	13.8
H1-13-1.737	H1-13-*.147	55.556	9	4	0	2	10	2	10	3.3	13.8
H1-13-1.737	H1-13-*.71	55.556	9	4	0	2	10	2	10	3.3	13.8
H1-13-1.737	H1-13-3.134	54.545	11	5	0	2	12	2	12	3.5	13.8
H1-13-1.737	H1-13-1.19	62.500	8	3	0	1	8	1	8	3.5	13.8
H1-13-1.737	H1-13-*.544	53.846	13	6	0	1	13	1	13	3.7	13.8
H1-13-1.737	H1-13-*.424	50.000	12	6	0	1	12	1	12	3.7	13.8
H1-13-1.737	H1-13-1.431	50.000	12	6	0	1	12	1	12	3.8	13.8
H1-13-1.737	H1-13-3.267	54.545	11	5	0	2	12	2	12	3.8	13.8
H1-13-1.737	H1-13-1.515	71.429	7	2	0	1	7	1	7	4.2	13.4
H1-13-1.737	H1-13-5.90	62.500	8	3	0	2	9	2	9	4.2	13.4
H1-13-1.737	H1-13-*.495	54.545	11	5	0	2	12	2	12	4.3	13.4
H1-13-1.737	H1-13-1.396	66.667	9	3	0	2	10	2	10	4.3	13.4
H1-13-1.737	H1-13-3.603	75.000	8	2	0	2	9	2	9	4.4	13.4
H1-13-1.737	H1-13-1.517	71.429	7	2	0	2	8	2	8	4.5	13.4
H1-13-1.737	H1-13-1.506	50.000	12	6	0	2	13	2	13	4.5	13.4
H1-13-1.737	H1-13-1.619	62.500	8	3	0	1	8	1	8	4.6	13.4
H1-13-1.737	H1-13-3.745	38.462	13	8	0	1	13	1	13	4.8	13.4
H1-13-1.737	H1-13-1.35	66.667	9	3	0	2	10	2	10	5.0	13.4
H1-13-1.737	H1-13-3.529	54.545	11	5	0	2	12	2	12	5.2	13.4
H1-13-1.737	H1-13-1.241	71.429	7	2	0	2	8	2	8	5.4	13.4
H1-13-1.737	H1-13-1.111	71.429	7	2	0	2	8	2	8	5.5	13.4
H1-13-1.737	H1-13-1.392	71.429	7	2	0	2	8	2	8	5.6	13.4
H1-13-1.737	H1-13-*.662	50.000	12	6	0	1	12	1	12	6.1	12.9
H1-13-1.737	H1-13-1.734	71.429	7	2	0	2	8	2	8	6.2	12.9
H1-13-1.737	H1-13-1.723	41.667	12	7	0	1	12	1	12	6.2	12.9
H1-13-1.737	H1-13-4.365	58.333	12	5	0	2	13	2	13	7.2	12.9
H1-13-1.737	H1-13-1.30	50.000	12	6	0	1	12	1	12	7.2	12.9
H1-13-1.737	H1-13-1.513	54.545	11	5	0	2	12	2	12	7.5	12.9
H1-13-1.737	H1-13-1.382	46.154	13	7	0	1	13	1	13	7.6	12.9
H1-13-1.737	H1-13-1.269	50.000	12	6	0	2	13	2	13	7.6	12.9
H1-13-1.737	H1-13-1.606	71.429	7	2	0	2	8	2	8	7.8	12.9
H1-13-1.737	H1-13-1.613	71.429	7	2	0	2	8	2	8	8.2	12.9
H1-13-1.737	H1-13-1.97	55.556	9	4	0	2	10	2	10	8.2	12.9
H1-13-1.737	H1-13-1.547	45.455	11	6	0	2	12	2	12	8.8	12.5
H1-13-1.737	H1-13-1.135	55.556	9	4	0	2	10	2	10	9.1	12.5
H1-13-1.737	H1-13-3.570	54.545	11	5	0	2	12	2	12	9.4	12.5
H1-13-1.737	H1-13-1.632	83.333	6	1	0	2	7	2	7	10.0	12.5
H1-13-1.737	H1-13-1.331	71.429	7	2	0	2	8	2	8	10.0	12.5
H1-13-1.737	H1-13-1.61	55.556	9	4	0	2	10	2	10	10	12.5
H1-13-1.737	H1-13-1.124	55.556	9	4	0	2	10	2	10	11	12.5
H1-13-1.737	H1-13-1.184	50.000	10	5	0	3	12	3	12	11	12.5
H1-13-1.737	H1-13-1.749	38.462	13	8	0	1	13	1	13	11	12.5
H1-13-1.737	H1-13-*.445	45.455	11	6	0	2	12	2	12	11	12.5
H1-13-1.737	H1-13-1.200	66.667	9	3	0	2	10	2	10	12	12.5
H1-13-1.737	H1-13-1.681	45.455	11	6	0	2	12	2	12	12	12.1
H1-13-1.737	H1-13-1.136	50.000	10	5	0	1	10	1	10	12	12.1
H1-13-1.737	H1-13-*.604	62.500	8	3	0	2	9	2	9	13	12.1
H1-13-1.737	H1-13-1.138	45.455	11	6	0	2	12	2	12	13	12.1
H1-13-1.737	H1-13-*.455	45.455	11	6	0	2	12	2	12	15	12.1
H1-13-1.737	H1-13-1.341	71.429	7	2	0	2	8	2	8	15	12.1
H1-13-1.737	H1-13-1.438	71.429	7	2	0	2	8	2	8	16	12.1
H1-13-1.737	H1-13-1.22	57.143	7	3	0	2	8	2	8	16	12.1
H1-13-1.737	H1-13-1.361	100.000	5	0	0	1	5	1	5	16	12.1
H1-13-1.737	H1-13-1.349	54.545	11	5	0	2	12	2	12	17	12.1
H1-13-1.737	H1-13-1.81	44.444	9	5	0	2	10	2	10	18	11.7
H1-13-1.737	H1-13-*.587	45.455	11	6	0	2	12	2	12	19	11.7
H1-13-1.737	H1-13-1.434	46.154	13	7	0	1	13	1	13	21	11.7
H1-13-1.737	H1-13-6.207	57.143	7	3	0	2	8	2	8	21	11.7
H1-13-1.737	H1-13-1.668	55.556	9	4	0	2	10	2	10	21	11.7
H1-13-1.737	H1-13-1.637	46.154	13	7	0	1	13	1	13	24	11.7
H1-13-1.737	H1-13-*.571	45.455	11	6	0	2	12	2	12	25	11.7
H1-13-1.737	H1-13-6.208	57.143	7	3	0	2	8	2	8	26	11.2
H1-13-1.737	H1-13-*.299	45.455	11	6	0	2	12	2	12	29	11.2
H1-13-1.737	H1-13-1.26	71.429	7	2	0	2	8	2	8	30	11.2
H1-13-1.737	H1-13-1.530	71.429	7	2	0	2	8	2	8	36	11.2
H1-13-1.737	H1-13-*.566	57.143	7	3	0	2	8	2	8	42	10.8
H1-13-1.737	H1-13-1.528	66.667	9	3	0	2	10	2	10	42	10.8
H1-13-1.737	H1-13-6.667	71.429	7	2	0	2	8	2	8	44	10.8
H1-13-1.737	H1-13-1.437	53.846	13	6	0	1	13	1	13	47	10.8
H1-13-1.737	H1-13-*.494	45.455	11	6	0	2	12	2	12	62	10.4
H1-13-1.737	H1-13-5.733	71.429	7	2	0	2	8	2	8	65	10.4
H1-13-1.737	H1-13-5.164	100.000	4	0	0	2	5	2	5	88	10.0
H1-13-1.737	H1-13-6.342	100.000	4	0	0	2	5	2	5	92	10.0
H1-13-1.737	H1-13-5.261	45.455	11	6	0	2	12	2	12	96	10.0
H1-13-1.737	H1-13-*.545	66.667	6	2	0	3	8	3	8	137	 9.5
H1-13-1.737	H1-13-3.402	66.667	6	2	0	8	13	3	8	509	 7.9
