H1-15-1.812	H1-15-1.800	93.333	15	1	0	1	15	1	15	9.38e-07	28.2
H1-15-1.812	H1-15-1.801	92.308	13	1	0	3	15	3	15	2.06e-05	24.8
H1-15-1.812	H1-15-1.784	91.667	12	1	0	3	14	3	14	7.37e-05	23.1
H1-15-1.812	H1-15-1.798	84.615	13	2	0	3	15	3	15	1.38e-04	22.7
H1-15-1.812	H1-15-1.789	84.615	13	2	0	3	15	3	15	4.51e-04	21.0
H1-15-1.812	H1-15-1.786	78.571	14	3	0	1	14	1	14	5.24e-04	21.0
H1-15-1.812	H1-15-*.790	66.667	15	5	0	1	15	1	15	5.88e-04	21.0
H1-15-1.812	H1-15-1.804	78.571	14	3	0	1	14	1	14	7.15e-04	20.6
H1-15-1.812	H1-15-1.805	73.333	15	4	0	1	15	1	15	8.02e-04	20.6
H1-15-1.812	H1-15-1.788	73.333	15	4	0	1	15	1	15	8.12e-04	20.6
H1-15-1.812	H1-15-1.816	76.923	13	3	0	3	15	3	15	8.30e-04	20.6
H1-15-1.812	H1-15-1.787	73.333	15	4	0	1	15	1	15	0.001	20.2
H1-15-1.812	H1-15-1.803	83.333	12	2	0	3	14	3	14	0.002	19.7
H1-15-1.812	H1-15-1.799	76.923	13	3	0	3	15	3	15	0.002	19.7
H1-15-1.812	H1-15-1.814	64.286	14	5	0	1	14	1	14	0.003	18.9
H1-15-1.812	H1-15-*.793	66.667	15	5	0	1	15	1	15	0.006	18.0
H1-15-1.812	H1-15-1.802	75.000	12	3	0	3	14	3	14	0.006	18.0
H1-15-1.812	H1-15-1.815	75.000	12	3	0	3	14	3	14	0.007	18.0
H1-15-1.812	H1-15-1.795	66.667	12	4	0	3	14	3	14	0.035	15.9
H1-15-1.812	H1-15-*.806	60.000	15	3	1	1	12	1	15	0.43	12.9
H1-15-1.812	H1-15-1.783	71.429	7	2	0	2	8	2	8	0.58	12.9
H1-15-1.812	H1-15-1.817	66.667	9	3	0	1	9	1	9	1.1	12.1
H1-15-1.812	H1-15-1.794	66.667	9	3	0	1	9	1	9	1.6	11.7
H1-15-1.812	H1-15-*.820	66.667	9	3	0	1	9	1	9	2.7	10.8
H1-15-1.812	H1-15-1.809	100.000	4	0	0	1	4	1	4	8.9	 9.5
H1-15-1.812	H1-15-*.807	100.000	3	0	0	1	3	1	3	120	 6.6
H1-15-1.812	H1-15-1.791	33.333	6	4	0	10	15	10	15	120	 6.6
