H2-10-1.1452	H2-10-1.1453	80.000	10	2	0	1	10	1	10	0.003	20.6
H2-10-1.1452	H2-10-1.1204	80.000	10	2	0	1	10	1	10	0.010	19.3
H2-10-1.1452	H2-10-1.1321	70.000	10	3	0	1	10	1	10	0.023	18.5
H2-10-1.1452	H2-10-*.920	66.667	9	3	0	2	10	2	10	0.18	15.9
H2-10-1.1452	H2-10-1.1382	75.000	8	2	0	1	8	1	8	0.23	15.9
H2-10-1.1452	H2-10-1.1170	66.667	9	3	0	1	9	1	9	0.25	15.5
H2-10-1.1452	H2-10-1.943	70.000	10	3	0	1	10	1	10	0.30	15.5
H2-10-1.1452	H2-10-1.829	55.556	9	4	0	1	9	1	9	0.51	14.6
H2-10-1.1452	H2-10-1.897	55.556	9	4	0	1	9	1	9	0.54	14.6
H2-10-1.1452	H2-10-1.969	62.500	8	3	0	1	8	1	8	0.83	14.2
H2-10-1.1452	H2-10-1.940	55.556	9	4	0	1	9	1	9	0.86	14.2
H2-10-1.1452	H2-10-1.989	60.000	10	4	0	1	10	1	10	0.92	14.2
H2-10-1.1452	H2-10-1.1346	50.000	10	5	0	1	10	1	10	1.3	13.8
H2-10-1.1452	H2-10-1.835	62.500	8	3	0	1	8	1	8	1.8	13.4
H2-10-1.1452	H2-10-1.931	50.000	8	4	0	1	8	1	8	2.4	13.4
H2-10-1.1452	H2-10-6.1466	50.000	10	5	0	1	10	1	10	2.5	13.4
H2-10-1.1452	H2-10-1.1127	50.000	10	5	0	1	10	1	10	2.5	13.4
H2-10-1.1452	H2-10-1.1117	50.000	10	5	0	1	10	1	10	3.0	12.9
H2-10-1.1452	H2-10-1.1388	62.500	8	3	0	1	8	1	8	3.9	12.5
H2-10-1.1452	H2-10-1.879	55.556	9	4	0	1	9	1	9	4.0	12.5
H2-10-1.1452	H2-10-1.1276	55.556	9	4	0	1	9	1	9	5.5	12.5
H2-10-1.1452	H2-10-1.1038	50.000	8	4	0	1	8	1	8	6.5	12.1
H2-10-1.1452	H2-10-2.929	66.667	9	3	0	1	9	1	9	6.5	12.1
H2-10-1.1452	H2-10-1.1238	50.000	8	4	0	1	8	1	8	7.7	12.1
H2-10-1.1452	H2-10-1.824	50.000	10	5	0	1	10	1	10	8.0	12.1
H2-10-1.1452	H2-10-6.1123	55.556	9	4	0	2	10	2	10	9.6	11.7
H2-10-1.1452	H2-10-1.833	44.444	9	5	0	1	9	1	9	11	11.7
H2-10-1.1452	H2-10-1.899	57.143	7	3	0	1	7	1	7	13	11.2
H2-10-1.1452	H2-10-1.1217	50.000	8	4	0	1	8	1	8	15	11.2
H2-10-1.1452	H2-10-1.1009	50.000	8	4	0	1	8	1	8	15	11.2
H2-10-1.1452	H2-10-1.1135	55.556	9	4	0	2	10	2	10	16	11.2
H2-10-1.1452	H2-10-1.1124	50.000	8	4	0	1	8	1	8	18	11.2
H2-10-1.1452	H2-10-1.1143	50.000	10	5	0	1	10	1	10	22	10.8
H2-10-1.1452	H2-10-1.1268	100.000	4	0	0	3	6	6	9	23	10.8
H2-10-1.1452	H2-10-1.883	100.000	4	0	0	3	6	6	9	27	10.8
H2-10-1.1452	H2-10-2.1441	55.556	9	4	0	2	10	2	10	28	10.8
H2-10-1.1452	H2-10-1.998	80.000	5	1	0	3	7	6	10	29	10.4
H2-10-1.1452	H2-10-1.889	100.000	4	0	0	3	6	6	9	30	10.4
H2-10-1.1452	H2-10-1.1266	40.000	10	6	0	1	10	1	10	34	10.4
H2-10-1.1452	H2-10-1.1326	80.000	5	1	0	3	7	6	10	35	10.4
H2-10-1.1452	H2-10-1.1101	80.000	5	1	0	3	7	6	10	37	10.4
H2-10-1.1452	H2-10-1.1351	100.000	4	0	0	3	6	6	9	39	10.4
H2-10-1.1452	H2-10-1.1236	100.000	4	0	0	3	6	6	9	41	10.4
H2-10-1.1452	H2-10-1.1277	100.000	4	0	0	3	6	6	9	42	10.0
H2-10-1.1452	H2-10-3.1166	80.000	5	1	0	6	10	6	10	44	10.0
H2-10-1.1452	H2-10-2.1256	55.556	9	4	0	1	9	1	9	56	10.0
H2-10-1.1452	H2-10-1.962	100.000	4	0	0	6	9	6	9	61	10.0
H2-10-1.1452	H2-10-1.846	100.000	4	0	0	7	10	7	10	67	 9.5
H2-10-1.1452	H2-10-1.1267	100.000	4	0	0	7	10	7	10	73	 9.5
H2-10-1.1452	H2-10-1.1250	40.000	10	6	0	1	10	1	10	79	 9.5
H2-10-1.1452	H2-10-4.999	55.556	9	4	0	2	10	2	10	109	 9.1
H2-10-1.1452	H2-10-*.972	40.000	10	6	0	1	10	1	10	117	 9.1
H2-10-1.1452	H2-10-1.865	80.000	5	1	0	3	7	6	10	168	 8.7
H2-10-1.1452	H2-10-1.1221	62.500	8	3	0	2	9	2	9	178	 8.7
H2-10-1.1452	H2-10-1.1303	60.000	10	1	1	1	7	1	10	187	 8.7
H2-10-1.1452	H2-10-1.1004	40.000	10	6	0	1	10	1	10	194	 8.3
H2-10-1.1452	H2-10-2.856	62.500	8	3	0	2	9	2	9	215	 8.3
H2-10-1.1452	H2-10-3.1153	55.556	9	4	0	2	10	2	10	256	 8.3
H2-10-1.1452	H2-10-1.1016	75.000	4	1	0	7	10	7	10	316	 7.9
H2-10-1.1452	H2-10-2.837	50.000	8	4	0	2	9	2	9	355	 7.9
H2-10-1.1452	H2-10-2.1425	44.444	9	5	0	1	9	1	9	473	 7.4
H2-10-1.1452	H2-10-1.1395	40.000	10	6	0	1	10	1	10	716	 7.0
H2-10-1.1452	H2-10-2.1373	100.000	2	0	0	8	9	8	9	1067	 6.6
H2-10-1.1452	H2-10-2.1184	66.667	3	1	0	7	9	7	9	1079	 6.6
H2-10-1.1452	H2-10-2.863	100.000	2	0	0	8	9	8	9	1129	 6.6
