H2-10-1.1452	H2-10-1.1453	80.000	10	2	0	1	10	1	10	0.003	20.6
H2-10-1.1452	H2-10-1.1187	70.000	10	3	0	1	10	1	10	0.009	19.3
H2-10-1.1452	H2-10-1.1204	80.000	10	2	0	1	10	1	10	0.010	19.3
H2-10-1.1452	H2-10-1.1321	70.000	10	3	0	1	10	1	10	0.023	18.5
H2-10-1.1452	H2-10-*.920	66.667	9	3	0	2	10	2	10	0.18	15.9
H2-10-1.1452	H2-10-1.1382	75.000	8	2	0	1	8	1	8	0.22	15.9
H2-10-1.1452	H2-10-1.1122	60.000	10	4	0	1	10	1	10	0.48	15.1
H2-10-1.1452	H2-10-1.829	55.556	9	4	0	1	9	1	9	0.50	14.6
H2-10-1.1452	H2-10-1.897	55.556	9	4	0	1	9	1	9	0.53	14.6
H2-10-1.1452	H2-10-1.969	62.500	8	3	0	1	8	1	8	0.81	14.2
H2-10-1.1452	H2-10-1.989	60.000	10	4	0	1	10	1	10	0.90	14.2
H2-10-1.1452	H2-10-1.1249	71.429	7	2	0	1	7	1	7	0.91	14.2
H2-10-1.1452	H2-10-1.970	50.000	10	5	0	1	10	1	10	1.1	13.8
H2-10-1.1452	H2-10-1.1346	50.000	10	5	0	1	10	1	10	1.3	13.8
H2-10-1.1452	H2-10-1.983	50.000	10	5	0	1	10	1	10	1.7	13.4
H2-10-1.1452	H2-10-1.931	50.000	8	4	0	1	8	1	8	2.3	13.4
H2-10-1.1452	H2-10-6.1466	50.000	10	5	0	1	10	1	10	2.4	13.4
H2-10-1.1452	H2-10-1.1127	50.000	10	5	0	1	10	1	10	2.5	13.4
H2-10-1.1452	H2-10-1.1117	50.000	10	5	0	1	10	1	10	2.9	12.9
H2-10-1.1452	H2-10-1.1226	50.000	10	5	0	1	10	1	10	3.0	12.9
H2-10-1.1452	H2-10-1.1388	62.500	8	3	0	1	8	1	8	3.9	12.5
H2-10-1.1452	H2-10-1.879	55.556	9	4	0	1	9	1	9	4.0	12.5
H2-10-1.1452	H2-10-1.1276	55.556	9	4	0	1	9	1	9	5.4	12.5
H2-10-1.1452	H2-10-1.949	50.000	10	5	0	1	10	1	10	5.6	12.5
H2-10-1.1452	H2-10-1.1038	50.000	8	4	0	1	8	1	8	6.4	12.1
H2-10-1.1452	H2-10-2.929	66.667	9	3	0	1	9	1	9	6.4	12.1
H2-10-1.1452	H2-10-1.1238	50.000	8	4	0	1	8	1	8	7.5	12.1
H2-10-1.1452	H2-10-1.824	50.000	10	5	0	1	10	1	10	7.8	12.1
H2-10-1.1452	H2-10-6.1123	55.556	9	4	0	2	10	2	10	9.5	11.7
H2-10-1.1452	H2-10-1.899	57.143	7	3	0	1	7	1	7	13	11.2
H2-10-1.1452	H2-10-1.1217	50.000	8	4	0	1	8	1	8	15	11.2
H2-10-1.1452	H2-10-1.1009	50.000	8	4	0	1	8	1	8	15	11.2
H2-10-1.1452	H2-10-1.1135	55.556	9	4	0	2	10	2	10	16	11.2
H2-10-1.1452	H2-10-1.1124	50.000	8	4	0	1	8	1	8	17	11.2
H2-10-1.1452	H2-10-1.1143	50.000	10	5	0	1	10	1	10	22	10.8
H2-10-1.1452	H2-10-1.1268	100.000	4	0	0	3	6	6	9	23	10.8
H2-10-1.1452	H2-10-1.883	100.000	4	0	0	3	6	6	9	27	10.8
H2-10-1.1452	H2-10-2.1441	55.556	9	4	0	2	10	2	10	27	10.8
H2-10-1.1452	H2-10-1.1311	55.556	9	4	0	2	10	2	10	27	10.8
H2-10-1.1452	H2-10-1.998	80.000	5	1	0	3	7	6	10	28	10.4
H2-10-1.1452	H2-10-1.1266	40.000	10	6	0	1	10	1	10	33	10.4
H2-10-1.1452	H2-10-1.1326	80.000	5	1	0	3	7	6	10	34	10.4
H2-10-1.1452	H2-10-1.1101	80.000	5	1	0	3	7	6	10	36	10.4
H2-10-1.1452	H2-10-1.1351	100.000	4	0	0	3	6	6	9	38	10.4
H2-10-1.1452	H2-10-1.1236	100.000	4	0	0	3	6	6	9	40	10.4
H2-10-1.1452	H2-10-1.1277	100.000	4	0	0	3	6	6	9	42	10.0
H2-10-1.1452	H2-10-3.1166	80.000	5	1	0	6	10	6	10	43	10.0
H2-10-1.1452	H2-10-2.1256	55.556	9	4	0	1	9	1	9	55	10.0
H2-10-1.1452	H2-10-1.846	100.000	4	0	0	7	10	7	10	66	 9.5
H2-10-1.1452	H2-10-1.1267	100.000	4	0	0	7	10	7	10	72	 9.5
H2-10-1.1452	H2-10-1.1250	40.000	10	6	0	1	10	1	10	78	 9.5
H2-10-1.1452	H2-10-4.999	55.556	9	4	0	2	10	2	10	107	 9.1
H2-10-1.1452	H2-10-*.972	40.000	10	6	0	1	10	1	10	115	 9.1
H2-10-1.1452	H2-10-1.865	80.000	5	1	0	3	7	6	10	165	 8.7
H2-10-1.1452	H2-10-1.1221	62.500	8	3	0	2	9	2	9	175	 8.7
H2-10-1.1452	H2-10-1.1303	60.000	10	1	1	1	7	1	10	184	 8.7
H2-10-1.1452	H2-10-1.1004	40.000	10	6	0	1	10	1	10	190	 8.3
H2-10-1.1452	H2-10-2.856	62.500	8	3	0	2	9	2	9	211	 8.3
H2-10-1.1452	H2-10-3.1153	55.556	9	4	0	2	10	2	10	252	 8.3
H2-10-1.1452	H2-10-1.1016	75.000	4	1	0	7	10	7	10	310	 7.9
H2-10-1.1452	H2-10-2.837	50.000	8	4	0	2	9	2	9	349	 7.9
H2-10-1.1452	H2-10-2.1172	50.000	8	4	0	2	9	2	9	374	 7.9
H2-10-1.1452	H2-10-2.1425	44.444	9	5	0	1	9	1	9	465	 7.4
H2-10-1.1452	H2-10-1.1395	40.000	10	6	0	1	10	1	10	704	 7.0
H2-10-1.1452	H2-10-2.1373	100.000	2	0	0	8	9	8	9	1049	 6.6
H2-10-1.1452	H2-10-2.1184	66.667	3	1	0	7	9	7	9	1061	 6.6
H2-10-1.1452	H2-10-2.863	100.000	2	0	0	8	9	8	9	1110	 6.6
