H1-13-1.751	H1-13-1.95	92.308	13	1	0	1	13	1	13	2.10e-05	27.4
H1-13-1.751	H1-13-1.129	92.308	13	1	0	1	13	1	13	4.45e-05	26.5
H1-13-1.751	H1-13-1.380	92.308	13	1	0	1	13	1	13	5.57e-05	26.1
H1-13-1.751	H1-13-1.523	92.308	13	1	0	1	13	1	13	6.06e-05	26.1
H1-13-1.751	H1-13-1.391	92.308	13	1	0	1	13	1	13	7.07e-05	26.1
H1-13-1.751	H1-13-1.723	84.615	13	2	0	1	13	1	13	8.16e-05	25.7
H1-13-1.751	H1-13-1.105	84.615	13	2	0	1	13	1	13	9.76e-05	25.7
H1-13-1.751	H1-13-1.518	91.667	12	1	0	1	12	1	12	1.94e-04	24.8
H1-13-1.751	H1-13-1.695	84.615	13	2	0	1	13	1	13	2.68e-04	24.4
H1-13-1.751	H1-13-1.2	84.615	13	2	0	1	13	1	13	3.16e-04	24.4
H1-13-1.751	H1-13-1.39	91.667	12	1	0	1	12	1	12	5.59e-04	23.5
H1-13-1.751	H1-13-1.287	76.923	13	3	0	1	13	1	13	0.001	23.1
H1-13-1.751	H1-13-1.726	69.231	13	4	0	1	13	1	13	0.002	22.3
H1-13-1.751	H1-13-1.368	76.923	13	3	0	1	13	1	13	0.002	22.3
H1-13-1.751	H1-13-1.160	76.923	13	3	0	1	13	1	13	0.003	21.8
H1-13-1.751	H1-13-1.666	83.333	12	2	0	1	12	1	12	0.003	21.8
H1-13-1.751	H1-13-1.74	76.923	13	3	0	1	13	1	13	0.005	21.4
H1-13-1.751	H1-13-1.468	69.231	13	4	0	1	13	1	13	0.005	21.0
H1-13-1.751	H1-13-*.479	76.923	13	3	0	1	13	1	13	0.005	21.0
H1-13-1.751	H1-13-1.43	75.000	12	3	0	1	12	1	12	0.006	21.0
H1-13-1.751	H1-13-1.394	69.231	13	4	0	1	13	1	13	0.007	21.0
H1-13-1.751	H1-13-1.415	61.538	13	5	0	1	13	1	13	0.008	20.6
H1-13-1.751	H1-13-1.379	75.000	12	3	0	1	12	1	12	0.009	20.6
H1-13-1.751	H1-13-1.422	61.538	13	5	0	1	13	1	13	0.011	20.6
H1-13-1.751	H1-13-1.651	53.846	13	6	0	1	13	1	13	0.012	20.2
H1-13-1.751	H1-13-1.542	61.538	13	5	0	1	13	1	13	0.013	20.2
H1-13-1.751	H1-13-1.47	69.231	13	4	0	1	13	1	13	0.021	19.7
H1-13-1.751	H1-13-1.421	61.538	13	5	0	1	13	1	13	0.024	19.3
H1-13-1.751	H1-13-1.752	53.846	13	6	0	1	13	1	13	0.026	19.3
H1-13-1.751	H1-13-1.680	61.538	13	5	0	1	13	1	13	0.029	19.3
H1-13-1.751	H1-13-1.21	53.846	13	6	0	1	13	1	13	0.039	18.9
H1-13-1.751	H1-13-1.417	58.333	12	5	0	1	12	1	12	0.044	18.9
H1-13-1.751	H1-13-1.452	66.667	12	4	0	1	12	1	12	0.045	18.9
H1-13-1.751	H1-13-*.54	58.333	12	5	0	2	13	2	13	0.051	18.5
H1-13-1.751	H1-13-1.143	53.846	13	6	0	1	13	1	13	0.056	18.5
H1-13-1.751	H1-13-1.673	53.846	13	6	0	1	13	1	13	0.056	18.5
H1-13-1.751	H1-13-4.211	46.154	13	7	0	1	13	1	13	0.059	18.5
H1-13-1.751	H1-13-1.6	46.154	13	7	0	1	13	1	13	0.059	18.5
H1-13-1.751	H1-13-1.646	46.154	13	7	0	1	13	1	13	0.068	18.5
H1-13-1.751	H1-13-1.713	46.154	13	7	0	1	13	1	13	0.073	18.0
H1-13-1.751	H1-13-1.243	61.538	13	5	0	1	13	1	13	0.075	18.0
H1-13-1.751	H1-13-1.237	53.846	13	6	0	1	13	1	13	0.075	18.0
H1-13-1.751	H1-13-1.717	46.154	13	7	0	1	13	1	13	0.077	18.0
H1-13-1.751	H1-13-1.316	50.000	12	6	0	2	13	2	13	0.084	18.0
H1-13-1.751	H1-13-1.28	58.333	12	5	0	2	13	2	13	0.093	18.0
H1-13-1.751	H1-13-1.9	46.154	13	7	0	1	13	1	13	0.10	17.6
H1-13-1.751	H1-13-1.677	50.000	12	6	0	1	12	1	12	0.10	17.6
H1-13-1.751	H1-13-1.288	50.000	12	6	0	2	13	2	13	0.11	17.6
H1-13-1.751	H1-13-1.50	46.154	13	7	0	1	13	1	13	0.11	17.6
H1-13-1.751	H1-13-1.280	53.846	13	6	0	1	13	1	13	0.12	17.6
H1-13-1.751	H1-13-1.459	46.154	13	7	0	1	13	1	13	0.12	17.6
H1-13-1.751	H1-13-1.732	50.000	12	6	0	2	13	2	13	0.12	17.6
H1-13-1.751	H1-13-1.285	46.154	13	7	0	1	13	1	13	0.13	17.6
H1-13-1.751	H1-13-1.64	58.333	12	5	0	2	13	2	13	0.14	17.6
H1-13-1.751	H1-13-1.345	50.000	12	6	0	2	13	2	13	0.15	17.2
H1-13-1.751	H1-13-1.638	50.000	12	6	0	1	12	1	12	0.15	17.2
H1-13-1.751	H1-13-1.553	50.000	12	6	0	1	12	1	12	0.17	17.2
H1-13-1.751	H1-13-*.488	58.333	12	5	0	1	12	1	12	0.18	17.2
H1-13-1.751	H1-13-1.38	50.000	12	6	0	2	13	2	13	0.19	17.2
H1-13-1.751	H1-13-1.52	50.000	12	6	0	1	12	1	12	0.20	17.2
H1-13-1.751	H1-13-1.690	50.000	12	6	0	2	13	2	13	0.21	17.2
H1-13-1.751	H1-13-1.281	41.667	12	7	0	1	12	1	12	0.21	17.2
H1-13-1.751	H1-13-1.12	46.154	13	7	0	1	13	1	13	0.21	17.2
H1-13-1.751	H1-13-1.500	54.545	11	5	0	2	12	2	12	0.21	16.8
H1-13-1.751	H1-13-4.347	46.154	13	7	0	1	13	1	13	0.21	16.8
H1-13-1.751	H1-13-1.471	50.000	12	6	0	2	13	2	13	0.24	16.8
H1-13-1.751	H1-13-1.286	46.154	13	7	0	1	13	1	13	0.24	16.8
H1-13-1.751	H1-13-1.672	50.000	12	6	0	1	12	1	12	0.26	16.8
H1-13-1.751	H1-13-1.308	50.000	12	6	0	2	13	2	13	0.26	16.8
H1-13-1.751	H1-13-1.661	41.667	12	7	0	2	13	2	13	0.27	16.8
H1-13-1.751	H1-13-1.15	60.000	10	4	0	1	10	1	10	0.27	16.8
H1-13-1.751	H1-13-1.749	58.333	12	5	0	1	12	1	12	0.28	16.8
H1-13-1.751	H1-13-1.561	38.462	13	8	0	1	13	1	13	0.29	16.8
H1-13-1.751	H1-13-1.596	41.667	12	7	0	1	12	1	12	0.32	16.3
H1-13-1.751	H1-13-1.428	41.667	12	7	0	2	13	2	13	0.32	16.3
H1-13-1.751	H1-13-1.166	50.000	12	6	0	1	12	1	12	0.33	16.3
H1-13-1.751	H1-13-1.453	41.667	12	7	0	2	13	2	13	0.34	16.3
H1-13-1.751	H1-13-1.457	53.846	13	6	0	1	13	1	13	0.34	16.3
H1-13-1.751	H1-13-1.328	46.154	13	7	0	1	13	1	13	0.34	16.3
H1-13-1.751	H1-13-1.83	50.000	12	6	0	2	13	2	13	0.35	16.3
H1-13-1.751	H1-13-1.742	46.154	13	7	0	1	13	1	13	0.35	16.3
H1-13-1.751	H1-13-1.466	54.545	11	5	0	3	13	3	13	0.35	16.3
H1-13-1.751	H1-13-1.725	60.000	10	4	0	1	10	1	10	0.36	16.3
H1-13-1.751	H1-13-1.436	46.154	13	7	0	1	13	1	13	0.38	16.3
H1-13-1.751	H1-13-1.735	46.154	13	7	0	1	13	1	13	0.39	16.3
H1-13-1.751	H1-13-1.194	46.154	13	7	0	1	13	1	13	0.42	16.3
H1-13-1.751	H1-13-1.253	45.455	11	6	0	3	13	3	13	0.43	16.3
H1-13-1.751	H1-13-1.290	41.667	12	7	0	2	13	2	13	0.43	16.3
H1-13-1.751	H1-13-1.548	46.154	13	7	0	1	13	1	13	0.47	15.9
H1-13-1.751	H1-13-1.80	54.545	11	5	0	2	12	2	12	0.48	15.9
H1-13-1.751	H1-13-1.20	38.462	13	8	0	1	13	1	13	0.49	15.9
H1-13-1.751	H1-13-1.168	38.462	13	8	0	1	13	1	13	0.52	15.9
H1-13-1.751	H1-13-1.204	41.667	12	7	0	1	12	1	12	0.52	15.9
H1-13-1.751	H1-13-1.456	45.455	11	6	0	2	12	2	12	0.54	15.9
H1-13-1.751	H1-13-*.671	60.000	10	4	0	1	10	1	10	0.58	15.9
H1-13-1.751	H1-13-1.197	50.000	12	6	0	2	13	2	13	0.58	15.9
H1-13-1.751	H1-13-1.389	41.667	12	7	0	2	13	2	13	0.59	15.9
H1-13-1.751	H1-13-1.172	46.154	13	7	0	1	13	1	13	0.59	15.9
H1-13-1.751	H1-13-1.183	46.154	13	7	0	1	13	1	13	0.61	15.9
H1-13-1.751	H1-13-1.744	45.455	11	6	0	2	12	2	12	0.62	15.5
H1-13-1.751	H1-13-4.262	70.000	10	3	0	1	10	1	10	0.63	15.5
H1-13-1.751	H1-13-1.179	41.667	12	7	0	1	12	1	12	0.63	15.5
H1-13-1.751	H1-13-1.576	46.154	13	7	0	1	13	1	13	0.65	15.5
H1-13-1.751	H1-13-*.578	60.000	10	4	0	3	12	3	12	0.68	15.5
H1-13-1.751	H1-13-1.173	60.000	10	4	0	1	10	1	10	0.68	15.5
H1-13-1.751	H1-13-1.319	70.000	10	3	0	3	12	3	12	0.68	15.5
H1-13-1.751	H1-13-1.10	41.667	12	7	0	1	12	1	12	0.69	15.5
H1-13-1.751	H1-13-1.101	41.667	12	7	0	2	13	2	13	0.80	15.5
H1-13-1.751	H1-13-1.426	41.667	12	7	0	1	12	1	12	0.83	15.5
H1-13-1.751	H1-13-1.549	54.545	11	5	0	3	13	3	13	0.85	15.5
H1-13-1.751	H1-13-1.653	45.455	11	6	0	2	12	2	12	0.86	15.5
H1-13-1.751	H1-13-1.320	75.000	8	2	0	3	10	3	10	0.88	15.5
H1-13-1.751	H1-13-1.310	46.154	13	7	0	1	13	1	13	1.0	15.1
H1-13-1.751	H1-13-1.210	38.462	13	8	0	1	13	1	13	1.0	15.1
H1-13-1.751	H1-13-1.703	41.667	12	7	0	1	12	1	12	1.1	15.1
H1-13-1.751	H1-13-1.464	38.462	13	8	0	1	13	1	13	1.1	15.1
H1-13-1.751	H1-13-1.86	41.667	12	7	0	2	13	2	13	1.1	15.1
H1-13-1.751	H1-13-1.631	45.455	11	6	0	2	12	2	12	1.2	15.1
H1-13-1.751	H1-13-1.322	38.462	13	8	0	1	13	1	13	1.4	14.6
H1-13-1.751	H1-13-1.169	70.000	10	3	0	1	10	1	10	1.4	14.6
H1-13-1.751	H1-13-1.301	50.000	10	5	0	1	10	1	10	1.4	14.6
H1-13-1.751	H1-13-1.454	50.000	10	5	0	1	10	1	10	1.5	14.6
H1-13-1.751	H1-13-1.746	41.667	12	7	0	2	13	2	13	1.6	14.6
H1-13-1.751	H1-13-1.663	38.462	13	8	0	1	13	1	13	1.7	14.6
H1-13-1.751	H1-13-1.572	41.667	12	7	0	2	13	2	13	1.7	14.6
H1-13-1.751	H1-13-1.560	41.667	12	7	0	1	12	1	12	1.7	14.6
H1-13-1.751	H1-13-1.439	38.462	13	8	0	1	13	1	13	1.7	14.6
H1-13-1.751	H1-13-1.430	41.667	12	7	0	2	13	2	13	1.7	14.6
H1-13-1.751	H1-13-1.675	41.667	12	7	0	1	12	1	12	1.8	14.6
H1-13-1.751	H1-13-1.113	41.667	12	7	0	2	13	2	13	1.8	14.6
H1-13-1.751	H1-13-1.109	55.556	9	4	0	2	10	2	10	1.8	14.2
H1-13-1.751	H1-13-3.363	46.154	13	7	0	1	13	1	13	1.9	14.2
H1-13-1.751	H1-13-1.715	55.556	9	4	0	2	10	2	10	1.9	14.2
H1-13-1.751	H1-13-1.739	55.556	9	4	0	2	10	2	10	2.1	14.2
H1-13-1.751	H1-13-1.298	50.000	10	5	0	1	10	1	10	2.1	14.2
H1-13-1.751	H1-13-1.121	55.556	9	4	0	2	10	2	10	2.1	14.2
H1-13-1.751	H1-13-1.309	50.000	10	5	0	1	10	1	10	2.2	14.2
H1-13-1.751	H1-13-1.584	41.667	12	7	0	1	12	1	12	2.4	14.2
H1-13-1.751	H1-13-4.627	50.000	10	5	0	3	12	3	12	2.8	13.8
H1-13-1.751	H1-13-1.521	62.500	8	3	0	3	10	3	10	2.8	13.8
H1-13-1.751	H1-13-1.357	46.154	13	7	0	1	13	1	13	3.0	13.8
H1-13-1.751	H1-13-*.289	55.556	9	4	0	2	10	2	10	3.0	13.8
H1-13-1.751	H1-13-1.354	46.154	13	7	0	1	13	1	13	3.0	13.8
H1-13-1.751	H1-13-4.537	60.000	10	4	0	1	10	1	10	3.3	13.8
H1-13-1.751	H1-13-1.658	60.000	10	4	0	1	10	1	10	3.4	13.8
H1-13-1.751	H1-13-1.711	60.000	10	4	0	1	10	1	10	4.0	13.4
H1-13-1.751	H1-13-1.269	55.556	9	4	0	2	10	2	10	4.2	13.4
H1-13-1.751	H1-13-1.295	33.333	12	8	0	2	13	2	13	4.2	13.4
H1-13-1.751	H1-13-1.728	46.154	13	7	0	1	13	1	13	5.0	13.4
H1-13-1.751	H1-13-1.432	60.000	10	4	0	1	10	1	10	5.0	13.4
H1-13-1.751	H1-13-1.558	44.444	9	5	0	1	9	1	9	7.2	12.9
H1-13-1.751	H1-13-1.369	50.000	10	5	0	1	10	1	10	7.4	12.9
H1-13-1.751	H1-13-4.485	45.455	11	6	0	2	12	2	12	7.7	12.9
H1-13-1.751	H1-13-1.696	33.333	12	8	0	2	13	2	13	8.0	12.9
H1-13-1.751	H1-13-*.123	30.769	13	9	0	1	13	1	13	8.5	12.9
H1-13-1.751	H1-13-6.117	50.000	10	5	0	1	10	1	10	11	12.5
H1-13-1.751	H1-13-1.686	38.462	13	8	0	1	13	1	13	12	12.5
H1-13-1.751	H1-13-1.478	55.556	9	4	0	2	10	2	10	13	12.1
H1-13-1.751	H1-13-4.315	50.000	10	5	0	1	10	1	10	14	12.1
H1-13-1.751	H1-13-1.352	30.769	13	9	0	1	13	1	13	14	12.1
H1-13-1.751	H1-13-4.550	40.000	10	6	0	3	12	3	12	16	12.1
H1-13-1.751	H1-13-1.492	30.769	13	9	0	1	13	1	13	16	12.1
H1-13-1.751	H1-13-*.540	36.364	11	7	0	2	12	2	12	18	12.1
H1-13-1.751	H1-13-3.418	36.364	11	7	0	2	12	2	12	18	12.1
H1-13-1.751	H1-13-1.730	44.444	9	5	0	1	9	1	9	20	11.7
H1-13-1.751	H1-13-7.463	66.667	9	3	0	1	9	1	9	21	11.7
H1-13-1.751	H1-13-1.323	50.000	8	4	0	2	9	2	9	22	11.7
H1-13-1.751	H1-13-*.682	38.462	13	8	0	1	13	1	13	23	11.7
H1-13-1.751	H1-13-3.300	36.364	11	7	0	2	12	2	12	24	11.7
H1-13-1.751	H1-13-3.699	41.667	12	7	0	1	12	1	12	24	11.7
H1-13-1.751	H1-13-7.503	66.667	9	3	0	1	9	1	9	26	11.7
H1-13-1.751	H1-13-4.276	55.556	9	4	0	1	9	1	9	26	11.7
H1-13-1.751	H1-13-*.474	71.429	7	2	0	1	7	1	7	28	11.2
H1-13-1.751	H1-13-5.652	33.333	12	8	0	1	12	1	12	34	11.2
H1-13-1.751	H1-13-*.525	33.333	12	8	0	2	13	2	13	43	10.8
H1-13-1.751	H1-13-1.700	40.000	10	6	0	3	12	3	12	56	10.8
H1-13-1.751	H1-13-*.163	33.333	12	8	0	1	12	1	12	71	10.4
H1-13-1.751	H1-13-*.640	36.364	11	7	0	2	12	2	12	73	10.4
H1-13-1.751	H1-13-*.494	33.333	12	8	0	1	12	1	12	82	10.0
H1-13-1.751	H1-13-1.434	40.000	10	6	0	3	12	3	12	92	10.0
H1-13-1.751	H1-13-*.116	30.769	13	9	0	1	13	1	13	185	 9.1
