H1-13-1.752	H1-13-1.415	84.615	13	2	0	1	13	1	13	8.17e-05	25.7
H1-13-1.752	H1-13-1.11	91.667	12	1	0	2	13	2	13	1.32e-04	25.2
H1-13-1.752	H1-13-1.717	91.667	12	1	0	2	13	2	13	1.35e-04	25.2
H1-13-1.752	H1-13-1.651	91.667	12	1	0	2	13	2	13	1.88e-04	24.8
H1-13-1.752	H1-13-1.345	91.667	12	1	0	2	13	2	13	1.92e-04	24.8
H1-13-1.752	H1-13-1.50	91.667	12	1	0	2	13	2	13	1.95e-04	24.8
H1-13-1.752	H1-13-1.459	91.667	12	1	0	2	13	2	13	2.09e-04	24.8
H1-13-1.752	H1-13-1.458	91.667	12	1	0	2	13	2	13	2.30e-04	24.8
H1-13-1.752	H1-13-1.638	100.000	11	0	0	2	12	2	12	2.68e-04	24.4
H1-13-1.752	H1-13-1.553	100.000	11	0	0	2	12	2	12	2.88e-04	24.4
H1-13-1.752	H1-13-1.466	76.923	13	3	0	1	13	1	13	3.44e-04	24.4
H1-13-1.752	H1-13-1.285	83.333	12	2	0	2	13	2	13	3.57e-04	24.4
H1-13-1.752	H1-13-1.561	83.333	12	2	0	2	13	2	13	3.83e-04	24.0
H1-13-1.752	H1-13-1.308	76.923	13	3	0	1	13	1	13	3.92e-04	24.0
H1-13-1.752	H1-13-1.447	83.333	12	2	0	2	13	2	13	5.03e-04	24.0
H1-13-1.752	H1-13-1.510	83.333	12	2	0	2	13	2	13	5.40e-04	23.5
H1-13-1.752	H1-13-1.596	90.909	11	1	0	2	12	2	12	5.47e-04	23.5
H1-13-1.752	H1-13-1.291	83.333	12	2	0	2	13	2	13	5.53e-04	23.5
H1-13-1.752	H1-13-1.99	83.333	12	2	0	2	13	2	13	6.01e-04	23.5
H1-13-1.752	H1-13-1.534	83.333	12	2	0	2	13	2	13	6.85e-04	23.5
H1-13-1.752	H1-13-1.748	83.333	12	2	0	2	13	2	13	7.53e-04	23.5
H1-13-1.752	H1-13-1.271	75.000	12	3	0	2	13	2	13	7.53e-04	23.5
H1-13-1.752	H1-13-1.739	76.923	13	3	0	1	13	1	13	8.28e-04	23.1
H1-13-1.752	H1-13-1.145	75.000	12	3	0	2	13	2	13	0.001	23.1
H1-13-1.752	H1-13-1.166	90.909	11	1	0	2	12	2	12	0.001	23.1
H1-13-1.752	H1-13-1.204	90.909	11	1	0	2	12	2	12	0.001	23.1
H1-13-1.752	H1-13-1.288	75.000	12	3	0	2	13	2	13	0.001	23.1
H1-13-1.752	H1-13-1.9	75.000	12	3	0	2	13	2	13	0.001	23.1
H1-13-1.752	H1-13-1.732	75.000	12	3	0	2	13	2	13	0.001	23.1
H1-13-1.752	H1-13-1.567	83.333	12	2	0	2	13	2	13	0.001	23.1
H1-13-1.752	H1-13-1.179	90.909	11	1	0	2	12	2	12	0.001	23.1
H1-13-1.752	H1-13-1.28	83.333	12	2	0	2	13	2	13	0.001	22.7
H1-13-1.752	H1-13-1.10	90.909	11	1	0	2	12	2	12	0.001	22.7
H1-13-1.752	H1-13-1.109	83.333	12	2	0	1	12	1	12	0.001	22.7
H1-13-1.752	H1-13-1.703	90.909	11	1	0	2	12	2	12	0.001	22.7
H1-13-1.752	H1-13-1.646	75.000	12	3	0	2	13	2	13	0.002	22.7
H1-13-1.752	H1-13-1.428	61.538	13	5	0	1	13	1	13	0.002	22.3
H1-13-1.752	H1-13-1.439	83.333	12	2	0	2	13	2	13	0.002	22.3
H1-13-1.752	H1-13-2.42	69.231	13	4	0	1	13	1	13	0.002	22.3
H1-13-1.752	H1-13-1.500	81.818	11	2	0	2	12	2	12	0.002	22.3
H1-13-1.752	H1-13-1.574	75.000	12	3	0	2	13	2	13	0.002	22.3
H1-13-1.752	H1-13-1.191	75.000	12	3	0	2	13	2	13	0.002	22.3
H1-13-1.752	H1-13-1.714	83.333	12	2	0	2	13	2	13	0.002	22.3
H1-13-1.752	H1-13-1.406	66.667	12	4	0	2	13	2	13	0.002	22.3
H1-13-1.752	H1-13-1.602	81.818	11	2	0	2	12	2	12	0.002	22.3
H1-13-1.752	H1-13-1.408	75.000	12	3	0	2	13	2	13	0.002	21.8
H1-13-1.752	H1-13-1.676	83.333	12	2	0	2	13	2	13	0.002	21.8
H1-13-1.752	H1-13-1.83	75.000	12	3	0	2	13	2	13	0.003	21.8
H1-13-1.752	H1-13-1.168	75.000	12	3	0	2	13	2	13	0.004	21.4
H1-13-1.752	H1-13-1.79	81.818	11	2	0	2	12	2	12	0.004	21.4
H1-13-1.752	H1-13-1.631	81.818	11	2	0	2	12	2	12	0.004	21.4
H1-13-1.752	H1-13-1.301	83.333	12	2	0	2	13	2	13	0.004	21.4
H1-13-1.752	H1-13-1.290	66.667	12	4	0	2	13	2	13	0.004	21.4
H1-13-1.752	H1-13-1.598	75.000	12	3	0	2	13	2	13	0.004	21.4
H1-13-1.752	H1-13-1.52	81.818	11	2	0	2	12	2	12	0.004	21.4
H1-13-1.752	H1-13-1.309	81.818	11	2	0	2	12	2	12	0.005	21.4
H1-13-1.752	H1-13-*.289	75.000	12	3	0	1	12	1	12	0.005	21.4
H1-13-1.752	H1-13-1.702	90.909	11	1	0	2	12	2	12	0.005	21.4
H1-13-1.752	H1-13-*.144	81.818	11	2	0	2	12	2	12	0.005	21.4
H1-13-1.752	H1-13-1.742	75.000	12	3	0	2	13	2	13	0.005	21.4
H1-13-1.752	H1-13-1.454	90.909	11	1	0	2	12	2	12	0.005	21.4
H1-13-1.752	H1-13-1.322	75.000	12	3	0	2	13	2	13	0.005	21.4
H1-13-1.752	H1-13-1.399	66.667	12	4	0	2	13	2	13	0.005	21.0
H1-13-1.752	H1-13-1.328	66.667	12	4	0	2	13	2	13	0.005	21.0
H1-13-1.752	H1-13-1.562	81.818	11	2	0	2	12	2	12	0.005	21.0
H1-13-1.752	H1-13-4.211	75.000	12	3	0	2	13	2	13	0.006	21.0
H1-13-1.752	H1-13-1.581	81.818	11	2	0	2	12	2	12	0.006	21.0
H1-13-1.752	H1-13-1.560	81.818	11	2	0	2	12	2	12	0.006	21.0
H1-13-1.752	H1-13-1.390	81.818	11	2	0	2	12	2	12	0.006	21.0
H1-13-1.752	H1-13-1.106	66.667	12	4	0	2	13	2	13	0.006	21.0
H1-13-1.752	H1-13-1.451	81.818	11	2	0	2	12	2	12	0.006	21.0
H1-13-1.752	H1-13-1.198	75.000	12	3	0	2	13	2	13	0.006	21.0
H1-13-1.752	H1-13-1.719	75.000	12	3	0	2	13	2	13	0.007	21.0
H1-13-1.752	H1-13-1.536	66.667	12	4	0	2	13	2	13	0.007	21.0
H1-13-1.752	H1-13-1.29	66.667	12	4	0	2	13	2	13	0.007	20.6
H1-13-1.752	H1-13-1.279	75.000	12	3	0	2	13	2	13	0.008	20.6
H1-13-1.752	H1-13-1.527	58.333	12	5	0	2	13	2	13	0.008	20.6
H1-13-1.752	H1-13-1.229	81.818	11	2	0	2	12	2	12	0.008	20.6
H1-13-1.752	H1-13-1.348	80.000	10	2	0	3	12	3	12	0.008	20.6
H1-13-1.752	H1-13-1.12	66.667	12	4	0	2	13	2	13	0.008	20.6
H1-13-1.752	H1-13-4.67	81.818	11	2	0	2	12	2	12	0.008	20.6
H1-13-1.752	H1-13-1.356	58.333	12	5	0	2	13	2	13	0.009	20.6
H1-13-1.752	H1-13-1.101	66.667	12	4	0	2	13	2	13	0.009	20.6
H1-13-1.752	H1-13-1.481	58.333	12	5	0	2	13	2	13	0.009	20.6
H1-13-1.752	H1-13-1.629	81.818	11	2	0	2	12	2	12	0.009	20.6
H1-13-1.752	H1-13-1.641	66.667	12	4	0	2	13	2	13	0.009	20.6
H1-13-1.752	H1-13-1.321	66.667	12	4	0	2	13	2	13	0.009	20.6
H1-13-1.752	H1-13-1.161	72.727	11	3	0	2	12	2	12	0.010	20.6
H1-13-1.752	H1-13-1.692	66.667	12	4	0	2	13	2	13	0.010	20.6
H1-13-1.752	H1-13-1.89	81.818	11	2	0	2	12	2	12	0.011	20.6
H1-13-1.752	H1-13-1.720	66.667	12	4	0	2	13	2	13	0.011	20.2
H1-13-1.752	H1-13-1.282	66.667	12	4	0	2	13	2	13	0.011	20.2
H1-13-1.752	H1-13-1.272	81.818	11	2	0	2	12	2	12	0.011	20.2
H1-13-1.752	H1-13-1.543	75.000	12	3	0	2	13	2	13	0.012	20.2
H1-13-1.752	H1-13-1.298	75.000	12	3	0	2	13	2	13	0.012	20.2
H1-13-1.752	H1-13-1.353	81.818	11	2	0	2	12	2	12	0.012	20.2
H1-13-1.752	H1-13-1.316	58.333	12	5	0	2	13	2	13	0.012	20.2
H1-13-1.752	H1-13-1.100	58.333	12	5	0	2	13	2	13	0.012	20.2
H1-13-1.752	H1-13-1.635	66.667	12	4	0	2	13	2	13	0.013	20.2
H1-13-1.752	H1-13-1.213	75.000	12	3	0	2	13	2	13	0.013	20.2
H1-13-1.752	H1-13-1.222	58.333	12	5	0	2	13	2	13	0.013	20.2
H1-13-1.752	H1-13-1.303	75.000	12	3	0	2	13	2	13	0.013	20.2
H1-13-1.752	H1-13-1.477	58.333	12	5	0	1	12	1	12	0.013	20.2
H1-13-1.752	H1-13-*.54	58.333	12	5	0	2	13	2	13	0.013	20.2
H1-13-1.752	H1-13-1.280	66.667	12	4	0	2	13	2	13	0.014	20.2
H1-13-1.752	H1-13-1.559	81.818	11	2	0	2	12	2	12	0.014	20.2
H1-13-1.752	H1-13-1.108	58.333	12	5	0	2	13	2	13	0.014	20.2
H1-13-1.752	H1-13-1.564	58.333	12	5	0	2	13	2	13	0.014	20.2
H1-13-1.752	H1-13-1.190	75.000	12	3	0	2	13	2	13	0.014	20.2
H1-13-1.752	H1-13-1.135	61.538	13	5	0	1	13	1	13	0.015	20.2
H1-13-1.752	H1-13-1.251	66.667	12	4	0	2	13	2	13	0.015	20.2
H1-13-1.752	H1-13-1.214	66.667	12	4	0	1	12	1	12	0.015	20.2
H1-13-1.752	H1-13-1.102	66.667	12	4	0	2	13	2	13	0.015	20.2
H1-13-1.752	H1-13-1.430	66.667	12	4	0	2	13	2	13	0.015	20.2
H1-13-1.752	H1-13-1.216	66.667	12	4	0	2	13	2	13	0.015	20.2
H1-13-1.752	H1-13-1.41	58.333	12	5	0	2	13	2	13	0.015	20.2
H1-13-1.752	H1-13-1.599	66.667	12	4	0	2	13	2	13	0.015	20.2
H1-13-1.752	H1-13-1.248	58.333	12	5	0	2	13	2	13	0.016	19.7
H1-13-1.752	H1-13-1.143	58.333	12	5	0	2	13	2	13	0.016	19.7
H1-13-1.752	H1-13-1.221	72.727	11	3	0	2	12	2	12	0.016	19.7
H1-13-1.752	H1-13-1.275	66.667	12	4	0	2	13	2	13	0.016	19.7
H1-13-1.752	H1-13-1.436	66.667	12	4	0	2	13	2	13	0.016	19.7
H1-13-1.752	H1-13-1.572	66.667	12	4	0	2	13	2	13	0.017	19.7
H1-13-1.752	H1-13-1.302	81.818	11	2	0	2	12	2	12	0.017	19.7
H1-13-1.752	H1-13-1.257	81.818	11	2	0	2	12	2	12	0.017	19.7
H1-13-1.752	H1-13-1.660	66.667	12	4	0	2	13	2	13	0.018	19.7
H1-13-1.752	H1-13-*.552	81.818	11	2	0	2	12	2	12	0.018	19.7
H1-13-1.752	H1-13-1.201	58.333	12	5	0	2	13	2	13	0.018	19.7
H1-13-1.752	H1-13-1.80	72.727	11	3	0	2	12	2	12	0.019	19.7
H1-13-1.752	H1-13-1.725	81.818	11	2	0	2	12	2	12	0.019	19.7
H1-13-1.752	H1-13-1.372	58.333	12	5	0	2	13	2	13	0.019	19.7
H1-13-1.752	H1-13-3.300	66.667	12	4	0	1	12	1	12	0.020	19.7
H1-13-1.752	H1-13-1.326	72.727	11	3	0	2	12	2	12	0.020	19.7
H1-13-1.752	H1-13-1.377	81.818	11	2	0	2	12	2	12	0.020	19.7
H1-13-1.752	H1-13-1.305	72.727	11	3	0	2	12	2	12	0.021	19.7
H1-13-1.752	H1-13-1.40	58.333	12	5	0	2	13	2	13	0.021	19.7
H1-13-1.752	H1-13-1.630	81.818	11	2	0	2	12	2	12	0.021	19.7
H1-13-1.752	H1-13-1.526	58.333	12	5	0	2	13	2	13	0.022	19.7
H1-13-1.752	H1-13-1.411	58.333	12	5	0	2	13	2	13	0.022	19.7
H1-13-1.752	H1-13-1.471	58.333	12	5	0	2	13	2	13	0.022	19.7
H1-13-1.752	H1-13-1.114	81.818	11	2	0	2	12	2	12	0.022	19.7
H1-13-1.752	H1-13-1.661	58.333	12	5	0	2	13	2	13	0.023	19.3
H1-13-1.752	H1-13-1.548	66.667	12	4	0	2	13	2	13	0.023	19.3
H1-13-1.752	H1-13-1.55	72.727	11	3	0	2	12	2	12	0.023	19.3
H1-13-1.752	H1-13-1.21	58.333	12	5	0	2	13	2	13	0.024	19.3
H1-13-1.752	H1-13-1.140	58.333	12	5	0	2	13	2	13	0.024	19.3
H1-13-1.752	H1-13-1.549	53.846	13	6	0	1	13	1	13	0.024	19.3
H1-13-1.752	H1-13-1.751	53.846	13	6	0	1	13	1	13	0.025	19.3
H1-13-1.752	H1-13-1.374	72.727	11	3	0	2	12	2	12	0.026	19.3
H1-13-1.752	H1-13-3.493	50.000	12	6	0	2	13	2	13	0.026	19.3
H1-13-1.752	H1-13-1.20	58.333	12	5	0	2	13	2	13	0.026	19.3
H1-13-1.752	H1-13-1.636	66.667	12	4	0	1	12	1	12	0.027	19.3
H1-13-1.752	H1-13-1.38	58.333	12	5	0	2	13	2	13	0.027	19.3
H1-13-1.752	H1-13-1.650	66.667	12	4	0	2	13	2	13	0.027	19.3
H1-13-1.752	H1-13-1.584	72.727	11	3	0	2	12	2	12	0.027	19.3
H1-13-1.752	H1-13-1.453	58.333	12	5	0	2	13	2	13	0.029	19.3
H1-13-1.752	H1-13-1.246	72.727	11	3	0	2	12	2	12	0.029	19.3
H1-13-1.752	H1-13-1.541	66.667	12	4	0	2	13	2	13	0.030	19.3
H1-13-1.752	H1-13-1.643	66.667	12	4	0	2	13	2	13	0.031	19.3
H1-13-1.752	H1-13-1.76	72.727	11	3	0	2	12	2	12	0.031	19.3
H1-13-1.752	H1-13-4.550	72.727	11	3	0	2	12	2	12	0.032	19.3
H1-13-1.752	H1-13-1.675	72.727	11	3	0	2	12	2	12	0.033	18.9
H1-13-1.752	H1-13-1.364	75.000	12	3	0	2	13	2	13	0.033	18.9
H1-13-1.752	H1-13-1.563	61.538	13	5	0	1	13	1	13	0.034	18.9
H1-13-1.752	H1-13-1.325	58.333	12	5	0	2	13	2	13	0.034	18.9
H1-13-1.752	H1-13-1.58	72.727	11	3	0	2	12	2	12	0.034	18.9
H1-13-1.752	H1-13-1.706	53.846	13	6	0	1	13	1	13	0.034	18.9
H1-13-1.752	H1-13-1.239	63.636	11	4	0	2	12	2	12	0.035	18.9
H1-13-1.752	H1-13-*.662	66.667	12	4	0	2	13	2	13	0.037	18.9
H1-13-1.752	H1-13-1.715	66.667	12	4	0	2	13	2	13	0.037	18.9
H1-13-1.752	H1-13-1.173	66.667	12	4	0	2	13	2	13	0.038	18.9
H1-13-1.752	H1-13-1.97	66.667	12	4	0	2	13	2	13	0.040	18.9
H1-13-1.752	H1-13-1.247	58.333	12	5	0	2	13	2	13	0.041	18.9
H1-13-1.752	H1-13-1.746	58.333	12	5	0	2	13	2	13	0.041	18.9
H1-13-1.752	H1-13-1.551	81.818	11	2	0	2	12	2	12	0.042	18.9
H1-13-1.752	H1-13-1.522	58.333	12	5	0	2	13	2	13	0.043	18.9
H1-13-1.752	H1-13-1.205	66.667	12	4	0	2	13	2	13	0.043	18.9
H1-13-1.752	H1-13-1.212	66.667	12	4	0	2	13	2	13	0.043	18.9
H1-13-1.752	H1-13-1.146	53.846	13	6	0	1	13	1	13	0.043	18.9
H1-13-1.752	H1-13-1.61	66.667	12	4	0	2	13	2	13	0.044	18.9
H1-13-1.752	H1-13-1.438	61.538	13	5	0	1	13	1	13	0.045	18.9
H1-13-1.752	H1-13-1.124	66.667	12	4	0	2	13	2	13	0.045	18.9
H1-13-1.752	H1-13-1.476	66.667	12	4	0	2	13	2	13	0.046	18.9
H1-13-1.752	H1-13-1.293	58.333	12	5	0	2	13	2	13	0.046	18.9
H1-13-1.752	H1-13-1.396	75.000	12	3	0	2	13	2	13	0.046	18.9
H1-13-1.752	H1-13-*.413	81.818	11	2	0	2	12	2	12	0.047	18.9
H1-13-1.752	H1-13-1.206	58.333	12	5	0	2	13	2	13	0.050	18.5
H1-13-1.752	H1-13-1.180	58.333	12	5	0	2	13	2	13	0.050	18.5
H1-13-1.752	H1-13-1.601	66.667	12	4	0	2	13	2	13	0.051	18.5
H1-13-1.752	H1-13-*.462	66.667	12	4	0	2	13	2	13	0.051	18.5
H1-13-1.752	H1-13-1.547	66.667	12	4	0	2	13	2	13	0.051	18.5
H1-13-1.752	H1-13-1.5	66.667	12	4	0	2	13	2	13	0.051	18.5
H1-13-1.752	H1-13-*.393	66.667	12	4	0	2	13	2	13	0.052	18.5
H1-13-1.752	H1-13-1.95	46.154	13	7	0	1	13	1	13	0.052	18.5
H1-13-1.752	H1-13-1.217	72.727	11	3	0	2	12	2	12	0.052	18.5
H1-13-1.752	H1-13-1.16	66.667	12	4	0	1	12	1	12	0.052	18.5
H1-13-1.752	H1-13-*.401	58.333	12	5	0	2	13	2	13	0.053	18.5
H1-13-1.752	H1-13-1.656	58.333	12	5	0	2	13	2	13	0.054	18.5
H1-13-1.752	H1-13-1.286	66.667	12	4	0	2	13	2	13	0.054	18.5
H1-13-1.752	H1-13-1.744	63.636	11	4	0	2	12	2	12	0.055	18.5
H1-13-1.752	H1-13-1.735	66.667	12	4	0	2	13	2	13	0.056	18.5
H1-13-1.752	H1-13-1.532	72.727	11	3	0	2	12	2	12	0.056	18.5
H1-13-1.752	H1-13-*.424	66.667	12	4	0	1	12	1	12	0.057	18.5
H1-13-1.752	H1-13-1.516	58.333	12	5	0	2	13	2	13	0.060	18.5
H1-13-1.752	H1-13-1.489	58.333	12	5	0	2	13	2	13	0.060	18.5
H1-13-1.752	H1-13-1.242	58.333	12	5	0	2	13	2	13	0.060	18.5
H1-13-1.752	H1-13-1.579	75.000	12	3	0	2	13	2	13	0.061	18.5
H1-13-1.752	H1-13-1.384	58.333	12	5	0	2	13	2	13	0.061	18.5
H1-13-1.752	H1-13-1.380	58.333	12	5	0	2	13	2	13	0.062	18.5
H1-13-1.752	H1-13-1.200	66.667	12	4	0	2	13	2	13	0.062	18.5
H1-13-1.752	H1-13-1.569	63.636	11	4	0	2	12	2	12	0.065	18.5
H1-13-1.752	H1-13-1.431	72.727	11	3	0	2	12	2	12	0.065	18.5
H1-13-1.752	H1-13-*.495	72.727	11	3	0	2	12	2	12	0.065	18.5
H1-13-1.752	H1-13-*.123	66.667	12	4	0	2	13	2	13	0.065	18.5
H1-13-1.752	H1-13-1.386	58.333	12	5	0	2	13	2	13	0.066	18.5
H1-13-1.752	H1-13-1.514	72.727	11	3	0	2	12	2	12	0.068	18.5
H1-13-1.752	H1-13-1.172	58.333	12	5	0	2	13	2	13	0.068	18.5
H1-13-1.752	H1-13-*.455	72.727	11	3	0	2	12	2	12	0.069	18.0
H1-13-1.752	H1-13-1.383	58.333	12	5	0	2	13	2	13	0.074	18.0
H1-13-1.752	H1-13-1.159	77.778	9	2	0	2	10	2	10	0.075	18.0
H1-13-1.752	H1-13-1.249	58.333	12	5	0	2	13	2	13	0.076	18.0
H1-13-1.752	H1-13-1.193	88.889	9	1	0	2	10	2	10	0.076	18.0
H1-13-1.752	H1-13-1.554	58.333	12	5	0	2	13	2	13	0.077	18.0
H1-13-1.752	H1-13-1.197	46.154	13	7	0	1	13	1	13	0.077	18.0
H1-13-1.752	H1-13-1.184	58.333	12	5	0	2	13	2	13	0.077	18.0
H1-13-1.752	H1-13-1.417	63.636	11	4	0	2	12	2	12	0.080	18.0
H1-13-1.752	H1-13-1.412	58.333	12	5	0	2	13	2	13	0.082	18.0
H1-13-1.752	H1-13-1.17	58.333	12	5	0	2	13	2	13	0.082	18.0
H1-13-1.752	H1-13-1.633	72.727	11	3	0	2	12	2	12	0.083	18.0
H1-13-1.752	H1-13-1.37	63.636	11	4	0	2	12	2	12	0.083	18.0
H1-13-1.752	H1-13-1.84	58.333	12	5	0	2	13	2	13	0.084	18.0
H1-13-1.752	H1-13-1.385	58.333	12	5	0	2	13	2	13	0.091	18.0
H1-13-1.752	H1-13-1.388	50.000	12	6	0	2	13	2	13	0.093	18.0
H1-13-1.752	H1-13-1.218	77.778	9	2	0	2	10	2	10	0.093	18.0
H1-13-1.752	H1-13-1.517	77.778	9	2	0	1	9	1	9	0.094	18.0
H1-13-1.752	H1-13-1.696	58.333	12	5	0	2	13	2	13	0.096	18.0
H1-13-1.752	H1-13-1.734	81.818	11	2	0	2	12	2	12	0.097	18.0
H1-13-1.752	H1-13-1.747	58.333	12	5	0	2	13	2	13	0.098	18.0
H1-13-1.752	H1-13-1.253	50.000	12	6	0	2	13	2	13	0.098	18.0
H1-13-1.752	H1-13-1.185	72.727	11	3	0	2	12	2	12	0.098	18.0
H1-13-1.752	H1-13-1.86	77.778	9	2	0	2	10	2	10	0.098	18.0
H1-13-1.752	H1-13-3.529	72.727	11	3	0	2	12	2	12	0.10	17.6
H1-13-1.752	H1-13-1.672	63.636	11	4	0	2	12	2	12	0.10	17.6
H1-13-1.752	H1-13-1.121	77.778	9	2	0	2	10	2	10	0.10	17.6
H1-13-1.752	H1-13-1.710	58.333	12	5	0	2	13	2	13	0.10	17.6
H1-13-1.752	H1-13-1.464	77.778	9	2	0	2	10	2	10	0.10	17.6
H1-13-1.752	H1-13-1.362	66.667	12	4	0	2	13	2	13	0.10	17.6
H1-13-1.752	H1-13-1.270	58.333	12	5	0	2	13	2	13	0.10	17.6
H1-13-1.752	H1-13-1.167	63.636	11	4	0	2	12	2	12	0.11	17.6
H1-13-1.752	H1-13-1.119	66.667	12	4	0	2	13	2	13	0.11	17.6
H1-13-1.752	H1-13-1.31	63.636	11	4	0	2	12	2	12	0.11	17.6
H1-13-1.752	H1-13-1.611	63.636	11	4	0	2	12	2	12	0.11	17.6
H1-13-1.752	H1-13-1.129	46.154	13	7	0	1	13	1	13	0.11	17.6
H1-13-1.752	H1-13-1.486	58.333	12	5	0	2	13	2	13	0.11	17.6
H1-13-1.752	H1-13-1.663	58.333	12	5	0	2	13	2	13	0.11	17.6
H1-13-1.752	H1-13-1.278	58.333	12	5	0	2	13	2	13	0.11	17.6
H1-13-1.752	H1-13-4.627	50.000	12	6	0	1	12	1	12	0.11	17.6
H1-13-1.752	H1-13-1.141	50.000	12	6	0	2	13	2	13	0.11	17.6
H1-13-1.752	H1-13-1.426	63.636	11	4	0	2	12	2	12	0.12	17.6
H1-13-1.752	H1-13-1.491	66.667	12	4	0	2	13	2	13	0.12	17.6
H1-13-1.752	H1-13-3.273	77.778	9	2	0	2	10	2	10	0.12	17.6
H1-13-1.752	H1-13-1.324	50.000	12	6	0	2	13	2	13	0.12	17.6
H1-13-1.752	H1-13-1.619	61.538	13	5	0	1	13	1	13	0.12	17.6
H1-13-1.752	H1-13-*.299	72.727	11	3	0	2	12	2	12	0.12	17.6
H1-13-1.752	H1-13-1.737	63.636	11	4	0	2	12	2	12	0.13	17.6
H1-13-1.752	H1-13-1.523	46.154	13	7	0	1	13	1	13	0.13	17.6
H1-13-1.752	H1-13-1.389	50.000	12	6	0	2	13	2	13	0.13	17.6
H1-13-1.752	H1-13-1.92	58.333	12	5	0	2	13	2	13	0.13	17.6
H1-13-1.752	H1-13-3.418	72.727	11	3	0	2	12	2	12	0.13	17.6
H1-13-1.752	H1-13-1.210	46.154	13	7	0	1	13	1	13	0.13	17.6
H1-13-1.752	H1-13-3.570	63.636	11	4	0	2	12	2	12	0.13	17.6
H1-13-1.752	H1-13-1.241	66.667	12	4	0	2	13	2	13	0.13	17.6
H1-13-1.752	H1-13-1.188	54.545	11	5	0	3	13	3	13	0.13	17.6
H1-13-1.752	H1-13-1.689	58.333	12	5	0	1	12	1	12	0.13	17.6
H1-13-1.752	H1-13-1.513	77.778	9	2	0	2	10	2	10	0.14	17.6
H1-13-1.752	H1-13-3.580	77.778	9	2	0	2	10	2	10	0.14	17.6
H1-13-1.752	H1-13-1.1	50.000	12	6	0	2	13	2	13	0.14	17.2
H1-13-1.752	H1-13-1.583	58.333	12	5	0	2	13	2	13	0.15	17.2
H1-13-1.752	H1-13-1.683	66.667	12	4	0	1	12	1	12	0.15	17.2
H1-13-1.752	H1-13-1.236	54.545	11	5	0	2	12	2	12	0.15	17.2
H1-13-1.752	H1-13-1.697	58.333	12	5	0	2	13	2	13	0.15	17.2
H1-13-1.752	H1-13-1.358	63.636	11	4	0	2	12	2	12	0.16	17.2
H1-13-1.752	H1-13-4.365	100.000	8	0	0	2	9	2	9	0.16	17.2
H1-13-1.752	H1-13-1.156	58.333	12	5	0	2	13	2	13	0.16	17.2
H1-13-1.752	H1-13-1.245	72.727	11	3	0	2	12	2	12	0.16	17.2
H1-13-1.752	H1-13-1.195	58.333	12	5	0	2	13	2	13	0.17	17.2
H1-13-1.752	H1-13-1.60	63.636	11	4	0	2	12	2	12	0.18	17.2
H1-13-1.752	H1-13-1.398	77.778	9	2	0	2	10	2	10	0.18	17.2
H1-13-1.752	H1-13-1.263	46.154	13	7	0	1	13	1	13	0.18	17.2
H1-13-1.752	H1-13-1.131	50.000	12	6	0	1	12	1	12	0.18	17.2
H1-13-1.752	H1-13-1.533	72.727	11	3	0	2	12	2	12	0.19	17.2
H1-13-1.752	H1-13-1.614	66.667	9	3	0	2	10	2	10	0.20	17.2
H1-13-1.752	H1-13-1.136	58.333	12	5	0	2	13	2	13	0.20	17.2
H1-13-1.752	H1-13-1.266	77.778	9	2	0	2	10	2	10	0.20	17.2
H1-13-1.752	H1-13-3.267	72.727	11	3	0	2	12	2	12	0.20	17.2
H1-13-1.752	H1-13-1.142	72.727	11	3	0	2	12	2	12	0.21	17.2
H1-13-1.752	H1-13-1.456	54.545	11	5	0	2	12	2	12	0.21	16.8
H1-13-1.752	H1-13-3.699	58.333	12	5	0	1	12	1	12	0.21	16.8
H1-13-1.752	H1-13-1.292	58.333	12	5	0	2	13	2	13	0.21	16.8
H1-13-1.752	H1-13-1.449	66.667	9	3	0	2	10	2	10	0.22	16.8
H1-13-1.752	H1-13-1.591	58.333	12	5	0	2	13	2	13	0.22	16.8
H1-13-1.752	H1-13-1.509	54.545	11	5	0	2	12	2	12	0.22	16.8
H1-13-1.752	H1-13-1.186	58.333	12	5	0	2	13	2	13	0.22	16.8
H1-13-1.752	H1-13-1.600	66.667	9	3	0	2	10	2	10	0.23	16.8
H1-13-1.752	H1-13-4.738	54.545	11	5	0	2	12	2	12	0.24	16.8
H1-13-1.752	H1-13-1.174	58.333	12	5	0	2	13	2	13	0.24	16.8
H1-13-1.752	H1-13-2.642	54.545	11	5	0	2	12	2	12	0.24	16.8
H1-13-1.752	H1-13-1.492	58.333	12	5	0	2	13	2	13	0.25	16.8
H1-13-1.752	H1-13-1.622	58.333	12	5	0	2	13	2	13	0.25	16.8
H1-13-1.752	H1-13-1.111	87.500	8	1	0	2	9	2	9	0.26	16.8
H1-13-1.752	H1-13-1.105	38.462	13	8	0	1	13	1	13	0.26	16.8
H1-13-1.752	H1-13-3.363	58.333	12	5	0	2	13	2	13	0.26	16.8
H1-13-1.752	H1-13-1.196	58.333	12	5	0	2	13	2	13	0.26	16.8
H1-13-1.752	H1-13-1.81	58.333	12	5	0	2	13	2	13	0.28	16.8
H1-13-1.752	H1-13-1.420	58.333	12	5	0	2	13	2	13	0.29	16.8
H1-13-1.752	H1-13-1.709	63.636	11	4	0	2	12	2	12	0.29	16.8
H1-13-1.752	H1-13-*.647	58.333	12	5	0	2	13	2	13	0.30	16.3
H1-13-1.752	H1-13-*.578	54.545	11	5	0	2	12	2	12	0.30	16.3
H1-13-1.752	H1-13-1.613	87.500	8	1	0	2	9	2	9	0.30	16.3
H1-13-1.752	H1-13-1.465	72.727	11	3	0	2	12	2	12	0.32	16.3
H1-13-1.752	H1-13-1.473	66.667	9	3	0	2	10	2	10	0.33	16.3
H1-13-1.752	H1-13-1.32	50.000	12	6	0	2	13	2	13	0.33	16.3
H1-13-1.752	H1-13-1.44	38.462	13	8	0	1	13	1	13	0.33	16.3
H1-13-1.752	H1-13-*.571	63.636	11	4	0	2	12	2	12	0.34	16.3
H1-13-1.752	H1-13-1.695	38.462	13	8	0	1	13	1	13	0.35	16.3
H1-13-1.752	H1-13-1.743	58.333	12	5	0	2	13	2	13	0.35	16.3
H1-13-1.752	H1-13-3.684	58.333	12	5	0	2	13	2	13	0.35	16.3
H1-13-1.752	H1-13-1.66	50.000	12	6	0	2	13	2	13	0.35	16.3
H1-13-1.752	H1-13-*.494	63.636	11	4	0	2	12	2	12	0.38	16.3
H1-13-1.752	H1-13-1.73	66.667	9	3	0	2	10	2	10	0.38	16.3
H1-13-1.752	H1-13-*.731	54.545	11	5	0	2	12	2	12	0.38	16.3
H1-13-1.752	H1-13-1.718	58.333	12	5	0	2	13	2	13	0.39	16.3
H1-13-1.752	H1-13-1.749	50.000	12	6	0	1	12	1	12	0.40	16.3
H1-13-1.752	H1-13-*.568	58.333	12	5	0	2	13	2	13	0.40	16.3
H1-13-1.752	H1-13-1.15	46.154	13	7	0	1	13	1	13	0.40	16.3
H1-13-1.752	H1-13-1.512	50.000	12	6	0	2	13	2	13	0.42	16.3
H1-13-1.752	H1-13-1.352	50.000	12	6	0	2	13	2	13	0.42	16.3
H1-13-1.752	H1-13-1.70	58.333	12	5	0	2	13	2	13	0.42	16.3
H1-13-1.752	H1-13-1.392	72.727	11	3	0	2	12	2	12	0.44	15.9
H1-13-1.752	H1-13-3.134	63.636	11	4	0	2	12	2	12	0.45	15.9
H1-13-1.752	H1-13-1.77	50.000	12	6	0	2	13	2	13	0.45	15.9
H1-13-1.752	H1-13-1.22	58.333	12	5	0	2	13	2	13	0.45	15.9
H1-13-1.752	H1-13-1.48	66.667	9	3	0	2	10	2	10	0.46	15.9
H1-13-1.752	H1-13-1.230	54.545	11	5	0	2	12	2	12	0.46	15.9
H1-13-1.752	H1-13-1.153	63.636	11	4	0	2	12	2	12	0.47	15.9
H1-13-1.752	H1-13-*.688	63.636	11	4	0	2	12	2	12	0.48	15.9
H1-13-1.752	H1-13-1.332	63.636	11	4	0	2	12	2	12	0.49	15.9
H1-13-1.752	H1-13-1.518	41.667	12	7	0	1	12	1	12	0.49	15.9
H1-13-1.752	H1-13-1.310	58.333	12	5	0	2	13	2	13	0.50	15.9
H1-13-1.752	H1-13-3.585	38.462	13	8	0	1	13	1	13	0.50	15.9
H1-13-1.752	H1-13-1.521	66.667	9	3	0	2	10	2	10	0.52	15.9
H1-13-1.752	H1-13-1.370	66.667	9	3	0	2	10	2	10	0.52	15.9
H1-13-1.752	H1-13-*.587	63.636	11	4	0	2	12	2	12	0.53	15.9
H1-13-1.752	H1-13-1.295	50.000	12	6	0	2	13	2	13	0.54	15.9
H1-13-1.752	H1-13-1.634	63.636	11	4	0	1	11	1	11	0.55	15.9
H1-13-1.752	H1-13-4.425	63.636	11	4	0	2	12	2	12	0.55	15.9
H1-13-1.752	H1-13-1.8	50.000	12	6	0	2	13	2	13	0.56	15.9
H1-13-1.752	H1-13-1.655	63.636	11	4	0	2	12	2	12	0.59	15.9
H1-13-1.752	H1-13-1.721	54.545	11	5	0	2	12	2	12	0.60	15.9
H1-13-1.752	H1-13-1.264	50.000	12	6	0	1	12	1	12	0.60	15.9
H1-13-1.752	H1-13-1.700	50.000	12	6	0	1	12	1	12	0.61	15.9
H1-13-1.752	H1-13-*.557	63.636	11	4	0	2	12	2	12	0.61	15.9
H1-13-1.752	H1-13-4.485	77.778	9	2	0	2	10	2	10	0.61	15.9
H1-13-1.752	H1-13-1.194	50.000	12	6	0	2	13	2	13	0.63	15.5
H1-13-1.752	H1-13-*.616	63.636	11	4	0	2	12	2	12	0.65	15.5
H1-13-1.752	H1-13-1.669	58.333	12	5	0	2	13	2	13	0.65	15.5
H1-13-1.752	H1-13-1.254	58.333	12	5	0	2	13	2	13	0.66	15.5
H1-13-1.752	H1-13-1.296	50.000	12	6	0	2	13	2	13	0.68	15.5
H1-13-1.752	H1-13-1.307	66.667	9	3	0	1	9	1	9	0.69	15.5
H1-13-1.752	H1-13-1.176	58.333	12	5	0	2	13	2	13	0.72	15.5
H1-13-1.752	H1-13-1.2	38.462	13	8	0	1	13	1	13	0.76	15.5
H1-13-1.752	H1-13-1.63	63.636	11	4	0	2	12	2	12	0.88	15.5
H1-13-1.752	H1-13-1.4	58.333	12	5	0	2	13	2	13	0.93	15.1
H1-13-1.752	H1-13-1.323	75.000	8	2	0	2	9	2	9	0.95	15.1
H1-13-1.752	H1-13-1.103	54.545	11	5	0	2	12	2	12	0.95	15.1
H1-13-1.752	H1-13-*.189	77.778	9	2	0	2	10	2	10	0.97	15.1
H1-13-1.752	H1-13-1.170	55.556	9	4	0	2	10	2	10	0.97	15.1
H1-13-1.752	H1-13-1.644	63.636	11	4	0	2	12	2	12	1.0	15.1
H1-13-1.752	H1-13-1.713	45.455	11	6	0	3	13	3	13	1.0	15.1
H1-13-1.752	H1-13-3.175	63.636	11	4	0	2	12	2	12	1.1	15.1
H1-13-1.752	H1-13-1.687	63.636	11	4	0	2	12	2	12	1.2	15.1
H1-13-1.752	H1-13-1.26	58.333	12	5	0	2	13	2	13	1.2	15.1
H1-13-1.752	H1-13-1.626	50.000	12	6	0	2	13	2	13	1.2	15.1
H1-13-1.752	H1-13-1.460	50.000	12	6	0	2	13	2	13	1.2	15.1
H1-13-1.752	H1-13-1.294	50.000	12	6	0	2	13	2	13	1.2	15.1
H1-13-1.752	H1-13-*.640	77.778	9	2	0	2	10	2	10	1.3	14.6
H1-13-1.752	H1-13-1.78	55.556	9	4	0	2	10	2	10	1.3	14.6
H1-13-1.752	H1-13-1.382	50.000	12	6	0	1	12	1	12	1.3	14.6
H1-13-1.752	H1-13-1.319	55.556	9	4	0	2	10	2	10	1.3	14.6
H1-13-1.752	H1-13-*.163	66.667	9	3	0	2	10	2	10	1.4	14.6
H1-13-1.752	H1-13-1.68	50.000	12	6	0	2	13	2	13	1.4	14.6
H1-13-1.752	H1-13-*.499	54.545	11	5	0	2	12	2	12	1.4	14.6
H1-13-1.752	H1-13-1.524	66.667	9	3	0	2	10	2	10	1.4	14.6
H1-13-1.752	H1-13-1.618	58.333	12	5	0	2	13	2	13	1.4	14.6
H1-13-1.752	H1-13-*.545	50.000	12	6	0	1	12	1	12	1.4	14.6
H1-13-1.752	H1-13-*.338	63.636	11	4	0	2	12	2	12	1.4	14.6
H1-13-1.752	H1-13-6.255	75.000	8	2	0	2	9	2	9	1.4	14.6
H1-13-1.752	H1-13-1.320	55.556	9	4	0	2	10	2	10	1.5	14.6
H1-13-1.752	H1-13-1.317	41.667	12	7	0	2	13	2	13	1.5	14.6
H1-13-1.752	H1-13-1.397	85.714	7	1	0	2	8	2	8	1.6	14.6
H1-13-1.752	H1-13-1.575	55.556	9	4	0	2	10	2	10	1.7	14.6
H1-13-1.752	H1-13-1.19	75.000	8	2	0	2	9	2	9	2.0	14.2
H1-13-1.752	H1-13-5.360	85.714	7	1	0	2	8	2	8	2.0	14.2
H1-13-1.752	H1-13-3.603	58.333	12	5	0	1	12	1	12	2.0	14.2
H1-13-1.752	H1-13-1.648	58.333	12	5	0	2	13	2	13	2.0	14.2
H1-13-1.752	H1-13-*.306	41.667	12	7	0	2	13	2	13	2.0	14.2
H1-13-1.752	H1-13-1.440	63.636	11	4	0	2	12	2	12	2.1	14.2
H1-13-1.752	H1-13-1.203	100.000	6	0	0	2	7	2	7	2.2	14.2
H1-13-1.752	H1-13-1.628	41.667	12	7	0	2	13	2	13	2.3	14.2
H1-13-1.752	H1-13-6.667	63.636	11	4	0	2	12	2	12	2.3	14.2
H1-13-1.752	H1-13-1.341	85.714	7	1	0	2	8	2	8	2.4	14.2
H1-13-1.752	H1-13-1.181	50.000	12	6	0	2	13	2	13	2.6	14.2
H1-13-1.752	H1-13-1.593	80.000	10	1	1	2	10	2	11	2.7	13.8
H1-13-1.752	H1-13-1.487	50.000	12	6	0	2	13	2	13	2.7	13.8
H1-13-1.752	H1-13-2.18	55.556	9	4	0	2	10	2	10	3.0	13.8
H1-13-1.752	H1-13-1.597	54.545	11	5	0	2	12	2	12	3.1	13.8
H1-13-1.752	H1-13-*.199	50.000	12	6	0	2	13	2	13	3.2	13.8
H1-13-1.752	H1-13-1.91	50.000	12	6	0	2	13	2	13	3.2	13.8
H1-13-1.752	H1-13-1.331	75.000	8	2	0	2	9	2	9	3.4	13.8
H1-13-1.752	H1-13-*.488	41.667	12	7	0	1	12	1	12	3.6	13.8
H1-13-1.752	H1-13-1.45	55.556	9	4	0	2	10	2	10	3.7	13.8
H1-13-1.752	H1-13-1.441	50.000	12	6	0	2	13	2	13	3.9	13.4
H1-13-1.752	H1-13-1.65	50.000	12	6	0	2	13	2	13	4.0	13.4
H1-13-1.752	H1-13-2.716	54.545	11	5	0	2	12	2	12	4.1	13.4
H1-13-1.752	H1-13-1.339	55.556	9	4	0	2	10	2	10	4.1	13.4
H1-13-1.752	H1-13-3.85	71.429	7	2	0	2	8	2	8	4.2	13.4
H1-13-1.752	H1-13-1.698	41.667	12	7	0	2	13	2	13	4.6	13.4
H1-13-1.752	H1-13-1.691	50.000	12	6	0	2	13	2	13	4.6	13.4
H1-13-1.752	H1-13-1.311	66.667	9	3	0	2	10	2	10	4.7	13.4
H1-13-1.752	H1-13-1.407	62.500	8	3	0	2	9	2	9	4.8	13.4
H1-13-1.752	H1-13-1.502	62.500	8	3	0	2	9	2	9	4.9	13.4
H1-13-1.752	H1-13-5.261	50.000	12	6	0	2	13	2	13	5.0	13.4
H1-13-1.752	H1-13-1.741	55.556	9	4	0	2	10	2	10	5.7	13.4
H1-13-1.752	H1-13-*.508	54.545	11	5	0	2	12	2	12	5.9	12.9
H1-13-1.752	H1-13-1.27	41.667	12	7	0	2	13	2	13	6.2	12.9
H1-13-1.752	H1-13-1.314	44.444	9	5	0	2	10	2	10	6.6	12.9
H1-13-1.752	H1-13-1.528	50.000	10	5	0	1	10	1	10	6.7	12.9
H1-13-1.752	H1-13-1.334	71.429	7	2	0	2	8	2	8	6.7	12.9
H1-13-1.752	H1-13-1.187	83.333	6	1	0	2	7	2	7	7.2	12.9
H1-13-1.752	H1-13-1.506	54.545	11	5	0	2	12	2	12	8.0	12.9
H1-13-1.752	H1-13-1.404	54.545	11	5	0	2	12	2	12	8.1	12.9
H1-13-1.752	H1-13-6.117	45.455	11	6	0	2	12	2	12	8.4	12.9
H1-13-1.752	H1-13-1.637	54.545	11	5	0	2	12	2	12	8.6	12.5
H1-13-1.752	H1-13-*.704	54.545	11	5	0	2	12	2	12	8.8	12.5
H1-13-1.752	H1-13-1.132	41.667	12	7	0	2	13	2	13	9.3	12.5
H1-13-1.752	H1-13-*.410	54.545	11	5	0	2	12	2	12	9.4	12.5
H1-13-1.752	H1-13-1.497	50.000	12	6	0	2	13	2	13	9.6	12.5
H1-13-1.752	H1-13-*.445	85.714	7	1	0	2	8	2	8	9.6	12.5
H1-13-1.752	H1-13-*.482	54.545	11	5	0	2	12	2	12	9.9	12.5
H1-13-1.752	H1-13-1.376	62.500	8	3	0	2	9	2	9	9.9	12.5
H1-13-1.752	H1-13-*.446	83.333	6	1	0	2	7	2	7	10	12.5
H1-13-1.752	H1-13-1.297	71.429	7	2	0	2	8	2	8	10	12.5
H1-13-1.752	H1-13-1.478	55.556	9	4	0	2	10	2	10	11	12.5
H1-13-1.752	H1-13-*.258	45.455	11	6	0	3	13	3	13	11	12.5
H1-13-1.752	H1-13-1.33	41.667	12	7	0	2	13	2	13	11	12.5
H1-13-1.752	H1-13-1.621	50.000	12	6	0	2	13	2	13	12	12.5
H1-13-1.752	H1-13-1.686	62.500	8	3	0	2	9	2	9	12	12.1
H1-13-1.752	H1-13-*.234	45.455	11	6	0	2	12	2	12	13	12.1
H1-13-1.752	H1-13-1.171	41.667	12	7	0	2	13	2	13	13	12.1
H1-13-1.752	H1-13-1.434	45.455	11	6	0	2	12	2	12	14	12.1
H1-13-1.752	H1-13-*.224	50.000	12	6	0	1	12	1	12	14	12.1
H1-13-1.752	H1-13-2.232	45.455	11	6	0	2	12	2	12	16	12.1
H1-13-1.752	H1-13-1.750	57.143	7	3	0	2	8	2	8	17	12.1
H1-13-1.752	H1-13-1.387	41.667	12	7	0	2	13	2	13	18	12.1
H1-13-1.752	H1-13-5.645	54.545	11	5	0	2	12	2	12	22	11.7
H1-13-1.752	H1-13-1.730	62.500	8	3	0	2	9	2	9	23	11.7
H1-13-1.752	H1-13-1.615	41.667	12	7	0	2	13	2	13	23	11.7
H1-13-1.752	H1-13-1.215	41.667	12	7	0	2	13	2	13	24	11.7
H1-13-1.752	H1-13-1.608	41.667	12	7	0	2	13	2	13	26	11.7
H1-13-1.752	H1-13-1.470	41.667	12	7	0	2	13	2	13	26	11.7
H1-13-1.752	H1-13-1.357	41.667	12	7	0	2	13	2	13	26	11.7
H1-13-1.752	H1-13-1.728	50.000	8	4	0	2	9	2	9	27	11.2
H1-13-1.752	H1-13-3.402	45.455	11	6	0	2	12	2	12	28	11.2
H1-13-1.752	H1-13-1.244	50.000	8	4	0	2	9	2	9	32	11.2
H1-13-1.752	H1-13-1.375	50.000	8	4	0	2	9	2	9	37	11.2
H1-13-1.752	H1-13-1.202	60.000	10	4	0	2	11	2	11	46	10.8
H1-13-1.752	H1-13-1.668	44.444	9	5	0	2	10	2	10	54	10.8
H1-13-1.752	H1-13-5.733	54.545	11	5	0	2	12	2	12	60	10.4
H1-13-1.752	H1-13-1.480	41.667	12	7	0	2	13	2	13	66	10.4
H1-13-1.752	H1-13-1.252	100.000	4	0	0	2	5	2	5	68	10.4
H1-13-1.752	H1-13-3.745	36.364	11	7	0	2	12	2	12	88	10.0
H1-13-1.752	H1-13-1.336	50.000	8	4	0	3	10	3	10	119	 9.5
H1-13-1.752	H1-13-1.169	40.000	10	6	0	1	10	1	10	133	 9.5
H1-13-1.752	H1-13-1.432	44.444	9	5	0	2	10	2	10	199	 9.1
H1-13-1.752	H1-13-4.262	44.444	9	5	0	2	10	2	10	282	 8.7
