H1-13-1.746	H1-13-1.692	92.308	13	1	0	1	13	1	13	5.30e-06	29.1
H1-13-1.746	H1-13-1.411	84.615	13	2	0	1	13	1	13	1.09e-05	28.2
H1-13-1.746	H1-13-1.83	84.615	13	2	0	1	13	1	13	1.45e-05	27.8
H1-13-1.746	H1-13-1.121	100.000	12	0	0	1	12	1	12	1.93e-05	27.4
H1-13-1.746	H1-13-1.293	84.615	13	2	0	1	13	1	13	2.02e-05	27.4
H1-13-1.746	H1-13-1.180	84.615	13	2	0	1	13	1	13	2.92e-05	26.9
H1-13-1.746	H1-13-1.450	76.923	13	3	0	1	13	1	13	3.00e-05	26.9
H1-13-1.746	H1-13-1.572	91.667	12	1	0	1	12	1	12	3.99e-05	26.5
H1-13-1.746	H1-13-1.280	76.923	13	3	0	1	13	1	13	4.23e-05	26.5
H1-13-1.746	H1-13-1.28	76.923	13	3	0	1	13	1	13	4.28e-05	26.5
H1-13-1.746	H1-13-1.102	76.923	13	3	0	1	13	1	13	5.57e-05	26.1
H1-13-1.746	H1-13-1.86	91.667	12	1	0	1	12	1	12	5.91e-05	26.1
H1-13-1.746	H1-13-1.88	76.923	13	3	0	1	13	1	13	7.32e-05	26.1
H1-13-1.746	H1-13-1.275	76.923	13	3	0	1	13	1	13	8.05e-05	25.7
H1-13-1.746	H1-13-1.742	69.231	13	4	0	1	13	1	13	1.12e-04	25.7
H1-13-1.746	H1-13-1.159	69.231	13	4	0	1	13	1	13	1.14e-04	25.7
H1-13-1.746	H1-13-1.696	83.333	12	2	0	1	12	1	12	1.18e-04	25.2
H1-13-1.746	H1-13-1.430	76.923	13	3	0	1	13	1	13	1.19e-04	25.2
H1-13-1.746	H1-13-1.172	83.333	12	2	0	1	12	1	12	1.19e-04	25.2
H1-13-1.746	H1-13-1.489	83.333	12	2	0	2	13	2	13	1.48e-04	25.2
H1-13-1.746	H1-13-1.554	83.333	12	2	0	1	12	1	12	1.57e-04	25.2
H1-13-1.746	H1-13-1.384	69.231	13	4	0	1	13	1	13	1.68e-04	24.8
H1-13-1.746	H1-13-1.270	83.333	12	2	0	1	12	1	12	2.04e-04	24.8
H1-13-1.746	H1-13-1.48	83.333	12	2	0	1	12	1	12	2.27e-04	24.8
H1-13-1.746	H1-13-1.321	69.231	13	4	0	1	13	1	13	2.49e-04	24.4
H1-13-1.746	H1-13-1.583	69.231	13	4	0	1	13	1	13	2.77e-04	24.4
H1-13-1.746	H1-13-1.84	69.231	13	4	0	1	13	1	13	2.94e-04	24.4
H1-13-1.746	H1-13-1.209	69.231	13	4	0	1	13	1	13	3.16e-04	24.4
H1-13-1.746	H1-13-1.599	69.231	13	4	0	1	13	1	13	3.20e-04	24.4
H1-13-1.746	H1-13-1.464	90.909	11	1	0	2	12	2	12	3.35e-04	24.4
H1-13-1.746	H1-13-1.218	69.231	13	4	0	1	13	1	13	3.56e-04	24.4
H1-13-1.746	H1-13-1.635	69.231	13	4	0	1	13	1	13	3.69e-04	24.0
H1-13-1.746	H1-13-1.573	69.231	13	4	0	1	13	1	13	3.73e-04	24.0
H1-13-1.746	H1-13-1.13	61.538	13	5	0	1	13	1	13	3.73e-04	24.0
H1-13-1.746	H1-13-1.524	69.231	13	4	0	1	13	1	13	3.77e-04	24.0
H1-13-1.746	H1-13-1.340	69.231	13	4	0	1	13	1	13	3.87e-04	24.0
H1-13-1.746	H1-13-1.162	61.538	13	5	0	1	13	1	13	3.87e-04	24.0
H1-13-1.746	H1-13-1.222	69.231	13	4	0	1	13	1	13	4.40e-04	24.0
H1-13-1.746	H1-13-1.318	69.231	13	4	0	1	13	1	13	4.46e-04	24.0
H1-13-1.746	H1-13-1.231	75.000	12	3	0	1	12	1	12	4.62e-04	24.0
H1-13-1.746	H1-13-1.278	76.923	13	3	0	1	13	1	13	4.67e-04	24.0
H1-13-1.746	H1-13-1.32	61.538	13	5	0	1	13	1	13	4.79e-04	24.0
H1-13-1.746	H1-13-1.356	69.231	13	4	0	1	13	1	13	4.96e-04	24.0
H1-13-1.746	H1-13-1.316	69.231	13	4	0	1	13	1	13	4.96e-04	24.0
H1-13-1.746	H1-13-1.383	69.231	13	4	0	1	13	1	13	5.08e-04	24.0
H1-13-1.746	H1-13-7.694	69.231	13	4	0	1	13	1	13	5.14e-04	24.0
H1-13-1.746	H1-13-1.320	75.000	12	3	0	1	12	1	12	5.20e-04	24.0
H1-13-1.746	H1-13-1.406	69.231	13	4	0	1	13	1	13	5.26e-04	23.5
H1-13-1.746	H1-13-1.660	69.231	13	4	0	1	13	1	13	5.32e-04	23.5
H1-13-1.746	H1-13-1.319	75.000	12	3	0	1	12	1	12	5.92e-04	23.5
H1-13-1.746	H1-13-3.580	83.333	12	2	0	1	12	1	12	6.43e-04	23.5
H1-13-1.746	H1-13-3.493	69.231	13	4	0	1	13	1	13	6.59e-04	23.5
H1-13-1.746	H1-13-1.398	75.000	12	3	0	1	12	1	12	6.67e-04	23.5
H1-13-1.746	H1-13-1.109	66.667	12	4	0	2	13	2	13	6.91e-04	23.5
H1-13-1.746	H1-13-1.743	69.231	13	4	0	1	13	1	13	6.99e-04	23.5
H1-13-1.746	H1-13-7.693	75.000	12	3	0	1	12	1	12	7.16e-04	23.5
H1-13-1.746	H1-13-1.650	69.231	13	4	0	1	13	1	13	7.24e-04	23.5
H1-13-1.746	H1-13-1.110	61.538	13	5	0	1	13	1	13	7.24e-04	23.5
H1-13-1.746	H1-13-1.473	69.231	13	4	0	1	13	1	13	7.33e-04	23.5
H1-13-1.746	H1-13-1.323	83.333	12	2	0	1	12	1	12	7.33e-04	23.5
H1-13-1.746	H1-13-1.157	61.538	13	5	0	1	13	1	13	7.42e-04	23.5
H1-13-1.746	H1-13-1.69	61.538	13	5	0	1	13	1	13	7.51e-04	23.5
H1-13-1.746	H1-13-1.68	75.000	12	3	0	1	12	1	12	7.51e-04	23.5
H1-13-1.746	H1-13-1.385	69.231	13	4	0	1	13	1	13	7.87e-04	23.1
H1-13-1.746	H1-13-3.273	83.333	12	2	0	1	12	1	12	7.87e-04	23.1
H1-13-1.746	H1-13-1.31	69.231	13	4	0	1	13	1	13	7.96e-04	23.1
H1-13-1.746	H1-13-1.248	69.231	13	4	0	1	13	1	13	8.15e-04	23.1
H1-13-1.746	H1-13-1.155	61.538	13	5	0	1	13	1	13	0.001	23.1
H1-13-1.746	H1-13-1.101	83.333	12	2	0	1	12	1	12	0.001	23.1
H1-13-1.746	H1-13-1.100	61.538	13	5	0	1	13	1	13	0.001	23.1
H1-13-1.746	H1-13-1.476	69.231	13	4	0	1	13	1	13	0.001	23.1
H1-13-1.746	H1-13-2.72	75.000	12	3	0	1	12	1	12	0.001	23.1
H1-13-1.746	H1-13-1.386	75.000	12	3	0	1	12	1	12	0.001	23.1
H1-13-1.746	H1-13-1.536	69.231	13	4	0	1	13	1	13	0.001	23.1
H1-13-1.746	H1-13-1.87	61.538	13	5	0	1	13	1	13	0.001	23.1
H1-13-1.746	H1-13-1.399	69.231	13	4	0	1	13	1	13	0.001	23.1
H1-13-1.746	H1-13-1.41	75.000	12	3	0	1	12	1	12	0.001	22.7
H1-13-1.746	H1-13-*.240	69.231	13	4	0	1	13	1	13	0.001	22.7
H1-13-1.746	H1-13-1.741	61.538	13	5	0	1	13	1	13	0.001	22.7
H1-13-1.746	H1-13-1.614	75.000	12	3	0	1	12	1	12	0.001	22.7
H1-13-1.746	H1-13-1.521	66.667	12	4	0	1	12	1	12	0.001	22.7
H1-13-1.746	H1-13-1.370	66.667	12	4	0	1	12	1	12	0.001	22.7
H1-13-1.746	H1-13-1.113	75.000	12	3	0	1	12	1	12	0.001	22.7
H1-13-1.746	H1-13-1.600	75.000	12	3	0	1	12	1	12	0.001	22.7
H1-13-1.746	H1-13-1.290	83.333	12	2	0	1	12	1	12	0.002	22.3
H1-13-1.746	H1-13-1.564	61.538	13	5	0	1	13	1	13	0.002	22.3
H1-13-1.746	H1-13-1.661	100.000	10	0	0	1	10	1	10	0.002	22.3
H1-13-1.746	H1-13-*.199	69.231	13	4	0	1	13	1	13	0.002	22.3
H1-13-1.746	H1-13-1.119	61.538	13	5	0	1	13	1	13	0.002	22.3
H1-13-1.746	H1-13-1.371	66.667	12	4	0	1	12	1	12	0.002	22.3
H1-13-1.746	H1-13-1.288	100.000	10	0	0	1	10	1	10	0.002	22.3
H1-13-1.746	H1-13-1.77	61.538	13	5	0	1	13	1	13	0.002	22.3
H1-13-1.746	H1-13-1.722	66.667	12	4	0	1	12	1	12	0.002	22.3
H1-13-1.746	H1-13-1.500	83.333	12	2	0	1	12	1	12	0.002	22.3
H1-13-1.746	H1-13-1.739	72.727	11	3	0	2	12	2	12	0.002	22.3
H1-13-1.746	H1-13-1.7	53.846	13	6	0	1	13	1	13	0.002	22.3
H1-13-1.746	H1-13-1.735	61.538	13	5	0	1	13	1	13	0.002	22.3
H1-13-1.746	H1-13-1.486	61.538	13	5	0	1	13	1	13	0.002	22.3
H1-13-1.746	H1-13-1.388	61.538	13	5	0	1	13	1	13	0.003	21.8
H1-13-1.746	H1-13-1.29	69.231	13	4	0	1	13	1	13	0.003	21.8
H1-13-1.746	H1-13-1.420	61.538	13	5	0	1	13	1	13	0.003	21.8
H1-13-1.746	H1-13-1.140	83.333	12	2	0	1	12	1	12	0.003	21.8
H1-13-1.746	H1-13-1.747	69.231	13	4	0	1	13	1	13	0.003	21.8
H1-13-1.746	H1-13-1.106	69.231	13	4	0	1	13	1	13	0.003	21.8
H1-13-1.746	H1-13-1.183	61.538	13	5	0	1	13	1	13	0.003	21.8
H1-13-1.746	H1-13-*.289	72.727	11	3	0	2	12	2	12	0.003	21.8
H1-13-1.746	H1-13-1.665	61.538	13	5	0	1	13	1	13	0.003	21.8
H1-13-1.746	H1-13-1.472	69.231	13	4	0	1	13	1	13	0.003	21.8
H1-13-1.746	H1-13-1.186	75.000	12	3	0	1	12	1	12	0.003	21.4
H1-13-1.746	H1-13-1.526	69.231	13	4	0	1	13	1	13	0.004	21.4
H1-13-1.746	H1-13-1.409	53.846	13	6	0	1	13	1	13	0.004	21.4
H1-13-1.746	H1-13-1.457	61.538	13	5	0	1	13	1	13	0.004	21.4
H1-13-1.746	H1-13-1.325	69.231	13	4	0	1	13	1	13	0.004	21.4
H1-13-1.746	H1-13-1.676	66.667	12	4	0	2	13	2	13	0.004	21.4
H1-13-1.746	H1-13-1.303	58.333	12	5	0	2	13	2	13	0.004	21.4
H1-13-1.746	H1-13-2.42	63.636	11	4	0	2	12	2	12	0.004	21.4
H1-13-1.746	H1-13-1.219	66.667	12	4	0	1	12	1	12	0.004	21.4
H1-13-1.746	H1-13-1.461	66.667	12	4	0	1	12	1	12	0.004	21.4
H1-13-1.746	H1-13-1.298	72.727	11	3	0	2	12	2	12	0.004	21.4
H1-13-1.746	H1-13-1.143	69.231	13	4	0	1	13	1	13	0.004	21.4
H1-13-1.746	H1-13-1.527	61.538	13	5	0	1	13	1	13	0.004	21.4
H1-13-1.746	H1-13-1.656	53.846	13	6	0	1	13	1	13	0.005	21.0
H1-13-1.746	H1-13-1.720	69.231	13	4	0	1	13	1	13	0.006	21.0
H1-13-1.746	H1-13-1.669	66.667	12	4	0	1	12	1	12	0.006	21.0
H1-13-1.746	H1-13-1.395	66.667	12	4	0	1	12	1	12	0.006	21.0
H1-13-1.746	H1-13-1.156	61.538	13	5	0	1	13	1	13	0.006	21.0
H1-13-1.746	H1-13-1.389	75.000	12	3	0	1	12	1	12	0.006	21.0
H1-13-1.746	H1-13-1.329	53.846	13	6	0	1	13	1	13	0.006	21.0
H1-13-1.746	H1-13-1.460	61.538	13	5	0	1	13	1	13	0.006	21.0
H1-13-1.746	H1-13-1.21	90.000	10	1	0	1	10	1	10	0.006	21.0
H1-13-1.746	H1-13-1.98	66.667	12	4	0	1	12	1	12	0.006	21.0
H1-13-1.746	H1-13-1.429	66.667	12	4	0	1	12	1	12	0.006	21.0
H1-13-1.746	H1-13-1.649	53.846	13	6	0	1	13	1	13	0.007	21.0
H1-13-1.746	H1-13-1.328	90.000	10	1	0	1	10	1	10	0.007	21.0
H1-13-1.746	H1-13-1.168	90.000	10	1	0	1	10	1	10	0.007	21.0
H1-13-1.746	H1-13-1.509	90.000	10	1	0	1	10	1	10	0.007	21.0
H1-13-1.746	H1-13-1.630	63.636	11	4	0	2	12	2	12	0.007	21.0
H1-13-1.746	H1-13-1.659	66.667	12	4	0	1	12	1	12	0.007	20.6
H1-13-1.746	H1-13-1.664	63.636	11	4	0	2	12	2	12	0.008	20.6
H1-13-1.746	H1-13-1.453	90.000	10	1	0	1	10	1	10	0.008	20.6
H1-13-1.746	H1-13-1.38	90.000	10	1	0	1	10	1	10	0.008	20.6
H1-13-1.746	H1-13-1.36	53.846	13	6	0	1	13	1	13	0.008	20.6
H1-13-1.746	H1-13-1.238	66.667	12	4	0	1	12	1	12	0.009	20.6
H1-13-1.746	H1-13-1.82	61.538	13	5	0	1	13	1	13	0.009	20.6
H1-13-1.746	H1-13-1.561	61.538	13	5	0	1	13	1	13	0.009	20.6
H1-13-1.746	H1-13-1.108	61.538	13	5	0	1	13	1	13	0.009	20.6
H1-13-1.746	H1-13-1.192	66.667	12	4	0	1	12	1	12	0.009	20.6
H1-13-1.746	H1-13-1.1	61.538	13	5	0	1	13	1	13	0.009	20.6
H1-13-1.746	H1-13-1.351	61.538	13	5	0	1	13	1	13	0.009	20.6
H1-13-1.746	H1-13-1.247	61.538	13	5	0	1	13	1	13	0.009	20.6
H1-13-1.746	H1-13-1.372	61.538	13	5	0	1	13	1	13	0.010	20.6
H1-13-1.746	H1-13-1.448	66.667	12	4	0	1	12	1	12	0.010	20.6
H1-13-1.746	H1-13-1.130	66.667	12	4	0	1	12	1	12	0.010	20.6
H1-13-1.746	H1-13-1.636	63.636	11	4	0	2	12	2	12	0.010	20.6
H1-13-1.746	H1-13-1.324	90.000	10	1	0	1	10	1	10	0.010	20.6
H1-13-1.746	H1-13-1.161	90.000	10	1	0	1	10	1	10	0.010	20.6
H1-13-1.746	H1-13-1.5	53.846	13	6	0	1	13	1	13	0.011	20.6
H1-13-1.746	H1-13-1.9	100.000	9	0	0	2	10	2	10	0.011	20.2
H1-13-1.746	H1-13-1.643	50.000	12	6	0	2	13	2	13	0.011	20.2
H1-13-1.746	H1-13-1.176	61.538	13	5	0	1	13	1	13	0.011	20.2
H1-13-1.746	H1-13-1.520	66.667	12	4	0	1	12	1	12	0.012	20.2
H1-13-1.746	H1-13-1.481	80.000	10	2	0	1	10	1	10	0.012	20.2
H1-13-1.746	H1-13-1.239	58.333	12	5	0	1	12	1	12	0.013	20.2
H1-13-1.746	H1-13-1.201	61.538	13	5	0	1	13	1	13	0.013	20.2
H1-13-1.746	H1-13-1.706	58.333	12	5	0	2	13	2	13	0.013	20.2
H1-13-1.746	H1-13-1.141	61.538	13	5	0	1	13	1	13	0.013	20.2
H1-13-1.746	H1-13-1.498	53.846	13	6	0	1	13	1	13	0.013	20.2
H1-13-1.746	H1-13-1.312	53.846	13	6	0	1	13	1	13	0.013	20.2
H1-13-1.746	H1-13-1.517	63.636	11	4	0	2	12	2	12	0.014	20.2
H1-13-1.746	H1-13-1.466	50.000	12	6	0	2	13	2	13	0.014	20.2
H1-13-1.746	H1-13-1.397	66.667	12	4	0	1	12	1	12	0.015	20.2
H1-13-1.746	H1-13-1.292	58.333	12	5	0	1	12	1	12	0.015	20.2
H1-13-1.746	H1-13-1.97	54.545	11	5	0	2	12	2	12	0.015	20.2
H1-13-1.746	H1-13-1.242	69.231	13	4	0	1	13	1	13	0.015	20.2
H1-13-1.746	H1-13-1.235	58.333	12	5	0	1	12	1	12	0.016	19.7
H1-13-1.746	H1-13-1.107	66.667	12	4	0	1	12	1	12	0.016	19.7
H1-13-1.746	H1-13-1.253	80.000	10	2	0	1	10	1	10	0.017	19.7
H1-13-1.746	H1-13-1.181	58.333	12	5	0	1	12	1	12	0.017	19.7
H1-13-1.746	H1-13-1.256	63.636	11	4	0	2	12	2	12	0.018	19.7
H1-13-1.746	H1-13-1.266	63.636	11	4	0	2	12	2	12	0.018	19.7
H1-13-1.746	H1-13-1.170	50.000	12	6	0	1	12	1	12	0.018	19.7
H1-13-1.746	H1-13-1.454	63.636	11	4	0	2	12	2	12	0.019	19.7
H1-13-1.746	H1-13-1.120	53.846	13	6	0	1	13	1	13	0.021	19.7
H1-13-1.746	H1-13-1.217	63.636	11	4	0	2	12	2	12	0.021	19.7
H1-13-1.746	H1-13-1.734	63.636	11	4	0	2	12	2	12	0.022	19.7
H1-13-1.746	H1-13-1.188	61.538	13	5	0	1	13	1	13	0.022	19.7
H1-13-1.746	H1-13-1.269	63.636	11	4	0	2	12	2	12	0.022	19.7
H1-13-1.746	H1-13-1.93	46.154	13	7	0	1	13	1	13	0.022	19.7
H1-13-1.746	H1-13-*.54	80.000	10	2	0	1	10	1	10	0.023	19.3
H1-13-1.746	H1-13-*.137	61.538	13	5	0	1	13	1	13	0.023	19.3
H1-13-1.746	H1-13-1.534	63.636	11	4	0	2	12	2	12	0.023	19.3
H1-13-1.746	H1-13-1.249	61.538	13	5	0	1	13	1	13	0.024	19.3
H1-13-1.746	H1-13-1.740	66.667	12	4	0	1	12	1	12	0.025	19.3
H1-13-1.746	H1-13-1.563	54.545	11	5	0	2	12	2	12	0.029	19.3
H1-13-1.746	H1-13-1.427	66.667	12	4	0	1	12	1	12	0.030	19.3
H1-13-1.746	H1-13-1.619	50.000	12	6	0	2	13	2	13	0.031	19.3
H1-13-1.746	H1-13-*.413	58.333	12	5	0	1	12	1	12	0.033	18.9
H1-13-1.746	H1-13-1.34	46.154	13	7	0	1	13	1	13	0.033	18.9
H1-13-1.746	H1-13-1.511	58.333	12	5	0	2	13	2	13	0.036	18.9
H1-13-1.746	H1-13-1.185	54.545	11	5	0	2	12	2	12	0.036	18.9
H1-13-1.746	H1-13-1.471	80.000	10	2	0	1	10	1	10	0.037	18.9
H1-13-1.746	H1-13-1.633	58.333	12	5	0	1	12	1	12	0.039	18.9
H1-13-1.746	H1-13-1.173	63.636	11	4	0	2	12	2	12	0.040	18.9
H1-13-1.746	H1-13-1.736	46.154	13	7	0	1	13	1	13	0.041	18.9
H1-13-1.746	H1-13-1.752	58.333	12	5	0	2	13	2	13	0.041	18.9
H1-13-1.746	H1-13-1.111	50.000	12	6	0	2	13	2	13	0.044	18.9
H1-13-1.746	H1-13-*.59	50.000	12	6	0	1	12	1	12	0.044	18.9
H1-13-1.746	H1-13-1.146	54.545	11	5	0	2	12	2	12	0.046	18.9
H1-13-1.746	H1-13-1.283	58.333	12	5	0	2	13	2	13	0.047	18.9
H1-13-1.746	H1-13-1.322	72.727	11	3	0	2	12	2	12	0.048	18.5
H1-13-1.746	H1-13-1.142	54.545	11	5	0	2	12	2	12	0.048	18.5
H1-13-1.746	H1-13-*.223	61.538	13	5	0	1	13	1	13	0.052	18.5
H1-13-1.746	H1-13-1.748	50.000	12	6	0	2	13	2	13	0.054	18.5
H1-13-1.746	H1-13-1.707	50.000	12	6	0	2	13	2	13	0.055	18.5
H1-13-1.746	H1-13-1.66	88.889	9	1	0	1	9	1	9	0.055	18.5
H1-13-1.746	H1-13-1.543	54.545	11	5	0	2	12	2	12	0.059	18.5
H1-13-1.746	H1-13-1.40	58.333	12	5	0	2	13	2	13	0.059	18.5
H1-13-1.746	H1-13-1.562	70.000	10	3	0	1	10	1	10	0.064	18.5
H1-13-1.746	H1-13-1.533	54.545	11	5	0	2	12	2	12	0.066	18.5
H1-13-1.746	H1-13-1.362	54.545	11	5	0	2	12	2	12	0.067	18.5
H1-13-1.746	H1-13-1.415	58.333	12	5	0	2	13	2	13	0.069	18.0
H1-13-1.746	H1-13-1.612	58.333	12	5	0	1	12	1	12	0.073	18.0
H1-13-1.746	H1-13-1.286	54.545	11	5	0	2	12	2	12	0.073	18.0
H1-13-1.746	H1-13-1.378	54.545	11	5	0	2	12	2	12	0.074	18.0
H1-13-1.746	H1-13-1.377	54.545	11	5	0	2	12	2	12	0.074	18.0
H1-13-1.746	H1-13-1.653	80.000	10	2	0	1	10	1	10	0.077	18.0
H1-13-1.746	H1-13-1.114	54.545	11	5	0	2	12	2	12	0.078	18.0
H1-13-1.746	H1-13-1.358	54.545	11	5	0	2	12	2	12	0.079	18.0
H1-13-1.746	H1-13-1.6	58.333	12	5	0	2	13	2	13	0.080	18.0
H1-13-1.746	H1-13-1.334	58.333	12	5	0	1	12	1	12	0.082	18.0
H1-13-1.746	H1-13-1.317	53.846	13	6	0	1	13	1	13	0.082	18.0
H1-13-1.746	H1-13-1.17	54.545	11	5	0	2	12	2	12	0.082	18.0
H1-13-1.746	H1-13-1.112	54.545	11	5	0	2	12	2	12	0.083	18.0
H1-13-1.746	H1-13-1.589	46.154	13	7	0	1	13	1	13	0.084	18.0
H1-13-1.746	H1-13-1.354	58.333	12	5	0	2	13	2	13	0.084	18.0
H1-13-1.746	H1-13-1.581	54.545	11	5	0	2	12	2	12	0.087	18.0
H1-13-1.746	H1-13-1.190	54.545	11	5	0	2	12	2	12	0.087	18.0
H1-13-1.746	H1-13-*.671	41.667	12	7	0	1	12	1	12	0.091	18.0
H1-13-1.746	H1-13-1.350	54.545	11	5	0	2	12	2	12	0.092	18.0
H1-13-1.746	H1-13-1.179	77.778	9	2	0	2	10	2	10	0.094	18.0
H1-13-1.746	H1-13-1.582	61.538	13	5	0	1	13	1	13	0.096	18.0
H1-13-1.746	H1-13-1.553	77.778	9	2	0	2	10	2	10	0.096	18.0
H1-13-1.746	H1-13-1.285	58.333	12	5	0	2	13	2	13	0.098	18.0
H1-13-1.746	H1-13-1.638	77.778	9	2	0	2	10	2	10	0.099	18.0
H1-13-1.746	H1-13-*.401	50.000	12	6	0	2	13	2	13	0.099	18.0
H1-13-1.746	H1-13-1.11	50.000	12	6	0	2	13	2	13	0.099	18.0
H1-13-1.746	H1-13-1.301	77.778	9	2	0	2	10	2	10	0.11	17.6
H1-13-1.746	H1-13-1.206	46.154	13	7	0	1	13	1	13	0.11	17.6
H1-13-1.746	H1-13-1.271	50.000	12	6	0	2	13	2	13	0.11	17.6
H1-13-1.746	H1-13-1.737	70.000	10	3	0	1	10	1	10	0.12	17.6
H1-13-1.746	H1-13-1.145	50.000	12	6	0	2	13	2	13	0.12	17.6
H1-13-1.746	H1-13-1.426	70.000	10	3	0	1	10	1	10	0.12	17.6
H1-13-1.746	H1-13-1.309	77.778	9	2	0	2	10	2	10	0.13	17.6
H1-13-1.746	H1-13-1.551	54.545	11	5	0	2	12	2	12	0.13	17.6
H1-13-1.746	H1-13-1.631	58.333	12	5	0	1	12	1	12	0.13	17.6
H1-13-1.746	H1-13-1.559	53.846	13	6	0	1	13	1	13	0.14	17.6
H1-13-1.746	H1-13-6.255	77.778	9	2	0	1	9	1	9	0.14	17.6
H1-13-1.746	H1-13-1.725	54.545	11	5	0	2	12	2	12	0.14	17.6
H1-13-1.746	H1-13-1.594	58.333	12	5	0	1	12	1	12	0.14	17.2
H1-13-1.746	H1-13-1.341	63.636	11	4	0	2	12	2	12	0.14	17.2
H1-13-1.746	H1-13-4.738	70.000	10	3	0	1	10	1	10	0.15	17.2
H1-13-1.746	H1-13-1.136	38.462	13	8	0	1	13	1	13	0.15	17.2
H1-13-1.746	H1-13-1.447	50.000	12	6	0	2	13	2	13	0.15	17.2
H1-13-1.746	H1-13-*.647	53.846	13	6	0	1	13	1	13	0.16	17.2
H1-13-1.746	H1-13-1.20	77.778	9	2	0	2	10	2	10	0.16	17.2
H1-13-1.746	H1-13-*.552	50.000	12	6	0	2	13	2	13	0.16	17.2
H1-13-1.746	H1-13-1.353	54.545	11	5	0	2	12	2	12	0.16	17.2
H1-13-1.746	H1-13-1.510	50.000	12	6	0	2	13	2	13	0.16	17.2
H1-13-1.746	H1-13-1.717	50.000	12	6	0	2	13	2	13	0.17	17.2
H1-13-1.746	H1-13-1.714	53.846	13	6	0	1	13	1	13	0.17	17.2
H1-13-1.746	H1-13-1.73	54.545	11	5	0	2	12	2	12	0.17	17.2
H1-13-1.746	H1-13-1.345	46.154	13	7	0	1	13	1	13	0.17	17.2
H1-13-1.746	H1-13-1.230	60.000	10	4	0	1	10	1	10	0.17	17.2
H1-13-1.746	H1-13-1.632	41.667	12	7	0	2	13	2	13	0.18	17.2
H1-13-1.746	H1-13-1.602	66.667	9	3	0	2	10	2	10	0.18	17.2
H1-13-1.746	H1-13-1.629	54.545	11	5	0	2	12	2	12	0.18	17.2
H1-13-1.746	H1-13-3.684	87.500	8	1	0	1	8	1	8	0.18	17.2
H1-13-1.746	H1-13-1.644	54.545	11	5	0	2	12	2	12	0.19	17.2
H1-13-1.746	H1-13-*.123	80.000	10	2	0	1	10	1	10	0.19	17.2
H1-13-1.746	H1-13-1.50	50.000	12	6	0	2	13	2	13	0.19	17.2
H1-13-1.746	H1-13-1.596	66.667	9	3	0	2	10	2	10	0.19	17.2
H1-13-1.746	H1-13-1.628	70.000	10	3	0	1	10	1	10	0.20	17.2
H1-13-1.746	H1-13-*.337	46.154	13	7	0	1	13	1	13	0.20	17.2
H1-13-1.746	H1-13-1.281	66.667	9	3	0	2	10	2	10	0.20	17.2
H1-13-1.746	H1-13-1.8	45.455	11	6	0	2	12	2	12	0.21	17.2
H1-13-1.746	H1-13-1.205	54.545	11	5	0	2	12	2	12	0.21	16.8
H1-13-1.746	H1-13-1.15	45.455	11	6	0	2	12	2	12	0.21	16.8
H1-13-1.746	H1-13-1.396	54.545	11	5	0	2	12	2	12	0.21	16.8
H1-13-1.746	H1-13-1.535	50.000	12	6	0	2	13	2	13	0.22	16.8
H1-13-1.746	H1-13-1.99	50.000	12	6	0	2	13	2	13	0.22	16.8
H1-13-1.746	H1-13-1.237	50.000	12	6	0	2	13	2	13	0.23	16.8
H1-13-1.746	H1-13-4.627	77.778	9	2	0	2	10	2	10	0.24	16.8
H1-13-1.746	H1-13-1.166	77.778	9	2	0	2	10	2	10	0.24	16.8
H1-13-1.746	H1-13-1.546	66.667	9	3	0	2	10	2	10	0.25	16.8
H1-13-1.746	H1-13-1.81	33.333	12	8	0	2	13	2	13	0.25	16.8
H1-13-1.746	H1-13-1.55	63.636	11	4	0	2	12	2	12	0.26	16.8
H1-13-1.746	H1-13-1.204	66.667	9	3	0	2	10	2	10	0.26	16.8
H1-13-1.746	H1-13-3.363	46.154	13	7	0	1	13	1	13	0.27	16.8
H1-13-1.746	H1-13-1.502	100.000	7	0	0	1	7	1	7	0.27	16.8
H1-13-1.746	H1-13-1.16	54.545	11	5	0	2	12	2	12	0.29	16.8
H1-13-1.746	H1-13-1.560	66.667	9	3	0	2	10	2	10	0.30	16.3
H1-13-1.746	H1-13-1.443	60.000	10	4	0	1	10	1	10	0.31	16.3
H1-13-1.746	H1-13-1.135	45.455	11	6	0	2	12	2	12	0.31	16.3
H1-13-1.746	H1-13-1.514	54.545	11	5	0	2	12	2	12	0.33	16.3
H1-13-1.746	H1-13-4.425	45.455	11	6	0	2	12	2	12	0.33	16.3
H1-13-1.746	H1-13-1.61	45.455	11	6	0	2	12	2	12	0.34	16.3
H1-13-1.746	H1-13-1.574	50.000	12	6	0	2	13	2	13	0.34	16.3
H1-13-1.746	H1-13-1.459	50.000	12	6	0	2	13	2	13	0.34	16.3
H1-13-1.746	H1-13-1.216	45.455	11	6	0	2	12	2	12	0.34	16.3
H1-13-1.746	H1-13-1.515	50.000	12	6	0	1	12	1	12	0.35	16.3
H1-13-1.746	H1-13-*.144	66.667	9	3	0	2	10	2	10	0.35	16.3
H1-13-1.746	H1-13-1.76	63.636	11	4	0	2	12	2	12	0.35	16.3
H1-13-1.746	H1-13-1.724	53.846	13	6	0	1	13	1	13	0.36	16.3
H1-13-1.746	H1-13-1.579	54.545	11	5	0	2	12	2	12	0.36	16.3
H1-13-1.746	H1-13-1.390	54.545	11	5	0	2	12	2	12	0.37	16.3
H1-13-1.746	H1-13-1.10	66.667	9	3	0	2	10	2	10	0.38	16.3
H1-13-1.746	H1-13-1.417	66.667	9	3	0	2	10	2	10	0.38	16.3
H1-13-1.746	H1-13-1.30	46.154	13	7	0	1	13	1	13	0.38	16.3
H1-13-1.746	H1-13-1.89	66.667	9	3	0	2	10	2	10	0.40	16.3
H1-13-1.746	H1-13-1.92	46.154	13	7	0	1	13	1	13	0.41	16.3
H1-13-1.746	H1-13-1.569	66.667	9	3	0	2	10	2	10	0.42	16.3
H1-13-1.746	H1-13-1.674	66.667	9	3	0	2	10	2	10	0.43	15.9
H1-13-1.746	H1-13-1.613	54.545	11	5	0	2	12	2	12	0.43	15.9
H1-13-1.746	H1-13-1.586	70.000	10	3	0	1	10	1	10	0.45	15.9
H1-13-1.746	H1-13-4.67	54.545	11	5	0	2	12	2	12	0.45	15.9
H1-13-1.746	H1-13-1.750	58.333	12	5	0	1	12	1	12	0.47	15.9
H1-13-1.746	H1-13-1.513	45.455	11	6	0	2	12	2	12	0.47	15.9
H1-13-1.746	H1-13-1.272	54.545	11	5	0	2	12	2	12	0.47	15.9
H1-13-1.746	H1-13-1.167	45.455	11	6	0	2	12	2	12	0.48	15.9
H1-13-1.746	H1-13-1.308	50.000	12	6	0	2	13	2	13	0.48	15.9
H1-13-1.746	H1-13-3.570	63.636	11	4	0	2	12	2	12	0.49	15.9
H1-13-1.746	H1-13-1.435	66.667	9	3	0	1	9	1	9	0.49	15.9
H1-13-1.746	H1-13-3.267	54.545	11	5	0	2	12	2	12	0.53	15.9
H1-13-1.746	H1-13-1.451	66.667	9	3	0	2	10	2	10	0.54	15.9
H1-13-1.746	H1-13-1.64	66.667	9	3	0	1	9	1	9	0.54	15.9
H1-13-1.746	H1-13-1.125	54.545	11	5	0	2	12	2	12	0.56	15.9
H1-13-1.746	H1-13-1.703	66.667	9	3	0	2	10	2	10	0.58	15.9
H1-13-1.746	H1-13-1.702	75.000	8	2	0	2	9	2	9	0.62	15.5
H1-13-1.746	H1-13-1.348	55.556	9	4	0	2	10	2	10	0.62	15.5
H1-13-1.746	H1-13-1.128	75.000	8	2	0	2	9	2	9	0.62	15.5
H1-13-1.746	H1-13-3.418	70.000	10	3	0	1	10	1	10	0.65	15.5
H1-13-1.746	H1-13-1.279	66.667	9	3	0	2	10	2	10	0.65	15.5
H1-13-1.746	H1-13-1.598	41.667	12	7	0	2	13	2	13	0.66	15.5
H1-13-1.746	H1-13-1.419	66.667	9	3	0	2	10	2	10	0.67	15.5
H1-13-1.746	H1-13-1.655	70.000	10	3	0	1	10	1	10	0.67	15.5
H1-13-1.746	H1-13-1.229	66.667	9	3	0	2	10	2	10	0.68	15.5
H1-13-1.746	H1-13-1.221	66.667	9	3	0	2	10	2	10	0.68	15.5
H1-13-1.746	H1-13-1.37	66.667	9	3	0	2	10	2	10	0.68	15.5
H1-13-1.746	H1-13-1.567	41.667	12	7	0	2	13	2	13	0.70	15.5
H1-13-1.746	H1-13-4.365	54.545	11	5	0	2	12	2	12	0.71	15.5
H1-13-1.746	H1-13-1.541	50.000	12	6	0	2	13	2	13	0.74	15.5
H1-13-1.746	H1-13-1.257	66.667	9	3	0	2	10	2	10	0.77	15.5
H1-13-1.746	H1-13-1.46	55.556	9	4	0	2	10	2	10	0.82	15.5
H1-13-1.746	H1-13-1.349	33.333	12	8	0	2	13	2	13	0.83	15.5
H1-13-1.746	H1-13-*.605	54.545	11	5	0	2	12	2	12	0.84	15.5
H1-13-1.746	H1-13-4.347	50.000	12	6	0	2	13	2	13	0.84	15.5
H1-13-1.746	H1-13-5.360	54.545	11	5	0	2	12	2	12	0.90	15.1
H1-13-1.746	H1-13-3.277	75.000	8	2	0	2	9	2	9	0.91	15.1
H1-13-1.746	H1-13-1.251	66.667	9	3	0	2	10	2	10	1.00	15.1
H1-13-1.746	H1-13-*.662	53.846	13	6	0	1	13	1	13	1.0	15.1
H1-13-1.746	H1-13-1.198	41.667	12	7	0	2	13	2	13	1.0	15.1
H1-13-1.746	H1-13-1.719	50.000	12	6	0	2	13	2	13	1.1	15.1
H1-13-1.746	H1-13-1.439	66.667	9	3	0	2	10	2	10	1.1	15.1
H1-13-1.746	H1-13-1.373	62.500	8	3	0	2	9	2	9	1.1	15.1
H1-13-1.746	H1-13-1.381	50.000	12	6	0	1	12	1	12	1.2	15.1
H1-13-1.746	H1-13-1.295	38.462	13	8	0	1	13	1	13	1.2	15.1
H1-13-1.746	H1-13-1.584	60.000	10	4	0	3	12	3	12	1.2	15.1
H1-13-1.746	H1-13-*.147	54.545	11	5	0	2	12	2	12	1.3	14.6
H1-13-1.746	H1-13-*.71	54.545	11	5	0	2	12	2	12	1.3	14.6
H1-13-1.746	H1-13-1.620	58.333	12	5	0	1	12	1	12	1.4	14.6
H1-13-1.746	H1-13-1.311	70.000	10	3	0	1	10	1	10	1.4	14.6
H1-13-1.746	H1-13-1.751	41.667	12	7	0	2	13	2	13	1.6	14.6
H1-13-1.746	H1-13-1.245	54.545	11	5	0	2	12	2	12	1.7	14.6
H1-13-1.746	H1-13-1.19	41.667	12	7	0	1	12	1	12	1.8	14.6
H1-13-1.746	H1-13-1.408	41.667	12	7	0	2	13	2	13	1.8	14.2
H1-13-1.746	H1-13-1.431	54.545	11	5	0	2	12	2	12	1.9	14.2
H1-13-1.746	H1-13-1.263	55.556	9	4	0	2	10	2	10	1.9	14.2
H1-13-1.746	H1-13-1.60	55.556	9	4	0	2	10	2	10	1.9	14.2
H1-13-1.746	H1-13-*.462	62.500	8	3	0	2	9	2	9	1.9	14.2
H1-13-1.746	H1-13-*.163	54.545	11	5	0	2	12	2	12	1.9	14.2
H1-13-1.746	H1-13-*.495	54.545	11	5	0	2	12	2	12	2.0	14.2
H1-13-1.746	H1-13-1.58	55.556	9	4	0	2	10	2	10	2.0	14.2
H1-13-1.746	H1-13-3.585	41.667	12	7	0	2	13	2	13	2.1	14.2
H1-13-1.746	H1-13-*.424	54.545	11	5	0	2	12	2	12	2.2	14.2
H1-13-1.746	H1-13-1.532	66.667	9	3	0	2	10	2	10	2.3	14.2
H1-13-1.746	H1-13-*.455	54.545	11	5	0	2	12	2	12	2.3	14.2
H1-13-1.746	H1-13-2.716	60.000	10	4	0	1	10	1	10	2.4	14.2
H1-13-1.746	H1-13-*.525	58.333	12	5	0	1	12	1	12	2.5	14.2
H1-13-1.746	H1-13-1.392	62.500	8	3	0	2	9	2	9	2.6	14.2
H1-13-1.746	H1-13-*.299	54.545	11	5	0	2	12	2	12	2.8	13.8
H1-13-1.746	H1-13-1.187	36.364	11	7	0	2	12	2	12	2.8	13.8
H1-13-1.746	H1-13-3.699	54.545	11	5	0	2	12	2	12	3.0	13.8
H1-13-1.746	H1-13-1.214	55.556	9	4	0	2	10	2	10	3.0	13.8
H1-13-1.746	H1-13-1.361	46.154	13	7	0	1	13	1	13	3.0	13.8
H1-13-1.746	H1-13-*.116	70.000	10	3	0	1	10	1	10	3.2	13.8
H1-13-1.746	H1-13-1.606	45.455	11	6	0	2	12	2	12	3.3	13.8
H1-13-1.746	H1-13-3.134	66.667	9	3	0	2	10	2	10	3.3	13.8
H1-13-1.746	H1-13-1.611	54.545	11	5	0	2	12	2	12	3.4	13.8
H1-13-1.746	H1-13-4.550	45.455	11	6	0	2	12	2	12	3.4	13.8
H1-13-1.746	H1-13-1.683	71.429	7	2	0	2	8	2	8	3.7	13.8
H1-13-1.746	H1-13-6.207	45.455	11	6	0	2	12	2	12	3.7	13.8
H1-13-1.746	H1-13-*.234	60.000	10	4	0	1	10	1	10	4.2	13.4
H1-13-1.746	H1-13-*.557	83.333	6	1	0	2	7	2	7	4.6	13.4
H1-13-1.746	H1-13-*.587	55.556	9	4	0	2	10	2	10	4.9	13.4
H1-13-1.746	H1-13-4.485	60.000	10	4	0	1	10	1	10	5.1	13.4
H1-13-1.746	H1-13-5.652	54.545	11	5	0	2	12	2	12	5.2	13.4
H1-13-1.746	H1-13-1.547	41.667	12	7	0	2	13	2	13	5.9	12.9
H1-13-1.746	H1-13-*.227	54.545	11	5	0	2	12	2	12	6.7	12.9
H1-13-1.746	H1-13-1.477	44.444	9	5	0	2	10	2	10	7.0	12.9
H1-13-1.746	H1-13-*.268	60.000	10	4	0	1	10	1	10	7.0	12.9
H1-13-1.746	H1-13-1.203	83.333	6	1	0	2	7	2	7	7.8	12.9
H1-13-1.746	H1-13-*.688	45.455	11	6	0	2	12	2	12	8.0	12.9
H1-13-1.746	H1-13-*.640	60.000	10	4	0	1	10	1	10	8.8	12.5
H1-13-1.746	H1-13-1.197	55.556	9	4	0	2	10	2	10	9.4	12.5
H1-13-1.746	H1-13-1.414	60.000	10	4	0	1	10	1	10	9.8	12.5
H1-13-1.746	H1-13-1.160	36.364	11	7	0	2	12	2	12	10	12.5
H1-13-1.746	H1-13-1.434	60.000	10	4	0	1	10	1	10	11	12.5
H1-13-1.746	H1-13-1.637	60.000	10	4	0	1	10	1	10	11	12.5
H1-13-1.746	H1-13-*.604	100.000	5	0	0	2	6	2	6	14	12.1
H1-13-1.746	H1-13-1.530	71.429	7	2	0	2	8	2	8	16	12.1
H1-13-1.746	H1-13-5.645	83.333	6	1	0	2	7	2	7	19	11.7
H1-13-1.746	H1-13-3.603	71.429	7	2	0	2	8	2	8	19	11.7
H1-13-1.746	H1-13-*.568	55.556	9	4	0	2	10	2	10	20	11.7
H1-13-1.746	H1-13-*.531	55.556	9	4	0	2	10	2	10	21	11.7
H1-13-1.746	H1-13-*.571	45.455	11	6	0	2	12	2	12	21	11.7
H1-13-1.746	H1-13-6.208	71.429	7	2	0	2	8	2	8	21	11.7
H1-13-1.746	H1-13-5.164	45.455	11	6	0	2	12	2	12	22	11.7
H1-13-1.746	H1-13-*.445	71.429	7	2	0	2	8	2	8	22	11.7
H1-13-1.746	H1-13-1.713	44.444	9	5	0	2	10	2	10	23	11.7
H1-13-1.746	H1-13-2.232	71.429	7	2	0	1	7	1	7	27	11.2
H1-13-1.746	H1-13-6.117	45.455	11	6	0	2	12	2	12	28	11.2
H1-13-1.746	H1-13-3.745	57.143	7	3	0	1	7	1	7	42	10.8
H1-13-1.746	H1-13-1.478	50.000	10	5	0	1	10	1	10	44	10.8
H1-13-1.746	H1-13-*.545	57.143	7	3	0	3	9	3	9	55	10.8
H1-13-1.746	H1-13-*.566	57.143	7	3	0	2	8	2	8	59	10.4
H1-13-1.746	H1-13-6.342	100.000	4	0	0	2	5	2	5	71	10.4
H1-13-1.746	H1-13-1.432	44.444	9	5	0	2	10	2	10	107	10.0
H1-13-1.746	H1-13-4.262	44.444	9	5	0	2	10	2	10	141	 9.5
H1-13-1.746	H1-13-1.169	44.444	9	5	0	2	10	2	10	177	 9.1
