H1-15-1.816	H1-15-1.789	86.667	15	2	0	1	15	1	15	8.38e-06	25.7
H1-15-1.816	H1-15-1.785	86.667	15	2	0	1	15	1	15	1.10e-05	25.2
H1-15-1.816	H1-15-1.786	85.714	14	2	0	1	14	1	14	2.41e-05	24.4
H1-15-1.816	H1-15-1.787	80.000	15	3	0	1	15	1	15	3.05e-05	24.4
H1-15-1.816	H1-15-1.803	85.714	14	2	0	1	14	1	14	3.09e-05	24.4
H1-15-1.816	H1-15-1.799	80.000	15	3	0	1	15	1	15	3.77e-05	24.0
H1-15-1.816	H1-15-1.801	80.000	15	3	0	1	15	1	15	4.23e-05	24.0
H1-15-1.816	H1-15-*.790	80.000	15	3	0	1	15	1	15	7.00e-05	23.1
H1-15-1.816	H1-15-1.788	73.333	15	4	0	1	15	1	15	1.10e-04	22.7
H1-15-1.816	H1-15-1.815	78.571	14	3	0	1	14	1	14	1.18e-04	22.7
H1-15-1.816	H1-15-1.802	78.571	14	3	0	1	14	1	14	1.33e-04	22.7
H1-15-1.816	H1-15-1.784	78.571	14	3	0	1	14	1	14	1.64e-04	22.3
H1-15-1.816	H1-15-1.798	73.333	15	4	0	1	15	1	15	2.60e-04	21.8
H1-15-1.816	H1-15-1.805	66.667	15	5	0	1	15	1	15	2.66e-04	21.8
H1-15-1.816	H1-15-1.811	78.571	14	3	0	1	14	1	14	3.17e-04	21.4
H1-15-1.816	H1-15-1.814	75.000	12	3	0	3	14	3	14	8.45e-04	20.6
H1-15-1.816	H1-15-1.812	76.923	13	3	0	3	15	3	15	8.55e-04	20.6
H1-15-1.816	H1-15-*.793	71.429	14	4	0	1	14	1	14	8.55e-04	20.6
H1-15-1.816	H1-15-1.800	76.923	13	3	0	3	15	3	15	0.001	20.2
H1-15-1.816	H1-15-1.795	71.429	14	4	0	1	14	1	14	0.001	20.2
H1-15-1.816	H1-15-1.783	83.333	6	1	0	3	8	3	8	1.0	12.1
H1-15-1.816	H1-15-1.791	44.444	9	5	0	7	15	7	15	171	 6.2
