H1-14-1.776	H1-14-*.775	85.714	14	2	0	1	14	1	14	1.94e-06	26.9
H1-14-1.776	H1-14-1.780	78.571	14	3	0	1	14	1	14	4.24e-06	26.1
H1-14-1.776	H1-14-1.753	78.571	14	3	0	1	14	1	14	4.55e-06	25.7
H1-14-1.776	H1-14-1.770	78.571	14	3	0	1	14	1	14	8.33e-06	25.2
H1-14-1.776	H1-14-1.759	71.429	14	4	0	1	14	1	14	1.04e-05	24.8
H1-14-1.776	H1-14-1.761	71.429	14	4	0	1	14	1	14	1.73e-05	24.4
H1-14-1.776	H1-14-1.760	78.571	14	3	0	1	14	1	14	1.95e-05	24.4
H1-14-1.776	H1-14-*.764	71.429	14	4	0	1	14	1	14	2.35e-05	24.0
H1-14-1.776	H1-14-1.773	64.286	14	5	0	1	14	1	14	3.77e-05	23.5
H1-14-1.776	H1-14-*.755	64.286	14	5	0	1	14	1	14	3.77e-05	23.5
H1-14-1.776	H1-14-1.756	64.286	14	5	0	1	14	1	14	5.30e-05	23.1
H1-14-1.776	H1-14-*.758	84.615	13	2	0	1	13	1	13	5.62e-05	23.1
H1-14-1.776	H1-14-*.774	64.286	14	5	0	1	14	1	14	5.89e-05	23.1
H1-14-1.776	H1-14-1.781	71.429	14	4	0	1	14	1	14	7.19e-05	22.7
H1-14-1.776	H1-14-1.754	64.286	14	5	0	1	14	1	14	8.28e-05	22.7
H1-14-1.776	H1-14-1.762	64.286	14	5	0	1	14	1	14	9.20e-05	22.7
H1-14-1.776	H1-14-*.782	64.286	14	5	0	1	14	1	14	1.05e-04	22.3
H1-14-1.776	H1-14-1.771	64.286	14	5	0	1	14	1	14	1.18e-04	22.3
H1-14-1.776	H1-14-1.763	57.143	14	6	0	1	14	1	14	1.83e-04	21.8
H1-14-1.776	H1-14-1.757	61.538	13	5	0	1	13	1	13	2.24e-04	21.4
H1-14-1.776	H1-14-1.772	76.923	13	3	0	1	13	1	13	2.86e-04	21.0
H1-14-1.776	H1-14-*.777	64.286	14	5	0	1	14	1	14	0.007	17.6
H1-14-1.776	H1-14-*.769	83.333	6	1	0	1	6	1	6	252	 5.3
