H1-13-4.738	H1-13-1.161	76.923	13	3	0	1	13	1	13	0.002	22.7
H1-13-4.738	H1-13-1.288	69.231	13	4	0	1	13	1	13	0.002	22.3
H1-13-4.738	H1-13-*.54	69.231	13	4	0	1	13	1	13	0.002	22.3
H1-13-4.738	H1-13-1.140	69.231	13	4	0	1	13	1	13	0.003	21.8
H1-13-4.738	H1-13-1.500	69.231	13	4	0	1	13	1	13	0.003	21.8
H1-13-4.738	H1-13-1.720	75.000	12	3	0	1	12	1	12	0.003	21.8
H1-13-4.738	H1-13-1.653	61.538	13	5	0	1	13	1	13	0.003	21.8
H1-13-4.738	H1-13-1.744	69.231	13	4	0	1	13	1	13	0.004	21.4
H1-13-4.738	H1-13-1.108	75.000	12	3	0	1	12	1	12	0.004	21.4
H1-13-4.738	H1-13-1.328	61.538	13	5	0	1	13	1	13	0.006	21.0
H1-13-4.738	H1-13-1.290	61.538	13	5	0	1	13	1	13	0.007	21.0
H1-13-4.738	H1-13-1.388	75.000	12	3	0	1	12	1	12	0.008	20.6
H1-13-4.738	H1-13-1.564	75.000	12	3	0	1	12	1	12	0.008	20.6
H1-13-4.738	H1-13-1.453	61.538	13	5	0	1	13	1	13	0.009	20.6
H1-13-4.738	H1-13-1.100	75.000	12	3	0	1	12	1	12	0.009	20.6
H1-13-4.738	H1-13-1.38	61.538	13	5	0	1	13	1	13	0.009	20.6
H1-13-4.738	H1-13-1.477	75.000	12	3	0	2	13	2	13	0.009	20.6
H1-13-4.738	H1-13-1.253	61.538	13	5	0	1	13	1	13	0.009	20.6
H1-13-4.738	H1-13-1.481	61.538	13	5	0	1	13	1	13	0.010	20.6
H1-13-4.738	H1-13-1.230	61.538	13	5	0	1	13	1	13	0.010	20.6
H1-13-4.738	H1-13-1.399	66.667	12	4	0	1	12	1	12	0.010	20.6
H1-13-4.738	H1-13-1.9	66.667	12	4	0	2	13	2	13	0.010	20.6
H1-13-4.738	H1-13-1.198	72.727	11	3	0	2	12	2	12	0.011	20.2
H1-13-4.738	H1-13-1.12	61.538	13	5	0	1	13	1	13	0.011	20.2
H1-13-4.738	H1-13-1.471	61.538	13	5	0	1	13	1	13	0.012	20.2
H1-13-4.738	H1-13-1.732	66.667	12	4	0	1	12	1	12	0.012	20.2
H1-13-4.738	H1-13-1.696	69.231	13	4	0	1	13	1	13	0.013	20.2
H1-13-4.738	H1-13-1.20	58.333	12	5	0	2	13	2	13	0.014	20.2
H1-13-4.738	H1-13-1.106	66.667	12	4	0	1	12	1	12	0.014	20.2
H1-13-4.738	H1-13-1.101	66.667	12	4	0	1	12	1	12	0.014	20.2
H1-13-4.738	H1-13-1.372	75.000	12	3	0	1	12	1	12	0.015	20.2
H1-13-4.738	H1-13-1.408	72.727	11	3	0	2	12	2	12	0.016	19.7
H1-13-4.738	H1-13-1.536	66.667	12	4	0	1	12	1	12	0.017	19.7
H1-13-4.738	H1-13-1.46	66.667	12	4	0	2	13	2	13	0.017	19.7
H1-13-4.738	H1-13-1.206	75.000	12	3	0	1	12	1	12	0.018	19.7
H1-13-4.738	H1-13-1.248	66.667	12	4	0	1	12	1	12	0.020	19.7
H1-13-4.738	H1-13-1.143	58.333	12	5	0	1	12	1	12	0.022	19.7
H1-13-4.738	H1-13-1.459	63.636	11	4	0	2	12	2	12	0.022	19.7
H1-13-4.738	H1-13-1.242	75.000	12	3	0	1	12	1	12	0.023	19.3
H1-13-4.738	H1-13-1.318	66.667	12	4	0	1	12	1	12	0.023	19.3
H1-13-4.738	H1-13-1.21	53.846	13	6	0	1	13	1	13	0.025	19.3
H1-13-4.738	H1-13-1.29	66.667	12	4	0	1	12	1	12	0.026	19.3
H1-13-4.738	H1-13-*.578	61.538	13	5	0	1	13	1	13	0.027	19.3
H1-13-4.738	H1-13-1.41	66.667	12	4	0	1	12	1	12	0.028	19.3
H1-13-4.738	H1-13-1.204	58.333	12	5	0	2	13	2	13	0.028	19.3
H1-13-4.738	H1-13-1.229	58.333	12	5	0	2	13	2	13	0.028	19.3
H1-13-4.738	H1-13-1.356	66.667	12	4	0	1	12	1	12	0.029	19.3
H1-13-4.738	H1-13-1.419	58.333	12	5	0	2	13	2	13	0.031	19.3
H1-13-4.738	H1-13-1.661	53.846	13	6	0	1	13	1	13	0.033	19.3
H1-13-4.738	H1-13-1.554	61.538	13	5	0	1	13	1	13	0.033	19.3
H1-13-4.738	H1-13-1.561	58.333	12	5	0	1	12	1	12	0.035	18.9
H1-13-4.738	H1-13-1.572	61.538	13	5	0	1	13	1	13	0.037	18.9
H1-13-4.738	H1-13-1.629	58.333	12	5	0	2	13	2	13	0.038	18.9
H1-13-4.738	H1-13-1.526	58.333	12	5	0	1	12	1	12	0.039	18.9
H1-13-4.738	H1-13-1.321	66.667	12	4	0	1	12	1	12	0.039	18.9
H1-13-4.738	H1-13-1.660	66.667	12	4	0	1	12	1	12	0.040	18.9
H1-13-4.738	H1-13-1.32	66.667	12	4	0	1	12	1	12	0.040	18.9
H1-13-4.738	H1-13-1.102	66.667	12	4	0	1	12	1	12	0.041	18.9
H1-13-4.738	H1-13-1.293	66.667	12	4	0	1	12	1	12	0.041	18.9
H1-13-4.738	H1-13-1.236	61.538	13	5	0	1	13	1	13	0.045	18.9
H1-13-4.738	H1-13-1.66	61.538	13	5	0	1	13	1	13	0.045	18.9
H1-13-4.738	H1-13-1.291	63.636	11	4	0	2	12	2	12	0.048	18.5
H1-13-4.738	H1-13-1.83	66.667	12	4	0	1	12	1	12	0.049	18.5
H1-13-4.738	H1-13-1.692	66.667	12	4	0	1	12	1	12	0.050	18.5
H1-13-4.738	H1-13-1.527	66.667	12	4	0	1	12	1	12	0.053	18.5
H1-13-4.738	H1-13-1.201	66.667	12	4	0	1	12	1	12	0.055	18.5
H1-13-4.738	H1-13-1.430	66.667	12	4	0	1	12	1	12	0.056	18.5
H1-13-4.738	H1-13-1.324	53.846	13	6	0	1	13	1	13	0.061	18.5
H1-13-4.738	H1-13-1.11	63.636	11	4	0	2	12	2	12	0.061	18.5
H1-13-4.738	H1-13-1.520	53.846	13	6	0	1	13	1	13	0.065	18.5
H1-13-4.738	H1-13-1.325	58.333	12	5	0	1	12	1	12	0.066	18.5
H1-13-4.738	H1-13-1.10	58.333	12	5	0	2	13	2	13	0.066	18.5
H1-13-4.738	H1-13-1.339	80.000	10	2	0	1	10	1	10	0.066	18.5
H1-13-4.738	H1-13-1.98	58.333	12	5	0	1	12	1	12	0.073	18.0
H1-13-4.738	H1-13-1.186	61.538	13	5	0	1	13	1	13	0.074	18.0
H1-13-4.738	H1-13-1.141	66.667	12	4	0	1	12	1	12	0.074	18.0
H1-13-4.738	H1-13-1.249	66.667	12	4	0	1	12	1	12	0.076	18.0
H1-13-4.738	H1-13-1.553	58.333	12	5	0	2	13	2	13	0.078	18.0
H1-13-4.738	H1-13-1.40	72.727	11	3	0	2	12	2	12	0.079	18.0
H1-13-4.738	H1-13-1.715	66.667	12	4	0	1	12	1	12	0.080	18.0
H1-13-4.738	H1-13-1.275	66.667	12	4	0	1	12	1	12	0.085	18.0
H1-13-4.738	H1-13-1.450	66.667	12	4	0	1	12	1	12	0.086	18.0
H1-13-4.738	H1-13-1.411	66.667	12	4	0	1	12	1	12	0.086	18.0
H1-13-4.738	H1-13-1.247	58.333	12	5	0	1	12	1	12	0.092	18.0
H1-13-4.738	H1-13-1.257	58.333	12	5	0	2	13	2	13	0.094	18.0
H1-13-4.738	H1-13-1.231	53.846	13	6	0	1	13	1	13	0.094	18.0
H1-13-4.738	H1-13-1.76	50.000	12	6	0	2	13	2	13	0.10	17.6
H1-13-4.738	H1-13-1.77	80.000	10	2	0	1	10	1	10	0.11	17.6
H1-13-4.738	H1-13-1.583	66.667	12	4	0	1	12	1	12	0.11	17.6
H1-13-4.738	H1-13-1.60	58.333	12	5	0	2	13	2	13	0.11	17.6
H1-13-4.738	H1-13-1.279	50.000	12	6	0	2	13	2	13	0.11	17.6
H1-13-4.738	H1-13-1.747	70.000	10	3	0	1	10	1	10	0.11	17.6
H1-13-4.738	H1-13-1.172	53.846	13	6	0	1	13	1	13	0.11	17.6
H1-13-4.738	H1-13-1.384	58.333	12	5	0	1	12	1	12	0.11	17.6
H1-13-4.738	H1-13-1.316	58.333	12	5	0	1	12	1	12	0.12	17.6
H1-13-4.738	H1-13-1.48	70.000	10	3	0	1	10	1	10	0.12	17.6
H1-13-4.738	H1-13-1.659	46.154	13	7	0	1	13	1	13	0.13	17.6
H1-13-4.738	H1-13-1.635	66.667	12	4	0	1	12	1	12	0.13	17.6
H1-13-4.738	H1-13-*.59	61.538	13	5	0	1	13	1	13	0.13	17.6
H1-13-4.738	H1-13-1.586	46.154	13	7	0	1	13	1	13	0.13	17.6
H1-13-4.738	H1-13-1.280	58.333	12	5	0	1	12	1	12	0.14	17.6
H1-13-4.738	H1-13-1.584	58.333	12	5	0	2	13	2	13	0.14	17.6
H1-13-4.738	H1-13-1.155	70.000	10	3	0	1	10	1	10	0.14	17.2
H1-13-4.738	H1-13-1.746	70.000	10	3	0	1	10	1	10	0.15	17.2
H1-13-4.738	H1-13-1.703	58.333	12	5	0	2	13	2	13	0.15	17.2
H1-13-4.738	H1-13-1.86	70.000	10	3	0	1	10	1	10	0.15	17.2
H1-13-4.738	H1-13-1.562	50.000	12	6	0	1	12	1	12	0.15	17.2
H1-13-4.738	H1-13-1.58	58.333	12	5	0	2	13	2	13	0.15	17.2
H1-13-4.738	H1-13-1.31	66.667	12	4	0	1	12	1	12	0.15	17.2
H1-13-4.738	H1-13-1.121	70.000	10	3	0	1	10	1	10	0.16	17.2
H1-13-4.738	H1-13-1.614	53.846	13	6	0	1	13	1	13	0.16	17.2
H1-13-4.738	H1-13-1.292	66.667	12	4	0	1	12	1	12	0.16	17.2
H1-13-4.738	H1-13-1.183	70.000	10	3	0	1	10	1	10	0.17	17.2
H1-13-4.738	H1-13-1.52	50.000	12	6	0	2	13	2	13	0.17	17.2
H1-13-4.738	H1-13-1.486	58.333	12	5	0	1	12	1	12	0.17	17.2
H1-13-4.738	H1-13-1.427	53.846	13	6	0	1	13	1	13	0.18	17.2
H1-13-4.738	H1-13-1.476	66.667	12	4	0	1	12	1	12	0.18	17.2
H1-13-4.738	H1-13-1.308	54.545	11	5	0	2	12	2	12	0.18	17.2
H1-13-4.738	H1-13-1.717	54.545	11	5	0	2	12	2	12	0.18	17.2
H1-13-4.738	H1-13-1.599	58.333	12	5	0	1	12	1	12	0.18	17.2
H1-13-4.738	H1-13-1.582	58.333	12	5	0	1	12	1	12	0.18	17.2
H1-13-4.738	H1-13-3.273	70.000	10	3	0	1	10	1	10	0.18	17.2
H1-13-4.738	H1-13-1.283	63.636	11	4	0	2	12	2	12	0.19	17.2
H1-13-4.738	H1-13-1.638	50.000	12	6	0	2	13	2	13	0.19	17.2
H1-13-4.738	H1-13-1.82	87.500	8	1	0	1	8	1	8	0.20	17.2
H1-13-4.738	H1-13-1.1	87.500	8	1	0	1	8	1	8	0.20	17.2
H1-13-4.738	H1-13-1.743	66.667	12	4	0	1	12	1	12	0.20	17.2
H1-13-4.738	H1-13-7.693	53.846	13	6	0	1	13	1	13	0.21	17.2
H1-13-4.738	H1-13-1.439	50.000	12	6	0	2	13	2	13	0.22	16.8
H1-13-4.738	H1-13-3.580	70.000	10	3	0	1	10	1	10	0.22	16.8
H1-13-4.738	H1-13-1.429	46.154	13	7	0	1	13	1	13	0.22	16.8
H1-13-4.738	H1-13-1.428	50.000	12	6	0	2	13	2	13	0.23	16.8
H1-13-4.738	H1-13-1.559	50.000	12	6	0	1	12	1	12	0.23	16.8
H1-13-4.738	H1-13-*.199	87.500	8	1	0	1	8	1	8	0.23	16.8
H1-13-4.738	H1-13-3.85	87.500	8	1	0	1	8	1	8	0.23	16.8
H1-13-4.738	H1-13-1.448	58.333	12	5	0	1	12	1	12	0.23	16.8
H1-13-4.738	H1-13-1.167	58.333	12	5	0	2	13	2	13	0.23	16.8
H1-13-4.738	H1-13-1.752	54.545	11	5	0	2	12	2	12	0.24	16.8
H1-13-4.738	H1-13-*.144	50.000	12	6	0	2	13	2	13	0.24	16.8
H1-13-4.738	H1-13-3.493	50.000	12	6	0	1	12	1	12	0.25	16.8
H1-13-4.738	H1-13-1.323	87.500	8	1	0	1	8	1	8	0.25	16.8
H1-13-4.738	H1-13-1.166	58.333	12	5	0	2	13	2	13	0.25	16.8
H1-13-4.738	H1-13-1.113	53.846	13	6	0	1	13	1	13	0.25	16.8
H1-13-4.738	H1-13-1.600	70.000	10	3	0	1	10	1	10	0.26	16.8
H1-13-4.738	H1-13-1.740	87.500	8	1	0	1	8	1	8	0.27	16.8
H1-13-4.738	H1-13-1.628	100.000	7	0	0	1	7	1	7	0.27	16.8
H1-13-4.738	H1-13-1.612	53.846	13	6	0	1	13	1	13	0.27	16.8
H1-13-4.738	H1-13-1.383	70.000	10	3	0	1	10	1	10	0.27	16.8
H1-13-4.738	H1-13-1.28	58.333	12	5	0	1	12	1	12	0.27	16.8
H1-13-4.738	H1-13-1.278	70.000	10	3	0	1	10	1	10	0.28	16.8
H1-13-4.738	H1-13-1.37	50.000	12	6	0	2	13	2	13	0.29	16.8
H1-13-4.738	H1-13-1.179	50.000	12	6	0	2	13	2	13	0.30	16.8
H1-13-4.738	H1-13-1.473	60.000	10	4	0	1	10	1	10	0.31	16.3
H1-13-4.738	H1-13-1.415	54.545	11	5	0	2	12	2	12	0.31	16.3
H1-13-4.738	H1-13-7.694	58.333	12	5	0	1	12	1	12	0.31	16.3
H1-13-4.738	H1-13-1.417	50.000	12	6	0	2	13	2	13	0.32	16.3
H1-13-4.738	H1-13-1.13	50.000	12	6	0	1	12	1	12	0.32	16.3
H1-13-4.738	H1-13-1.741	87.500	8	1	0	1	8	1	8	0.33	16.3
H1-13-4.738	H1-13-1.596	50.000	12	6	0	2	13	2	13	0.33	16.3
H1-13-4.738	H1-13-1.581	50.000	12	6	0	2	13	2	13	0.33	16.3
H1-13-4.738	H1-13-1.750	87.500	8	1	0	1	8	1	8	0.33	16.3
H1-13-4.738	H1-13-1.398	60.000	10	4	0	1	10	1	10	0.33	16.3
H1-13-4.738	H1-13-1.88	60.000	10	4	0	1	10	1	10	0.33	16.3
H1-13-4.738	H1-13-1.546	54.545	11	5	0	2	12	2	12	0.34	16.3
H1-13-4.738	H1-13-1.457	60.000	10	4	0	1	10	1	10	0.34	16.3
H1-13-4.738	H1-13-1.714	58.333	12	5	0	1	12	1	12	0.35	16.3
H1-13-4.738	H1-13-1.665	60.000	10	4	0	1	10	1	10	0.36	16.3
H1-13-4.738	H1-13-4.627	58.333	12	5	0	2	13	2	13	0.36	16.3
H1-13-4.738	H1-13-1.245	58.333	12	5	0	2	13	2	13	0.36	16.3
H1-13-4.738	H1-13-1.381	53.846	13	6	0	1	13	1	13	0.37	16.3
H1-13-4.738	H1-13-1.345	50.000	12	6	0	1	12	1	12	0.37	16.3
H1-13-4.738	H1-13-1.68	60.000	10	4	0	1	10	1	10	0.37	16.3
H1-13-4.738	H1-13-1.675	50.000	12	6	0	2	13	2	13	0.38	16.3
H1-13-4.738	H1-13-6.255	53.846	13	6	0	1	13	1	13	0.38	16.3
H1-13-4.738	H1-13-2.72	60.000	10	4	0	1	10	1	10	0.38	16.3
H1-13-4.738	H1-13-*.393	54.545	11	5	0	2	12	2	12	0.38	16.3
H1-13-4.738	H1-13-1.567	54.545	11	5	0	2	12	2	12	0.39	16.3
H1-13-4.738	H1-13-1.532	54.545	11	5	0	2	12	2	12	0.39	16.3
H1-13-4.738	H1-13-1.238	53.846	13	6	0	1	13	1	13	0.39	16.3
H1-13-4.738	H1-13-1.7	60.000	10	4	0	1	10	1	10	0.42	16.3
H1-13-4.738	H1-13-1.50	54.545	11	5	0	2	12	2	12	0.46	15.9
H1-13-4.738	H1-13-1.458	54.545	11	5	0	2	12	2	12	0.47	15.9
H1-13-4.738	H1-13-1.533	50.000	12	6	0	2	13	2	13	0.48	15.9
H1-13-4.738	H1-13-1.216	50.000	12	6	0	2	13	2	13	0.48	15.9
H1-13-4.738	H1-13-1.669	53.846	13	6	0	1	13	1	13	0.50	15.9
H1-13-4.738	H1-13-1.358	66.667	12	4	0	2	13	2	13	0.51	15.9
H1-13-4.738	H1-13-1.451	50.000	12	6	0	2	13	2	13	0.51	15.9
H1-13-4.738	H1-13-1.351	60.000	10	4	0	1	10	1	10	0.54	15.9
H1-13-4.738	H1-13-4.550	63.636	11	4	0	3	13	3	13	0.54	15.9
H1-13-4.738	H1-13-1.314	87.500	8	1	0	1	8	1	8	0.57	15.9
H1-13-4.738	H1-13-1.112	66.667	12	4	0	2	13	2	13	0.57	15.9
H1-13-4.738	H1-13-1.364	54.545	11	5	0	2	12	2	12	0.57	15.9
H1-13-4.738	H1-13-1.156	60.000	10	4	0	1	10	1	10	0.57	15.9
H1-13-4.738	H1-13-1.251	41.667	12	7	0	2	13	2	13	0.58	15.9
H1-13-4.738	H1-13-1.107	75.000	8	2	0	1	8	1	8	0.58	15.9
H1-13-4.738	H1-13-1.397	75.000	8	2	0	1	8	1	8	0.61	15.9
H1-13-4.738	H1-13-1.348	50.000	12	6	0	2	13	2	13	0.61	15.9
H1-13-4.738	H1-13-1.326	41.667	12	7	0	2	13	2	13	0.61	15.9
H1-13-4.738	H1-13-1.33	53.846	13	6	0	1	13	1	13	0.61	15.9
H1-13-4.738	H1-13-3.418	53.846	13	6	0	1	13	1	13	0.62	15.5
H1-13-4.738	H1-13-1.395	75.000	8	2	0	1	8	1	8	0.62	15.5
H1-13-4.738	H1-13-4.67	50.000	12	6	0	2	13	2	13	0.63	15.5
H1-13-4.738	H1-13-1.489	66.667	9	3	0	2	10	2	10	0.64	15.5
H1-13-4.738	H1-13-1.173	58.333	12	5	0	2	13	2	13	0.64	15.5
H1-13-4.738	H1-13-1.64	50.000	12	6	0	1	12	1	12	0.66	15.5
H1-13-4.738	H1-13-*.227	50.000	12	6	0	2	13	2	13	0.66	15.5
H1-13-4.738	H1-13-1.159	60.000	10	4	0	1	10	1	10	0.66	15.5
H1-13-4.738	H1-13-1.79	50.000	12	6	0	2	13	2	13	0.66	15.5
H1-13-4.738	H1-13-1.510	45.455	11	6	0	2	12	2	12	0.68	15.5
H1-13-4.738	H1-13-1.447	45.455	11	6	0	2	12	2	12	0.69	15.5
H1-13-4.738	H1-13-1.130	75.000	8	2	0	1	8	1	8	0.69	15.5
H1-13-4.738	H1-13-1.391	45.455	11	6	0	2	12	2	12	0.70	15.5
H1-13-4.738	H1-13-1.214	50.000	12	6	0	2	13	2	13	0.70	15.5
H1-13-4.738	H1-13-1.563	50.000	12	6	0	2	13	2	13	0.71	15.5
H1-13-4.738	H1-13-1.320	53.846	13	6	0	1	13	1	13	0.71	15.5
H1-13-4.738	H1-13-1.464	66.667	9	3	0	2	10	2	10	0.73	15.5
H1-13-4.738	H1-13-3.684	75.000	8	2	0	1	8	1	8	0.74	15.5
H1-13-4.738	H1-13-3.277	58.333	12	5	0	2	13	2	13	0.74	15.5
H1-13-4.738	H1-13-1.209	60.000	10	4	0	1	10	1	10	0.74	15.5
H1-13-4.738	H1-13-1.390	45.455	11	6	0	2	12	2	12	0.77	15.5
H1-13-4.738	H1-13-*.413	53.846	13	6	0	1	13	1	13	0.78	15.5
H1-13-4.738	H1-13-1.120	50.000	12	6	0	1	12	1	12	0.78	15.5
H1-13-4.738	H1-13-1.350	41.667	12	7	0	2	13	2	13	0.79	15.5
H1-13-4.738	H1-13-1.340	60.000	10	4	0	1	10	1	10	0.82	15.5
H1-13-4.738	H1-13-1.722	60.000	10	4	0	1	10	1	10	0.84	15.5
H1-13-4.738	H1-13-1.690	75.000	8	2	0	1	8	1	8	0.87	15.5
H1-13-4.738	H1-13-1.560	41.667	12	7	0	2	13	2	13	0.87	15.5
H1-13-4.738	H1-13-1.631	38.462	13	8	0	1	13	1	13	0.88	15.5
H1-13-4.738	H1-13-1.702	54.545	11	5	0	2	12	2	12	0.89	15.1
H1-13-4.738	H1-13-1.192	75.000	8	2	0	1	8	1	8	0.89	15.1
H1-13-4.738	H1-13-2.716	53.846	13	6	0	1	13	1	13	0.91	15.1
H1-13-4.738	H1-13-1.534	41.667	12	7	0	2	13	2	13	0.92	15.1
H1-13-4.738	H1-13-*.605	45.455	11	6	0	2	12	2	12	0.96	15.1
H1-13-4.738	H1-13-1.319	60.000	10	4	0	1	10	1	10	0.97	15.1
H1-13-4.738	H1-13-1.119	75.000	8	2	0	1	8	1	8	0.98	15.1
H1-13-4.738	H1-13-1.502	85.714	7	1	0	1	7	1	7	1.0	15.1
H1-13-4.738	H1-13-1.219	75.000	8	2	0	1	8	1	8	1.0	15.1
H1-13-4.738	H1-13-1.353	41.667	12	7	0	2	13	2	13	1.0	15.1
H1-13-4.738	H1-13-1.118	50.000	10	5	0	1	10	1	10	1.0	15.1
H1-13-4.738	H1-13-1.435	46.154	13	7	0	1	13	1	13	1.1	15.1
H1-13-4.738	H1-13-1.651	45.455	11	6	0	2	12	2	12	1.1	15.1
H1-13-4.738	H1-13-1.146	50.000	12	6	0	2	13	2	13	1.1	15.1
H1-13-4.738	H1-13-1.272	50.000	12	6	0	2	13	2	13	1.1	15.1
H1-13-4.738	H1-13-1.110	50.000	10	5	0	1	10	1	10	1.1	15.1
H1-13-4.738	H1-13-3.175	46.154	13	7	0	1	13	1	13	1.1	15.1
H1-13-4.738	H1-13-1.472	41.667	12	7	0	1	12	1	12	1.1	15.1
H1-13-4.738	H1-13-1.128	50.000	12	6	0	2	13	2	13	1.1	15.1
H1-13-4.738	H1-13-1.575	60.000	10	4	0	1	10	1	10	1.2	15.1
H1-13-4.738	H1-13-1.630	50.000	12	6	0	2	13	2	13	1.2	15.1
H1-13-4.738	H1-13-1.516	75.000	8	2	0	1	8	1	8	1.2	15.1
H1-13-4.738	H1-13-1.454	50.000	12	6	0	2	13	2	13	1.2	15.1
H1-13-4.738	H1-13-*.240	58.333	12	5	0	1	12	1	12	1.2	15.1
H1-13-4.738	H1-13-1.15	63.636	11	4	0	3	13	3	13	1.3	14.6
H1-13-4.738	H1-13-1.644	50.000	12	6	0	2	13	2	13	1.3	14.6
H1-13-4.738	H1-13-1.641	41.667	12	7	0	2	13	2	13	1.3	14.6
H1-13-4.738	H1-13-4.425	41.667	12	7	0	2	13	2	13	1.3	14.6
H1-13-4.738	H1-13-1.374	41.667	12	7	0	2	13	2	13	1.4	14.6
H1-13-4.738	H1-13-1.217	58.333	12	5	0	2	13	2	13	1.4	14.6
H1-13-4.738	H1-13-1.19	75.000	8	2	0	1	8	1	8	1.4	14.6
H1-13-4.738	H1-13-1.218	50.000	10	5	0	1	10	1	10	1.4	14.6
H1-13-4.738	H1-13-1.81	63.636	11	4	0	2	12	2	12	1.4	14.6
H1-13-4.738	H1-13-1.511	54.545	11	5	0	2	12	2	12	1.4	14.6
H1-13-4.738	H1-13-1.8	63.636	11	4	0	3	13	3	13	1.4	14.6
H1-13-4.738	H1-13-1.598	45.455	11	6	0	2	12	2	12	1.5	14.6
H1-13-4.738	H1-13-1.594	46.154	13	7	0	1	13	1	13	1.5	14.6
H1-13-4.738	H1-13-1.466	54.545	11	5	0	2	12	2	12	1.5	14.6
H1-13-4.738	H1-13-1.332	58.333	12	5	0	2	13	2	13	1.5	14.6
H1-13-4.738	H1-13-1.302	45.455	11	6	0	2	12	2	12	1.5	14.6
H1-13-4.738	H1-13-1.309	45.455	11	6	0	2	12	2	12	1.5	14.6
H1-13-4.738	H1-13-1.246	41.667	12	7	0	2	13	2	13	1.5	14.6
H1-13-4.738	H1-13-1.317	75.000	8	2	0	1	8	1	8	1.5	14.6
H1-13-4.738	H1-13-*.289	50.000	12	6	0	2	13	2	13	1.5	14.6
H1-13-4.738	H1-13-1.99	45.455	11	6	0	2	12	2	12	1.5	14.6
H1-13-4.738	H1-13-1.271	45.455	11	6	0	2	12	2	12	1.5	14.6
H1-13-4.738	H1-13-1.281	41.667	12	7	0	2	13	2	13	1.6	14.6
H1-13-4.738	H1-13-1.80	46.154	13	7	0	1	13	1	13	1.6	14.6
H1-13-4.738	H1-13-*.552	45.455	11	6	0	2	12	2	12	1.6	14.6
H1-13-4.738	H1-13-1.125	50.000	12	6	0	2	13	2	13	1.6	14.6
H1-13-4.738	H1-13-1.78	50.000	10	5	0	1	10	1	10	1.6	14.6
H1-13-4.738	H1-13-1.574	45.455	11	6	0	2	12	2	12	1.7	14.6
H1-13-4.738	H1-13-1.656	50.000	12	6	0	1	12	1	12	1.8	14.6
H1-13-4.738	H1-13-1.145	45.455	11	6	0	2	12	2	12	1.8	14.6
H1-13-4.738	H1-13-*.147	41.667	12	7	0	2	13	2	13	1.8	14.2
H1-13-4.738	H1-13-*.71	41.667	12	7	0	2	13	2	13	1.8	14.2
H1-13-4.738	H1-13-1.157	50.000	10	5	0	1	10	1	10	1.8	14.2
H1-13-4.738	H1-13-1.221	45.455	11	6	0	2	12	2	12	1.9	14.2
H1-13-4.738	H1-13-1.185	41.667	12	7	0	2	13	2	13	1.9	14.2
H1-13-4.738	H1-13-1.202	54.545	11	5	0	1	11	1	11	2.0	14.2
H1-13-4.738	H1-13-1.748	45.455	11	6	0	2	12	2	12	2.0	14.2
H1-13-4.738	H1-13-1.590	46.154	13	7	0	1	13	1	13	2.0	14.2
H1-13-4.738	H1-13-1.237	50.000	10	5	0	3	12	3	12	2.0	14.2
H1-13-4.738	H1-13-1.51	41.667	12	7	0	1	12	1	12	2.1	14.2
H1-13-4.738	H1-13-1.676	54.545	11	5	0	2	12	2	12	2.2	14.2
H1-13-4.738	H1-13-1.475	54.545	11	5	0	2	12	2	12	2.2	14.2
H1-13-4.738	H1-13-1.162	50.000	10	5	0	1	10	1	10	2.2	14.2
H1-13-4.738	H1-13-5.360	62.500	8	3	0	2	9	2	9	2.3	14.2
H1-13-4.738	H1-13-1.683	41.667	12	7	0	2	13	2	13	2.3	14.2
H1-13-4.738	H1-13-1.87	50.000	10	5	0	1	10	1	10	2.3	14.2
H1-13-4.738	H1-13-1.285	45.455	11	6	0	2	12	2	12	2.6	14.2
H1-13-4.738	H1-13-1.97	54.545	11	5	0	2	12	2	12	2.6	14.2
H1-13-4.738	H1-13-1.633	46.154	13	7	0	1	13	1	13	2.6	14.2
H1-13-4.738	H1-13-1.655	46.154	13	7	0	1	13	1	13	2.7	13.8
H1-13-4.738	H1-13-1.461	60.000	10	4	0	1	10	1	10	2.7	13.8
H1-13-4.738	H1-13-1.312	62.500	8	3	0	1	8	1	8	2.7	13.8
H1-13-4.738	H1-13-*.587	54.545	11	5	0	2	12	2	12	2.8	13.8
H1-13-4.738	H1-13-1.170	50.000	10	5	0	1	10	1	10	2.8	13.8
H1-13-4.738	H1-13-1.664	41.667	12	7	0	2	13	2	13	2.9	13.8
H1-13-4.738	H1-13-1.220	60.000	10	4	0	1	10	1	10	3.0	13.8
H1-13-4.738	H1-13-1.158	62.500	8	3	0	1	8	1	8	3.0	13.8
H1-13-4.738	H1-13-3.300	45.455	11	6	0	2	12	2	12	3.2	13.8
H1-13-4.738	H1-13-1.739	41.667	12	7	0	2	13	2	13	3.3	13.8
H1-13-4.738	H1-13-1.465	46.154	13	7	0	1	13	1	13	3.3	13.8
H1-13-4.738	H1-13-*.540	46.154	13	7	0	1	13	1	13	3.3	13.8
H1-13-4.738	H1-13-1.307	62.500	8	3	0	2	9	2	9	3.4	13.8
H1-13-4.738	H1-13-1.256	71.429	7	2	0	2	8	2	8	3.4	13.8
H1-13-4.738	H1-13-1.73	85.714	7	1	0	2	8	2	8	3.5	13.8
H1-13-4.738	H1-13-1.535	45.455	11	6	0	2	12	2	12	3.6	13.8
H1-13-4.738	H1-13-1.193	41.667	12	7	0	2	13	2	13	3.7	13.8
H1-13-4.738	H1-13-1.373	50.000	12	6	0	2	13	2	13	3.8	13.8
H1-13-4.738	H1-13-3.603	54.545	11	5	0	2	12	2	12	3.9	13.4
H1-13-4.738	H1-13-1.674	41.667	12	7	0	2	13	2	13	4.0	13.4
H1-13-4.738	H1-13-1.109	45.455	11	6	0	2	12	2	12	4.1	13.4
H1-13-4.738	H1-13-5.652	50.000	12	6	0	2	13	2	13	4.2	13.4
H1-13-4.738	H1-13-1.269	50.000	12	6	0	2	13	2	13	4.2	13.4
H1-13-4.738	H1-13-1.706	55.556	9	4	0	2	10	2	10	4.4	13.4
H1-13-4.738	H1-13-3.267	41.667	12	7	0	2	13	2	13	4.5	13.4
H1-13-4.738	H1-13-1.725	41.667	12	7	0	2	13	2	13	4.6	13.4
H1-13-4.738	H1-13-1.431	41.667	12	7	0	1	12	1	12	4.6	13.4
H1-13-4.738	H1-13-1.16	50.000	12	6	0	2	13	2	13	4.7	13.4
H1-13-4.738	H1-13-1.6	36.364	11	7	0	2	12	2	12	4.7	13.4
H1-13-4.738	H1-13-4.347	45.455	11	6	0	2	12	2	12	4.9	13.4
H1-13-4.738	H1-13-1.724	62.500	8	3	0	1	8	1	8	5.0	13.4
H1-13-4.738	H1-13-1.135	54.545	11	5	0	2	12	2	12	5.2	13.4
H1-13-4.738	H1-13-1.124	54.545	11	5	0	2	12	2	12	5.4	13.4
H1-13-4.738	H1-13-1.22	71.429	7	2	0	2	8	2	8	5.5	13.4
H1-13-4.738	H1-13-*.75	41.667	12	7	0	2	13	2	13	5.6	13.4
H1-13-4.738	H1-13-*.116	54.545	11	5	0	1	11	1	11	5.6	13.4
H1-13-4.738	H1-13-1.298	45.455	11	6	0	2	12	2	12	5.7	13.4
H1-13-4.738	H1-13-*.604	54.545	11	5	0	2	12	2	12	5.8	12.9
H1-13-4.738	H1-13-2.42	41.667	12	7	0	2	13	2	13	5.8	12.9
H1-13-4.738	H1-13-1.624	71.429	7	2	0	2	8	2	8	5.9	12.9
H1-13-4.738	H1-13-1.35	45.455	11	6	0	2	12	2	12	5.9	12.9
H1-13-4.738	H1-13-*.234	46.154	13	7	0	1	13	1	13	6.2	12.9
H1-13-4.738	H1-13-1.611	41.667	12	7	0	2	13	2	13	6.3	12.9
H1-13-4.738	H1-13-1.625	83.333	6	1	0	2	7	2	7	6.6	12.9
H1-13-4.738	H1-13-1.579	41.667	12	7	0	2	13	2	13	6.7	12.9
H1-13-4.738	H1-13-*.424	45.455	11	6	0	2	12	2	12	6.7	12.9
H1-13-4.738	H1-13-3.745	46.154	13	7	0	1	13	1	13	6.8	12.9
H1-13-4.738	H1-13-1.354	71.429	7	2	0	2	8	2	8	7.1	12.9
H1-13-4.738	H1-13-1.672	33.333	12	8	0	2	13	2	13	7.8	12.9
H1-13-4.738	H1-13-1.734	50.000	12	6	0	2	13	2	13	7.9	12.9
H1-13-4.738	H1-13-*.123	38.462	13	8	0	1	13	1	13	8.1	12.9
H1-13-4.738	H1-13-1.265	50.000	10	5	0	1	10	1	10	8.2	12.9
H1-13-4.738	H1-13-1.187	71.429	7	2	0	2	8	2	8	8.5	12.5
H1-13-4.738	H1-13-1.636	50.000	12	6	0	2	13	2	13	8.6	12.5
H1-13-4.738	H1-13-1.689	45.455	11	6	0	2	12	2	12	9.5	12.5
H1-13-4.738	H1-13-*.189	46.154	13	7	0	1	13	1	13	9.7	12.5
H1-13-4.738	H1-13-1.311	46.154	13	7	0	1	13	1	13	9.9	12.5
H1-13-4.738	H1-13-*.462	45.455	11	6	0	2	12	2	12	11	12.5
H1-13-4.738	H1-13-1.303	44.444	9	5	0	2	10	2	10	11	12.5
H1-13-4.738	H1-13-*.662	50.000	12	6	0	1	12	1	12	11	12.5
H1-13-4.738	H1-13-*.525	38.462	13	8	0	1	13	1	13	12	12.5
H1-13-4.738	H1-13-1.266	44.444	9	5	0	2	10	2	10	12	12.5
H1-13-4.738	H1-13-1.719	45.455	11	6	0	2	12	2	12	12	12.5
H1-13-4.738	H1-13-1.513	55.556	9	4	0	2	10	2	10	12	12.1
H1-13-4.738	H1-13-1.142	41.667	12	7	0	2	13	2	13	13	12.1
H1-13-4.738	H1-13-1.378	41.667	12	7	0	2	13	2	13	13	12.1
H1-13-4.738	H1-13-1.517	57.143	7	3	0	2	8	2	8	14	12.1
H1-13-4.738	H1-13-1.241	57.143	7	3	0	2	8	2	8	14	12.1
H1-13-4.738	H1-13-1.569	33.333	12	8	0	2	13	2	13	15	12.1
H1-13-4.738	H1-13-1.377	41.667	12	7	0	2	13	2	13	15	12.1
H1-13-4.738	H1-13-1.174	41.667	12	7	0	2	13	2	13	15	12.1
H1-13-4.738	H1-13-*.647	41.667	12	7	0	1	12	1	12	15	12.1
H1-13-4.738	H1-13-1.114	45.455	11	6	0	2	12	2	12	15	12.1
H1-13-4.738	H1-13-1.619	57.143	7	3	0	2	8	2	8	18	11.7
H1-13-4.738	H1-13-1.392	50.000	8	4	0	2	9	2	9	18	11.7
H1-13-4.738	H1-13-1.613	57.143	7	3	0	2	8	2	8	20	11.7
H1-13-4.738	H1-13-*.557	41.667	12	7	0	2	13	2	13	21	11.7
H1-13-4.738	H1-13-1.541	36.364	11	7	0	2	12	2	12	23	11.7
H1-13-4.738	H1-13-4.365	57.143	7	3	0	2	8	2	8	27	11.2
H1-13-4.738	H1-13-*.299	45.455	11	6	0	2	12	2	12	29	11.2
H1-13-4.738	H1-13-*.445	36.364	11	7	0	2	12	2	12	34	11.2
H1-13-4.738	H1-13-1.205	66.667	6	2	0	2	7	2	7	38	11.2
H1-13-4.738	H1-13-3.699	45.455	11	6	0	3	13	3	13	39	10.8
H1-13-4.738	H1-13-1.203	66.667	6	2	0	2	7	2	7	39	10.8
H1-13-4.738	H1-13-1.341	57.143	7	3	0	2	8	2	8	40	10.8
H1-13-4.738	H1-13-7.463	100.000	4	0	0	2	5	8	11	54	10.8
H1-13-4.738	H1-13-7.442	100.000	4	0	0	2	5	8	11	54	10.8
H1-13-4.738	H1-13-7.24	100.000	4	0	0	2	5	8	11	54	10.8
H1-13-4.738	H1-13-*.545	45.455	11	6	0	3	13	3	13	56	10.8
H1-13-4.738	H1-13-*.274	100.000	4	0	0	2	5	8	11	56	10.4
H1-13-4.738	H1-13-3.134	36.364	11	7	0	2	12	2	12	74	10.4
H1-13-4.738	H1-13-1.593	41.667	12	7	0	2	13	2	13	75	10.4
H1-13-4.738	H1-13-1.530	41.667	12	7	0	2	13	2	13	76	10.4
H1-13-4.738	H1-13-1.63	41.667	12	7	0	2	13	2	13	84	10.0
H1-13-4.738	H1-13-6.667	45.455	11	6	0	2	12	2	12	88	10.0
H1-13-4.738	H1-13-5.645	66.667	6	2	0	2	7	2	7	91	10.0
H1-13-4.738	H1-13-1.407	41.667	12	7	0	2	13	2	13	132	 9.5
H1-13-4.738	H1-13-1.592	41.667	12	7	0	2	13	2	13	195	 9.1
H1-13-4.738	H1-13-1.376	41.667	12	7	0	2	13	2	13	223	 9.1
H1-13-4.738	H1-13-5.403	33.333	12	8	0	2	13	2	13	752	 7.4
H1-13-4.738	H1-13-1.375	100.000	2	0	0	12	13	12	13	1015	 7.4
