H1-14-1.762	H1-14-1.773	85.714	14	2	0	1	14	1	14	8.35e-07	27.8
H1-14-1.762	H1-14-*.755	85.714	14	2	0	1	14	1	14	8.35e-07	27.8
H1-14-1.762	H1-14-*.764	85.714	14	2	0	1	14	1	14	1.07e-06	27.4
H1-14-1.762	H1-14-1.770	85.714	14	2	0	1	14	1	14	1.25e-06	27.4
H1-14-1.762	H1-14-1.754	85.714	14	2	0	1	14	1	14	2.29e-06	26.5
H1-14-1.762	H1-14-1.756	78.571	14	3	0	1	14	1	14	2.43e-06	26.5
H1-14-1.762	H1-14-1.753	85.714	14	2	0	1	14	1	14	2.61e-06	26.5
H1-14-1.762	H1-14-1.757	78.571	14	3	0	1	14	1	14	3.86e-06	26.1
H1-14-1.762	H1-14-1.763	78.571	14	3	0	1	14	1	14	7.06e-06	25.2
H1-14-1.762	H1-14-*.774	78.571	14	3	0	1	14	1	14	1.01e-05	24.8
H1-14-1.762	H1-14-1.780	84.615	13	2	0	1	13	1	13	1.09e-05	24.8
H1-14-1.762	H1-14-1.759	84.615	13	2	0	1	13	1	13	1.54e-05	24.4
H1-14-1.762	H1-14-*.782	84.615	13	2	0	1	13	1	13	2.98e-05	23.5
H1-14-1.762	H1-14-1.776	64.286	14	5	0	1	14	1	14	8.88e-05	22.7
H1-14-1.762	H1-14-1.760	71.429	14	4	0	1	14	1	14	9.09e-05	22.3
H1-14-1.762	H1-14-1.771	69.231	13	4	0	1	13	1	13	2.43e-04	21.4
H1-14-1.762	H1-14-*.775	61.538	13	5	0	1	13	1	13	2.60e-04	21.4
H1-14-1.762	H1-14-1.772	61.538	13	5	0	1	13	1	13	4.05e-04	20.6
H1-14-1.762	H1-14-1.781	64.286	14	5	0	1	14	1	14	5.67e-04	20.6
H1-14-1.762	H1-14-*.758	61.538	13	5	0	1	13	1	13	8.41e-04	19.7
H1-14-1.762	H1-14-*.777	57.143	14	6	0	1	14	1	14	0.035	15.5
