H1-13-1.743	H1-13-1.119	92.308	13	1	0	1	13	1	13	1.34e-05	27.8
H1-13-1.743	H1-13-1.583	92.308	13	1	0	1	13	1	13	2.37e-05	27.4
H1-13-1.743	H1-13-1.102	92.308	13	1	0	1	13	1	13	2.77e-05	26.9
H1-13-1.743	H1-13-1.430	84.615	13	2	0	1	13	1	13	4.11e-05	26.5
H1-13-1.743	H1-13-1.669	84.615	13	2	0	1	13	1	13	5.40e-05	26.1
H1-13-1.743	H1-13-*.199	84.615	13	2	0	1	13	1	13	5.80e-05	26.1
H1-13-1.743	H1-13-1.83	84.615	13	2	0	1	13	1	13	5.94e-05	26.1
H1-13-1.743	H1-13-1.450	84.615	13	2	0	1	13	1	13	8.60e-05	25.7
H1-13-1.743	H1-13-1.32	84.615	13	2	0	1	13	1	13	9.13e-05	25.7
H1-13-1.743	H1-13-1.384	84.615	13	2	0	1	13	1	13	9.92e-05	25.7
H1-13-1.743	H1-13-1.554	84.615	13	2	0	1	13	1	13	1.21e-04	25.2
H1-13-1.743	H1-13-1.599	84.615	13	2	0	1	13	1	13	1.43e-04	25.2
H1-13-1.743	H1-13-3.85	76.923	13	3	0	1	13	1	13	1.65e-04	25.2
H1-13-1.743	H1-13-1.181	76.923	13	3	0	1	13	1	13	1.69e-04	24.8
H1-13-1.743	H1-13-1.270	84.615	13	2	0	1	13	1	13	1.73e-04	24.8
H1-13-1.743	H1-13-1.692	76.923	13	3	0	1	13	1	13	2.00e-04	24.8
H1-13-1.743	H1-13-1.280	76.923	13	3	0	1	13	1	13	2.23e-04	24.8
H1-13-1.743	H1-13-1.180	76.923	13	3	0	1	13	1	13	2.28e-04	24.8
H1-13-1.743	H1-13-1.176	76.923	13	3	0	1	13	1	13	2.28e-04	24.8
H1-13-1.743	H1-13-1.130	76.923	13	3	0	1	13	1	13	2.31e-04	24.8
H1-13-1.743	H1-13-1.696	76.923	13	3	0	1	13	1	13	2.36e-04	24.8
H1-13-1.743	H1-13-1.660	84.615	13	2	0	1	13	1	13	2.36e-04	24.8
H1-13-1.743	H1-13-1.650	84.615	13	2	0	1	13	1	13	2.36e-04	24.8
H1-13-1.743	H1-13-1.13	76.923	13	3	0	1	13	1	13	2.36e-04	24.8
H1-13-1.743	H1-13-1.28	76.923	13	3	0	1	13	1	13	2.51e-04	24.4
H1-13-1.743	H1-13-1.572	76.923	13	3	0	1	13	1	13	2.63e-04	24.4
H1-13-1.743	H1-13-1.84	76.923	13	3	0	1	13	1	13	2.92e-04	24.4
H1-13-1.743	H1-13-1.88	76.923	13	3	0	1	13	1	13	3.49e-04	24.4
H1-13-1.743	H1-13-1.323	83.333	12	2	0	1	12	1	12	3.98e-04	24.0
H1-13-1.743	H1-13-1.249	84.615	13	2	0	1	13	1	13	4.03e-04	24.0
H1-13-1.743	H1-13-1.231	76.923	13	3	0	1	13	1	13	4.38e-04	24.0
H1-13-1.743	H1-13-1.399	84.615	13	2	0	1	13	1	13	4.93e-04	24.0
H1-13-1.743	H1-13-1.48	76.923	13	3	0	1	13	1	13	5.62e-04	23.5
H1-13-1.743	H1-13-1.489	83.333	12	2	0	2	13	2	13	5.89e-04	23.5
H1-13-1.743	H1-13-1.395	69.231	13	4	0	1	13	1	13	6.03e-04	23.5
H1-13-1.743	H1-13-*.258	69.231	13	4	0	1	13	1	13	6.25e-04	23.5
H1-13-1.743	H1-13-1.476	76.923	13	3	0	1	13	1	13	6.55e-04	23.5
H1-13-1.743	H1-13-*.259	69.231	13	4	0	1	13	1	13	6.63e-04	23.5
H1-13-1.743	H1-13-1.746	69.231	13	4	0	1	13	1	13	7.03e-04	23.5
H1-13-1.743	H1-13-1.635	76.923	13	3	0	1	13	1	13	7.20e-04	23.5
H1-13-1.743	H1-13-1.742	69.231	13	4	0	1	13	1	13	7.29e-04	23.5
H1-13-1.743	H1-13-1.33	69.231	13	4	0	1	13	1	13	7.73e-04	23.1
H1-13-1.743	H1-13-1.486	76.923	13	3	0	1	13	1	13	0.001	23.1
H1-13-1.743	H1-13-1.340	69.231	13	4	0	1	13	1	13	0.001	23.1
H1-13-1.743	H1-13-*.240	84.615	13	2	0	1	13	1	13	0.001	23.1
H1-13-1.743	H1-13-1.732	76.923	13	3	0	1	13	1	13	0.001	23.1
H1-13-1.743	H1-13-1.536	76.923	13	3	0	1	13	1	13	0.001	23.1
H1-13-1.743	H1-13-1.118	69.231	13	4	0	1	13	1	13	0.001	23.1
H1-13-1.743	H1-13-1.460	69.231	13	4	0	1	13	1	13	0.001	22.7
H1-13-1.743	H1-13-7.693	69.231	13	4	0	1	13	1	13	0.001	22.7
H1-13-1.743	H1-13-1.100	76.923	13	3	0	1	13	1	13	0.001	22.7
H1-13-1.743	H1-13-1.86	69.231	13	4	0	1	13	1	13	0.001	22.7
H1-13-1.743	H1-13-1.318	76.923	13	3	0	1	13	1	13	0.001	22.7
H1-13-1.743	H1-13-1.564	76.923	13	3	0	1	13	1	13	0.001	22.7
H1-13-1.743	H1-13-1.155	69.231	13	4	0	1	13	1	13	0.001	22.7
H1-13-1.743	H1-13-1.106	84.615	13	2	0	1	13	1	13	0.001	22.7
H1-13-1.743	H1-13-1.29	84.615	13	2	0	1	13	1	13	0.001	22.7
H1-13-1.743	H1-13-1.406	76.923	13	3	0	1	13	1	13	0.001	22.7
H1-13-1.743	H1-13-1.397	69.231	13	4	0	1	13	1	13	0.002	22.7
H1-13-1.743	H1-13-1.113	69.231	13	4	0	1	13	1	13	0.002	22.3
H1-13-1.743	H1-13-1.68	69.231	13	4	0	1	13	1	13	0.002	22.3
H1-13-1.743	H1-13-1.420	69.231	13	4	0	1	13	1	13	0.002	22.3
H1-13-1.743	H1-13-1.398	69.231	13	4	0	1	13	1	13	0.002	22.3
H1-13-1.743	H1-13-2.72	69.231	13	4	0	1	13	1	13	0.002	22.3
H1-13-1.743	H1-13-1.121	75.000	12	3	0	1	12	1	12	0.002	22.3
H1-13-1.743	H1-13-1.186	69.231	13	4	0	1	13	1	13	0.003	21.8
H1-13-1.743	H1-13-7.694	75.000	12	3	0	1	12	1	12	0.003	21.8
H1-13-1.743	H1-13-1.715	69.231	13	4	0	1	13	1	13	0.003	21.8
H1-13-1.743	H1-13-1.386	69.231	13	4	0	1	13	1	13	0.003	21.8
H1-13-1.743	H1-13-1.383	69.231	13	4	0	1	13	1	13	0.003	21.8
H1-13-1.743	H1-13-1.242	69.231	13	4	0	1	13	1	13	0.004	21.4
H1-13-1.743	H1-13-1.77	69.231	13	4	0	1	13	1	13	0.004	21.4
H1-13-1.743	H1-13-1.385	69.231	13	4	0	1	13	1	13	0.004	21.4
H1-13-1.743	H1-13-1.312	61.538	13	5	0	1	13	1	13	0.004	21.4
H1-13-1.743	H1-13-1.247	76.923	13	3	0	1	13	1	13	0.004	21.4
H1-13-1.743	H1-13-1.747	76.923	13	3	0	1	13	1	13	0.005	21.4
H1-13-1.743	H1-13-1.457	69.231	13	4	0	1	13	1	13	0.005	21.4
H1-13-1.743	H1-13-1.720	76.923	13	3	0	1	13	1	13	0.005	21.4
H1-13-1.743	H1-13-1.156	69.231	13	4	0	1	13	1	13	0.005	21.0
H1-13-1.743	H1-13-1.740	61.538	13	5	0	1	13	1	13	0.006	21.0
H1-13-1.743	H1-13-1.573	61.538	13	5	0	1	13	1	13	0.006	21.0
H1-13-1.743	H1-13-1.663	66.667	12	4	0	2	13	2	13	0.006	21.0
H1-13-1.743	H1-13-1.334	61.538	13	5	0	1	13	1	13	0.006	21.0
H1-13-1.743	H1-13-1.209	61.538	13	5	0	1	13	1	13	0.007	21.0
H1-13-1.743	H1-13-1.45	61.538	13	5	0	1	13	1	13	0.007	21.0
H1-13-1.743	H1-13-1.325	76.923	13	3	0	1	13	1	13	0.007	21.0
H1-13-1.743	H1-13-1.526	76.923	13	3	0	1	13	1	13	0.007	21.0
H1-13-1.743	H1-13-1.31	75.000	12	3	0	1	12	1	12	0.007	21.0
H1-13-1.743	H1-13-1.316	69.231	13	4	0	1	13	1	13	0.007	21.0
H1-13-1.743	H1-13-1.256	66.667	12	4	0	2	13	2	13	0.007	21.0
H1-13-1.743	H1-13-1.101	69.231	13	4	0	1	13	1	13	0.008	20.6
H1-13-1.743	H1-13-1.356	69.231	13	4	0	1	13	1	13	0.008	20.6
H1-13-1.743	H1-13-1.69	53.846	13	6	0	1	13	1	13	0.008	20.6
H1-13-1.743	H1-13-1.524	61.538	13	5	0	1	13	1	13	0.009	20.6
H1-13-1.743	H1-13-1.388	69.231	13	4	0	1	13	1	13	0.009	20.6
H1-13-1.743	H1-13-1.66	69.231	13	4	0	1	13	1	13	0.009	20.6
H1-13-1.743	H1-13-1.248	69.231	13	4	0	1	13	1	13	0.009	20.6
H1-13-1.743	H1-13-1.183	61.538	13	5	0	1	13	1	13	0.009	20.6
H1-13-1.743	H1-13-1.41	69.231	13	4	0	1	13	1	13	0.010	20.6
H1-13-1.743	H1-13-1.7	61.538	13	5	0	1	13	1	13	0.010	20.6
H1-13-1.743	H1-13-1.5	61.538	13	5	0	1	13	1	13	0.010	20.6
H1-13-1.743	H1-13-1.656	61.538	13	5	0	1	13	1	13	0.010	20.6
H1-13-1.743	H1-13-1.314	66.667	12	4	0	1	12	1	12	0.010	20.6
H1-13-1.743	H1-13-1.354	66.667	12	4	0	2	13	2	13	0.011	20.6
H1-13-1.743	H1-13-1.110	61.538	13	5	0	1	13	1	13	0.011	20.2
H1-13-1.743	H1-13-1.238	61.538	13	5	0	1	13	1	13	0.011	20.2
H1-13-1.743	H1-13-1.303	66.667	12	4	0	2	13	2	13	0.012	20.2
H1-13-1.743	H1-13-1.159	61.538	13	5	0	1	13	1	13	0.012	20.2
H1-13-1.743	H1-13-1.290	69.231	13	4	0	1	13	1	13	0.013	20.2
H1-13-1.743	H1-13-1.201	69.231	13	4	0	1	13	1	13	0.013	20.2
H1-13-1.743	H1-13-3.273	61.538	13	5	0	1	13	1	13	0.014	20.2
H1-13-1.743	H1-13-1.241	58.333	12	5	0	2	13	2	13	0.014	20.2
H1-13-1.743	H1-13-1.722	66.667	12	4	0	1	12	1	12	0.014	20.2
H1-13-1.743	H1-13-3.580	61.538	13	5	0	1	13	1	13	0.015	20.2
H1-13-1.743	H1-13-1.371	66.667	12	4	0	1	12	1	12	0.015	20.2
H1-13-1.743	H1-13-1.527	69.231	13	4	0	1	13	1	13	0.015	20.2
H1-13-1.743	H1-13-1.676	66.667	12	4	0	2	13	2	13	0.016	20.2
H1-13-1.743	H1-13-1.600	61.538	13	5	0	1	13	1	13	0.016	20.2
H1-13-1.743	H1-13-1.288	69.231	13	4	0	1	13	1	13	0.016	19.7
H1-13-1.743	H1-13-1.619	58.333	12	5	0	2	13	2	13	0.016	19.7
H1-13-1.743	H1-13-1.1	69.231	13	4	0	1	13	1	13	0.016	19.7
H1-13-1.743	H1-13-1.82	69.231	13	4	0	1	13	1	13	0.016	19.7
H1-13-1.743	H1-13-1.734	63.636	11	4	0	2	12	2	12	0.018	19.7
H1-13-1.743	H1-13-1.449	61.538	13	5	0	1	13	1	13	0.018	19.7
H1-13-1.743	H1-13-1.372	69.231	13	4	0	1	13	1	13	0.018	19.7
H1-13-1.743	H1-13-1.292	61.538	13	5	0	1	13	1	13	0.018	19.7
H1-13-1.743	H1-13-1.218	53.846	13	6	0	1	13	1	13	0.019	19.7
H1-13-1.743	H1-13-3.493	61.538	13	5	0	1	13	1	13	0.020	19.7
H1-13-1.743	H1-13-1.453	100.000	9	0	0	1	9	1	9	0.021	19.7
H1-13-1.743	H1-13-1.38	100.000	9	0	0	1	9	1	9	0.021	19.7
H1-13-1.743	H1-13-1.744	100.000	9	0	0	1	9	1	9	0.022	19.7
H1-13-1.743	H1-13-1.739	58.333	12	5	0	2	13	2	13	0.023	19.3
H1-13-1.743	H1-13-1.235	58.333	12	5	0	1	12	1	12	0.023	19.3
H1-13-1.743	H1-13-1.520	61.538	13	5	0	1	13	1	13	0.024	19.3
H1-13-1.743	H1-13-1.575	58.333	12	5	0	1	12	1	12	0.025	19.3
H1-13-1.743	H1-13-1.461	66.667	12	4	0	1	12	1	12	0.025	19.3
H1-13-1.743	H1-13-1.143	69.231	13	4	0	1	13	1	13	0.025	19.3
H1-13-1.743	H1-13-1.87	53.846	13	6	0	1	13	1	13	0.027	19.3
H1-13-1.743	H1-13-1.265	53.846	13	6	0	1	13	1	13	0.031	19.3
H1-13-1.743	H1-13-1.162	53.846	13	6	0	1	13	1	13	0.032	19.3
H1-13-1.743	H1-13-2.42	58.333	12	5	0	2	13	2	13	0.033	19.3
H1-13-1.743	H1-13-1.320	58.333	12	5	0	1	12	1	12	0.033	18.9
H1-13-1.743	H1-13-1.659	61.538	13	5	0	1	13	1	13	0.033	18.9
H1-13-1.743	H1-13-1.735	53.846	13	6	0	1	13	1	13	0.034	18.9
H1-13-1.743	H1-13-1.741	53.846	13	6	0	1	13	1	13	0.034	18.9
H1-13-1.743	H1-13-1.498	53.846	13	6	0	1	13	1	13	0.034	18.9
H1-13-1.743	H1-13-1.319	58.333	12	5	0	1	12	1	12	0.034	18.9
H1-13-1.743	H1-13-1.157	53.846	13	6	0	1	13	1	13	0.036	18.9
H1-13-1.743	H1-13-1.563	58.333	12	5	0	2	13	2	13	0.037	18.9
H1-13-1.743	H1-13-1.500	75.000	12	3	0	1	12	1	12	0.038	18.9
H1-13-1.743	H1-13-1.661	88.889	9	1	0	1	9	1	9	0.041	18.9
H1-13-1.743	H1-13-1.107	53.846	13	6	0	1	13	1	13	0.043	18.9
H1-13-1.743	H1-13-1.98	61.538	13	5	0	1	13	1	13	0.043	18.9
H1-13-1.743	H1-13-1.109	63.636	11	4	0	2	12	2	12	0.044	18.9
H1-13-1.743	H1-13-*.59	53.846	13	6	0	1	13	1	13	0.044	18.9
H1-13-1.743	H1-13-1.351	61.538	13	5	0	1	13	1	13	0.045	18.9
H1-13-1.743	H1-13-1.161	75.000	12	3	0	1	12	1	12	0.046	18.9
H1-13-1.743	H1-13-1.97	58.333	12	5	0	2	13	2	13	0.046	18.9
H1-13-1.743	H1-13-1.140	88.889	9	1	0	1	9	1	9	0.046	18.9
H1-13-1.743	H1-13-1.19	53.846	13	6	0	1	13	1	13	0.050	18.5
H1-13-1.743	H1-13-1.409	53.846	13	6	0	1	13	1	13	0.051	18.5
H1-13-1.743	H1-13-6.255	80.000	10	2	0	1	10	1	10	0.051	18.5
H1-13-1.743	H1-13-1.328	61.538	13	5	0	1	13	1	13	0.052	18.5
H1-13-1.743	H1-13-1.313	58.333	12	5	0	1	12	1	12	0.052	18.5
H1-13-1.743	H1-13-*.289	63.636	11	4	0	2	12	2	12	0.052	18.5
H1-13-1.743	H1-13-1.168	61.538	13	5	0	1	13	1	13	0.052	18.5
H1-13-1.743	H1-13-1.192	53.846	13	6	0	1	13	1	13	0.053	18.5
H1-13-1.743	H1-13-1.438	50.000	12	6	0	2	13	2	13	0.054	18.5
H1-13-1.743	H1-13-1.266	58.333	12	5	0	2	13	2	13	0.054	18.5
H1-13-1.743	H1-13-1.22	54.545	11	5	0	3	13	3	13	0.056	18.5
H1-13-1.743	H1-13-1.158	58.333	12	5	0	1	12	1	12	0.056	18.5
H1-13-1.743	H1-13-1.601	50.000	12	6	0	2	13	2	13	0.058	18.5
H1-13-1.743	H1-13-1.236	100.000	8	0	0	1	8	1	8	0.058	18.5
H1-13-1.743	H1-13-1.220	66.667	12	4	0	1	12	1	12	0.061	18.5
H1-13-1.743	H1-13-1.93	53.846	13	6	0	1	13	1	13	0.064	18.5
H1-13-1.743	H1-13-1.331	58.333	12	5	0	2	13	2	13	0.069	18.5
H1-13-1.743	H1-13-1.706	58.333	12	5	0	2	13	2	13	0.069	18.0
H1-13-1.743	H1-13-1.427	61.538	13	5	0	1	13	1	13	0.073	18.0
H1-13-1.743	H1-13-1.206	61.538	13	5	0	1	13	1	13	0.074	18.0
H1-13-1.743	H1-13-1.471	61.538	13	5	0	1	13	1	13	0.075	18.0
H1-13-1.743	H1-13-1.718	58.333	12	5	0	2	13	2	13	0.076	18.0
H1-13-1.743	H1-13-1.719	66.667	12	4	0	2	13	2	13	0.077	18.0
H1-13-1.743	H1-13-1.473	58.333	12	5	0	1	12	1	12	0.078	18.0
H1-13-1.743	H1-13-1.111	50.000	12	6	0	2	13	2	13	0.078	18.0
H1-13-1.743	H1-13-1.317	53.846	13	6	0	1	13	1	13	0.079	18.0
H1-13-1.743	H1-13-1.724	53.846	13	6	0	1	13	1	13	0.082	18.0
H1-13-1.743	H1-13-1.36	53.846	13	6	0	1	13	1	13	0.083	18.0
H1-13-1.743	H1-13-1.341	50.000	12	6	0	2	13	2	13	0.083	18.0
H1-13-1.743	H1-13-1.481	61.538	13	5	0	1	13	1	13	0.084	18.0
H1-13-1.743	H1-13-1.561	61.538	13	5	0	1	13	1	13	0.085	18.0
H1-13-1.743	H1-13-1.219	53.846	13	6	0	1	13	1	13	0.085	18.0
H1-13-1.743	H1-13-1.141	61.538	13	5	0	1	13	1	13	0.087	18.0
H1-13-1.743	H1-13-1.333	58.333	12	5	0	2	13	2	13	0.091	18.0
H1-13-1.743	H1-13-1.598	66.667	12	4	0	2	13	2	13	0.096	18.0
H1-13-1.743	H1-13-1.9	66.667	12	4	0	2	13	2	13	0.098	18.0
H1-13-1.743	H1-13-1.12	61.538	13	5	0	1	13	1	13	0.10	17.6
H1-13-1.743	H1-13-1.440	54.545	11	5	0	2	12	2	12	0.10	17.6
H1-13-1.743	H1-13-1.690	53.846	13	6	0	1	13	1	13	0.11	17.6
H1-13-1.743	H1-13-1.448	66.667	12	4	0	1	12	1	12	0.11	17.6
H1-13-1.743	H1-13-1.543	58.333	12	5	0	2	13	2	13	0.12	17.6
H1-13-1.743	H1-13-1.567	66.667	12	4	0	2	13	2	13	0.12	17.6
H1-13-1.743	H1-13-1.291	66.667	12	4	0	2	13	2	13	0.12	17.6
H1-13-1.743	H1-13-1.40	66.667	12	4	0	2	13	2	13	0.12	17.6
H1-13-1.743	H1-13-1.466	50.000	12	6	0	2	13	2	13	0.12	17.6
H1-13-1.743	H1-13-1.582	53.846	13	6	0	1	13	1	13	0.12	17.6
H1-13-1.743	H1-13-*.413	58.333	12	5	0	1	12	1	12	0.12	17.6
H1-13-1.743	H1-13-1.429	53.846	13	6	0	1	13	1	13	0.13	17.6
H1-13-1.743	H1-13-1.748	58.333	12	5	0	2	13	2	13	0.13	17.6
H1-13-1.743	H1-13-*.462	58.333	12	5	0	2	13	2	13	0.13	17.6
H1-13-1.743	H1-13-1.283	66.667	12	4	0	2	13	2	13	0.14	17.6
H1-13-1.743	H1-13-1.612	53.846	13	6	0	1	13	1	13	0.14	17.6
H1-13-1.743	H1-13-1.510	66.667	12	4	0	2	13	2	13	0.14	17.6
H1-13-1.743	H1-13-1.362	50.000	12	6	0	2	13	2	13	0.14	17.6
H1-13-1.743	H1-13-1.447	66.667	12	4	0	2	13	2	13	0.16	17.2
H1-13-1.743	H1-13-1.21	77.778	9	2	0	1	9	1	9	0.16	17.2
H1-13-1.743	H1-13-1.389	53.846	13	6	0	1	13	1	13	0.16	17.2
H1-13-1.743	H1-13-1.717	66.667	12	4	0	2	13	2	13	0.17	17.2
H1-13-1.743	H1-13-1.350	58.333	12	5	0	2	13	2	13	0.19	17.2
H1-13-1.743	H1-13-1.633	58.333	12	5	0	1	12	1	12	0.20	17.2
H1-13-1.743	H1-13-1.606	63.636	11	4	0	2	12	2	12	0.20	17.2
H1-13-1.743	H1-13-4.738	66.667	12	4	0	1	12	1	12	0.20	17.2
H1-13-1.743	H1-13-1.516	46.154	13	7	0	1	13	1	13	0.22	16.8
H1-13-1.743	H1-13-1.120	53.846	13	6	0	1	13	1	13	0.22	16.8
H1-13-1.743	H1-13-1.435	70.000	10	3	0	1	10	1	10	0.22	16.8
H1-13-1.743	H1-13-*.401	58.333	12	5	0	2	13	2	13	0.23	16.8
H1-13-1.743	H1-13-1.707	50.000	12	6	0	2	13	2	13	0.24	16.8
H1-13-1.743	H1-13-1.562	66.667	12	4	0	1	12	1	12	0.24	16.8
H1-13-1.743	H1-13-1.217	63.636	11	4	0	2	12	2	12	0.24	16.8
H1-13-1.743	H1-13-*.54	53.846	13	6	0	1	13	1	13	0.25	16.8
H1-13-1.743	H1-13-1.64	53.846	13	6	0	1	13	1	13	0.25	16.8
H1-13-1.743	H1-13-1.618	50.000	12	6	0	2	13	2	13	0.25	16.8
H1-13-1.743	H1-13-*.557	63.636	11	4	0	2	12	2	12	0.26	16.8
H1-13-1.743	H1-13-1.458	58.333	12	5	0	2	13	2	13	0.26	16.8
H1-13-1.743	H1-13-1.339	50.000	12	6	0	1	12	1	12	0.26	16.8
H1-13-1.743	H1-13-1.15	50.000	12	6	0	2	13	2	13	0.26	16.8
H1-13-1.743	H1-13-1.8	50.000	12	6	0	2	13	2	13	0.27	16.8
H1-13-1.743	H1-13-1.653	66.667	12	4	0	1	12	1	12	0.27	16.8
H1-13-1.743	H1-13-1.11	58.333	12	5	0	2	13	2	13	0.27	16.8
H1-13-1.743	H1-13-1.392	63.636	11	4	0	2	12	2	12	0.29	16.8
H1-13-1.743	H1-13-*.137	53.846	13	6	0	1	13	1	13	0.29	16.8
H1-13-1.743	H1-13-1.142	54.545	11	5	0	2	12	2	12	0.29	16.8
H1-13-1.743	H1-13-1.533	54.545	11	5	0	2	12	2	12	0.32	16.3
H1-13-1.743	H1-13-1.115	50.000	12	6	0	2	13	2	13	0.32	16.3
H1-13-1.743	H1-13-1.345	53.846	13	6	0	1	13	1	13	0.33	16.3
H1-13-1.743	H1-13-1.136	46.154	13	7	0	1	13	1	13	0.33	16.3
H1-13-1.743	H1-13-1.702	63.636	11	4	0	2	12	2	12	0.34	16.3
H1-13-1.743	H1-13-1.752	58.333	12	5	0	2	13	2	13	0.35	16.3
H1-13-1.743	H1-13-1.216	50.000	12	6	0	2	13	2	13	0.35	16.3
H1-13-1.743	H1-13-1.128	63.636	11	4	0	2	12	2	12	0.35	16.3
H1-13-1.743	H1-13-1.17	50.000	12	6	0	2	13	2	13	0.36	16.3
H1-13-1.743	H1-13-1.686	50.000	12	6	0	2	13	2	13	0.37	16.3
H1-13-1.743	H1-13-1.628	46.154	13	7	0	1	13	1	13	0.37	16.3
H1-13-1.743	H1-13-1.574	58.333	12	5	0	2	13	2	13	0.39	16.3
H1-13-1.743	H1-13-1.99	58.333	12	5	0	2	13	2	13	0.39	16.3
H1-13-1.743	H1-13-1.50	58.333	12	5	0	2	13	2	13	0.40	16.3
H1-13-1.743	H1-13-3.277	77.778	9	2	0	2	10	2	10	0.40	16.3
H1-13-1.743	H1-13-1.415	58.333	12	5	0	2	13	2	13	0.41	16.3
H1-13-1.743	H1-13-1.534	50.000	12	6	0	2	13	2	13	0.43	16.3
H1-13-1.743	H1-13-1.185	54.545	11	5	0	2	12	2	12	0.43	15.9
H1-13-1.743	H1-13-1.581	63.636	11	4	0	2	12	2	12	0.44	15.9
H1-13-1.743	H1-13-1.51	53.846	13	6	0	1	13	1	13	0.44	15.9
H1-13-1.743	H1-13-1.689	63.636	11	4	0	2	12	2	12	0.45	15.9
H1-13-1.743	H1-13-1.396	50.000	12	6	0	2	13	2	13	0.46	15.9
H1-13-1.743	H1-13-1.271	58.333	12	5	0	2	13	2	13	0.46	15.9
H1-13-1.743	H1-13-1.264	54.545	11	5	0	2	12	2	12	0.46	15.9
H1-13-1.743	H1-13-1.191	58.333	12	5	0	2	13	2	13	0.46	15.9
H1-13-1.743	H1-13-1.146	50.000	12	6	0	2	13	2	13	0.46	15.9
H1-13-1.743	H1-13-1.736	46.154	13	7	0	1	13	1	13	0.47	15.9
H1-13-1.743	H1-13-1.558	50.000	12	6	0	1	12	1	12	0.50	15.9
H1-13-1.743	H1-13-1.145	58.333	12	5	0	2	13	2	13	0.50	15.9
H1-13-1.743	H1-13-1.269	54.545	11	5	0	2	12	2	12	0.51	15.9
H1-13-1.743	H1-13-1.174	50.000	12	6	0	2	13	2	13	0.53	15.9
H1-13-1.743	H1-13-1.153	54.545	11	5	0	2	12	2	12	0.54	15.9
H1-13-1.743	H1-13-1.589	46.154	13	7	0	1	13	1	13	0.54	15.9
H1-13-1.743	H1-13-1.190	50.000	12	6	0	2	13	2	13	0.55	15.9
H1-13-1.743	H1-13-1.459	58.333	12	5	0	2	13	2	13	0.55	15.9
H1-13-1.743	H1-13-1.198	58.333	12	5	0	2	13	2	13	0.57	15.9
H1-13-1.743	H1-13-*.647	61.538	13	5	0	1	13	1	13	0.59	15.9
H1-13-1.743	H1-13-1.465	50.000	12	6	0	1	12	1	12	0.59	15.9
H1-13-1.743	H1-13-1.167	63.636	11	4	0	2	12	2	12	0.60	15.9
H1-13-1.743	H1-13-1.203	50.000	12	6	0	2	13	2	13	0.61	15.9
H1-13-1.743	H1-13-1.579	50.000	12	6	0	2	13	2	13	0.62	15.5
H1-13-1.743	H1-13-1.91	41.667	12	7	0	2	13	2	13	0.62	15.5
H1-13-1.743	H1-13-1.594	53.846	13	6	0	1	13	1	13	0.63	15.5
H1-13-1.743	H1-13-1.487	41.667	12	7	0	2	13	2	13	0.63	15.5
H1-13-1.743	H1-13-1.555	38.462	13	8	0	1	13	1	13	0.64	15.5
H1-13-1.743	H1-13-*.393	50.000	12	6	0	2	13	2	13	0.64	15.5
H1-13-1.743	H1-13-1.737	75.000	8	2	0	1	8	1	8	0.66	15.5
H1-13-1.743	H1-13-5.360	54.545	11	5	0	2	12	2	12	0.67	15.5
H1-13-1.743	H1-13-1.16	54.545	11	5	0	2	12	2	12	0.69	15.5
H1-13-1.743	H1-13-1.426	75.000	8	2	0	1	8	1	8	0.70	15.5
H1-13-1.743	H1-13-1.408	58.333	12	5	0	2	13	2	13	0.72	15.5
H1-13-1.743	H1-13-1.750	66.667	9	3	0	1	9	1	9	0.73	15.5
H1-13-1.743	H1-13-1.511	58.333	12	5	0	2	13	2	13	0.73	15.5
H1-13-1.743	H1-13-6.207	54.545	11	5	0	2	12	2	12	0.75	15.5
H1-13-1.743	H1-13-1.559	75.000	8	2	0	1	8	1	8	0.79	15.5
H1-13-1.743	H1-13-1.114	54.545	11	5	0	2	12	2	12	0.82	15.5
H1-13-1.743	H1-13-1.65	41.667	12	7	0	2	13	2	13	0.82	15.5
H1-13-1.743	H1-13-1.193	54.545	11	5	0	2	12	2	12	0.85	15.5
H1-13-1.743	H1-13-1.358	54.545	11	5	0	2	12	2	12	0.89	15.1
H1-13-1.743	H1-13-1.187	45.455	11	6	0	2	12	2	12	0.90	15.1
H1-13-1.743	H1-13-1.472	75.000	8	2	0	1	8	1	8	0.91	15.1
H1-13-1.743	H1-13-1.378	54.545	11	5	0	2	12	2	12	0.92	15.1
H1-13-1.743	H1-13-1.377	54.545	11	5	0	2	12	2	12	0.92	15.1
H1-13-1.743	H1-13-1.490	50.000	12	6	0	2	13	2	13	0.94	15.1
H1-13-1.743	H1-13-1.443	58.333	12	5	0	1	12	1	12	0.94	15.1
H1-13-1.743	H1-13-1.112	54.545	11	5	0	2	12	2	12	0.95	15.1
H1-13-1.743	H1-13-1.34	38.462	13	8	0	1	13	1	13	0.98	15.1
H1-13-1.743	H1-13-1.368	41.667	12	7	0	2	13	2	13	1.0	15.1
H1-13-1.743	H1-13-1.364	50.000	12	6	0	2	13	2	13	1.0	15.1
H1-13-1.743	H1-13-1.30	53.846	13	6	0	1	13	1	13	1.0	15.1
H1-13-1.743	H1-13-1.305	63.636	11	4	0	2	12	2	12	1.1	15.1
H1-13-1.743	H1-13-1.205	50.000	12	6	0	2	13	2	13	1.1	15.1
H1-13-1.743	H1-13-1.535	63.636	11	4	0	2	12	2	12	1.1	15.1
H1-13-1.743	H1-13-1.644	54.545	11	5	0	2	12	2	12	1.1	15.1
H1-13-1.743	H1-13-1.515	38.462	13	8	0	1	13	1	13	1.1	15.1
H1-13-1.743	H1-13-1.441	50.000	12	6	0	2	13	2	13	1.1	15.1
H1-13-1.743	H1-13-1.58	54.545	11	5	0	2	12	2	12	1.1	15.1
H1-13-1.743	H1-13-4.425	45.455	11	6	0	2	12	2	12	1.1	15.1
H1-13-1.743	H1-13-1.556	38.462	13	8	0	1	13	1	13	1.1	15.1
H1-13-1.743	H1-13-1.307	85.714	7	1	0	2	8	2	8	1.2	15.1
H1-13-1.743	H1-13-4.365	45.455	11	6	0	2	12	2	12	1.2	15.1
H1-13-1.743	H1-13-1.46	63.636	11	4	0	2	12	2	12	1.2	15.1
H1-13-1.743	H1-13-1.373	54.545	11	5	0	2	12	2	12	1.3	14.6
H1-13-1.743	H1-13-1.20	58.333	12	5	0	2	13	2	13	1.4	14.6
H1-13-1.743	H1-13-1.308	58.333	12	5	0	2	13	2	13	1.4	14.6
H1-13-1.743	H1-13-1.586	53.846	13	6	0	1	13	1	13	1.4	14.6
H1-13-1.743	H1-13-1.237	50.000	12	6	0	2	13	2	13	1.4	14.6
H1-13-1.743	H1-13-1.390	63.636	11	4	0	2	12	2	12	1.4	14.6
H1-13-1.743	H1-13-1.367	38.462	13	8	0	1	13	1	13	1.5	14.6
H1-13-1.743	H1-13-3.363	46.154	13	7	0	1	13	1	13	1.5	14.6
H1-13-1.743	H1-13-1.349	41.667	12	7	0	2	13	2	13	1.5	14.6
H1-13-1.743	H1-13-1.629	54.545	11	5	0	2	12	2	12	1.5	14.6
H1-13-1.743	H1-13-1.282	50.000	12	6	0	2	13	2	13	1.5	14.6
H1-13-1.743	H1-13-1.6	50.000	12	6	0	2	13	2	13	1.5	14.6
H1-13-1.743	H1-13-*.144	63.636	11	4	0	2	12	2	12	1.5	14.6
H1-13-1.743	H1-13-1.215	50.000	12	6	0	2	13	2	13	1.6	14.6
H1-13-1.743	H1-13-1.92	46.154	13	7	0	1	13	1	13	1.6	14.6
H1-13-1.743	H1-13-1.10	63.636	11	4	0	2	12	2	12	1.7	14.6
H1-13-1.743	H1-13-1.651	50.000	12	6	0	2	13	2	13	1.8	14.6
H1-13-1.743	H1-13-1.641	50.000	12	6	0	2	13	2	13	1.8	14.6
H1-13-1.743	H1-13-*.662	61.538	13	5	0	1	13	1	13	1.9	14.2
H1-13-1.743	H1-13-1.135	41.667	12	7	0	2	13	2	13	1.9	14.2
H1-13-1.743	H1-13-1.417	75.000	8	2	0	2	9	2	9	1.9	14.2
H1-13-1.743	H1-13-1.591	41.667	12	7	0	2	13	2	13	2.0	14.2
H1-13-1.743	H1-13-1.171	41.667	12	7	0	2	13	2	13	2.0	14.2
H1-13-1.743	H1-13-1.61	41.667	12	7	0	2	13	2	13	2.1	14.2
H1-13-1.743	H1-13-3.585	50.000	12	6	0	2	13	2	13	2.1	14.2
H1-13-1.743	H1-13-1.697	50.000	12	6	0	2	13	2	13	2.2	14.2
H1-13-1.743	H1-13-3.175	77.778	9	2	0	1	9	1	9	2.2	14.2
H1-13-1.743	H1-13-1.81	41.667	12	7	0	2	13	2	13	2.2	14.2
H1-13-1.743	H1-13-1.124	41.667	12	7	0	2	13	2	13	2.2	14.2
H1-13-1.743	H1-13-1.436	50.000	12	6	0	2	13	2	13	2.4	14.2
H1-13-1.743	H1-13-1.546	54.545	11	5	0	2	12	2	12	2.5	14.2
H1-13-1.743	H1-13-1.631	50.000	12	6	0	1	12	1	12	2.6	14.2
H1-13-1.743	H1-13-1.381	46.154	13	7	0	1	13	1	13	2.7	13.8
H1-13-1.743	H1-13-1.309	54.545	11	5	0	2	12	2	12	2.7	13.8
H1-13-1.743	H1-13-1.541	58.333	12	5	0	2	13	2	13	2.7	13.8
H1-13-1.743	H1-13-1.332	45.455	11	6	0	2	12	2	12	2.7	13.8
H1-13-1.743	H1-13-6.667	63.636	11	4	0	2	12	2	12	2.9	13.8
H1-13-1.743	H1-13-*.234	77.778	9	2	0	1	9	1	9	2.9	13.8
H1-13-1.743	H1-13-3.267	63.636	11	4	0	2	12	2	12	3.1	13.8
H1-13-1.743	H1-13-1.37	54.545	11	5	0	2	12	2	12	3.2	13.8
H1-13-1.743	H1-13-1.646	50.000	12	6	0	2	13	2	13	3.2	13.8
H1-13-1.743	H1-13-1.73	41.667	12	7	0	2	13	2	13	3.3	13.8
H1-13-1.743	H1-13-1.683	58.333	12	2	1	2	13	2	10	3.5	13.8
H1-13-1.743	H1-13-4.347	50.000	12	6	0	2	13	2	13	3.5	13.8
H1-13-1.743	H1-13-1.638	54.545	11	5	0	2	12	2	12	3.5	13.8
H1-13-1.743	H1-13-4.627	75.000	8	2	0	2	9	2	9	3.5	13.8
H1-13-1.743	H1-13-1.361	46.154	13	7	0	1	13	1	13	3.6	13.8
H1-13-1.743	H1-13-1.179	54.545	11	5	0	2	12	2	12	3.6	13.8
H1-13-1.743	H1-13-*.604	54.545	11	5	0	2	12	2	12	3.7	13.8
H1-13-1.743	H1-13-1.439	50.000	12	6	0	2	13	2	13	3.7	13.8
H1-13-1.743	H1-13-3.529	63.636	11	4	0	2	12	2	12	3.9	13.4
H1-13-1.743	H1-13-1.553	54.545	11	5	0	2	12	2	12	3.9	13.4
H1-13-1.743	H1-13-1.655	77.778	9	2	0	1	9	1	9	4.1	13.4
H1-13-1.743	H1-13-1.480	50.000	12	6	0	2	13	2	13	4.2	13.4
H1-13-1.743	H1-13-1.602	54.545	11	5	0	2	12	2	12	4.2	13.4
H1-13-1.743	H1-13-4.67	54.545	11	5	0	2	12	2	12	4.2	13.4
H1-13-1.743	H1-13-1.451	54.545	11	5	0	2	12	2	12	4.3	13.4
H1-13-1.743	H1-13-1.125	54.545	11	5	0	2	12	2	12	4.3	13.4
H1-13-1.743	H1-13-1.60	83.333	6	1	0	2	7	2	7	4.5	13.4
H1-13-1.743	H1-13-1.301	62.500	8	3	0	2	9	2	9	4.6	13.4
H1-13-1.743	H1-13-1.214	83.333	6	1	0	2	7	2	7	4.7	13.4
H1-13-1.743	H1-13-*.189	77.778	9	2	0	1	9	1	9	4.7	13.4
H1-13-1.743	H1-13-*.147	54.545	11	5	0	2	12	2	12	4.7	13.4
H1-13-1.743	H1-13-*.71	54.545	11	5	0	2	12	2	12	4.7	13.4
H1-13-1.743	H1-13-1.703	54.545	11	5	0	2	12	2	12	4.9	13.4
H1-13-1.743	H1-13-*.299	54.545	11	5	0	2	12	2	12	4.9	13.4
H1-13-1.743	H1-13-*.605	83.333	6	1	0	2	7	2	7	4.9	13.4
H1-13-1.743	H1-13-1.596	54.545	11	5	0	2	12	2	12	4.9	13.4
H1-13-1.743	H1-13-*.552	71.429	7	2	0	2	8	2	8	4.9	13.4
H1-13-1.743	H1-13-1.76	71.429	7	2	0	2	8	2	8	4.9	13.4
H1-13-1.743	H1-13-1.419	71.429	7	2	0	2	8	2	8	5.0	13.4
H1-13-1.743	H1-13-1.514	62.500	8	3	0	2	9	2	9	5.1	13.4
H1-13-1.743	H1-13-1.229	71.429	7	2	0	2	8	2	8	5.1	13.4
H1-13-1.743	H1-13-1.353	71.429	7	2	0	2	8	2	8	5.3	13.4
H1-13-1.743	H1-13-1.279	71.429	7	2	0	2	8	2	8	5.3	13.4
H1-13-1.743	H1-13-1.302	71.429	7	2	0	2	8	2	8	5.6	13.4
H1-13-1.743	H1-13-1.281	71.429	7	2	0	2	8	2	8	5.6	13.4
H1-13-1.743	H1-13-1.204	71.429	7	2	0	2	8	2	8	5.6	13.4
H1-13-1.743	H1-13-1.55	62.500	8	3	0	2	9	2	9	5.6	13.4
H1-13-1.743	H1-13-1.221	83.333	6	1	0	2	7	2	7	5.7	13.4
H1-13-1.743	H1-13-1.295	46.154	13	7	0	1	13	1	13	5.8	12.9
H1-13-1.743	H1-13-*.688	54.545	11	5	0	2	12	2	12	6.1	12.9
H1-13-1.743	H1-13-1.166	83.333	6	1	0	2	7	2	7	6.1	12.9
H1-13-1.743	H1-13-1.311	77.778	9	2	0	1	9	1	9	6.2	12.9
H1-13-1.743	H1-13-1.674	83.333	6	1	0	2	7	2	7	6.3	12.9
H1-13-1.743	H1-13-1.569	83.333	6	1	0	2	7	2	7	6.3	12.9
H1-13-1.743	H1-13-1.423	50.000	12	6	0	1	12	1	12	7.3	12.9
H1-13-1.743	H1-13-*.545	60.000	10	4	0	3	12	3	12	8.0	12.9
H1-13-1.743	H1-13-*.223	46.154	13	7	0	1	13	1	13	8.5	12.5
H1-13-1.743	H1-13-6.208	54.545	11	5	0	2	12	2	12	8.9	12.5
H1-13-1.743	H1-13-1.35	54.545	11	5	0	2	12	2	12	8.9	12.5
H1-13-1.743	H1-13-*.587	63.636	11	4	0	2	12	2	12	9.1	12.5
H1-13-1.743	H1-13-3.603	54.545	11	5	0	2	12	2	12	9.4	12.5
H1-13-1.743	H1-13-1.202	75.000	8	2	0	1	8	1	8	9.5	12.5
H1-13-1.743	H1-13-1.431	58.333	12	5	0	1	12	1	12	9.9	12.5
H1-13-1.743	H1-13-*.123	66.667	9	3	0	1	9	1	9	9.9	12.5
H1-13-1.743	H1-13-1.513	33.333	12	8	0	2	13	2	13	11	12.5
H1-13-1.743	H1-13-*.540	66.667	9	3	0	1	9	1	9	11	12.5
H1-13-1.743	H1-13-*.495	63.636	11	4	0	2	12	2	12	12	12.5
H1-13-1.743	H1-13-1.547	41.667	12	7	0	2	13	2	13	12	12.5
H1-13-1.743	H1-13-*.424	63.636	11	4	0	2	12	2	12	13	12.1
H1-13-1.743	H1-13-1.698	38.462	13	8	0	1	13	1	13	13	12.1
H1-13-1.743	H1-13-1.491	41.667	12	7	0	2	13	2	13	14	12.1
H1-13-1.743	H1-13-1.245	54.545	11	5	0	2	12	2	12	14	12.1
H1-13-1.743	H1-13-1.530	54.545	11	5	0	2	12	2	12	14	12.1
H1-13-1.743	H1-13-*.227	100.000	5	0	0	2	6	2	6	15	12.1
H1-13-1.743	H1-13-*.116	75.000	8	2	0	1	8	1	8	15	12.1
H1-13-1.743	H1-13-1.348	45.455	11	6	0	2	12	2	12	17	12.1
H1-13-1.743	H1-13-1.611	54.545	11	5	0	2	12	2	12	18	12.1
H1-13-1.743	H1-13-1.477	66.667	6	2	0	2	7	2	7	18	12.1
H1-13-1.743	H1-13-1.532	71.429	7	2	0	2	8	2	8	18	11.7
H1-13-1.743	H1-13-*.445	66.667	9	3	0	2	10	2	10	21	11.7
H1-13-1.743	H1-13-1.129	41.667	12	7	0	2	13	2	13	21	11.7
H1-13-1.743	H1-13-1.584	57.143	7	3	0	3	9	3	9	23	11.7
H1-13-1.743	H1-13-5.645	83.333	6	1	0	2	7	2	7	27	11.2
H1-13-1.743	H1-13-*.566	45.455	11	6	0	2	12	2	12	29	11.2
H1-13-1.743	H1-13-1.710	41.667	12	7	0	2	13	2	13	32	11.2
H1-13-1.743	H1-13-1.548	41.667	12	7	0	2	13	2	13	33	11.2
H1-13-1.743	H1-13-*.568	66.667	6	2	0	2	7	2	7	35	11.2
H1-13-1.743	H1-13-6.342	45.455	11	6	0	2	12	2	12	35	11.2
H1-13-1.743	H1-13-1.43	50.000	8	4	0	2	9	2	9	36	11.2
H1-13-1.743	H1-13-1.681	41.667	12	7	0	2	13	2	13	37	11.2
H1-13-1.743	H1-13-5.164	36.364	11	7	0	2	12	2	12	37	11.2
H1-13-1.743	H1-13-*.268	66.667	9	3	0	1	9	1	9	42	10.8
H1-13-1.743	H1-13-4.550	45.455	11	6	0	2	12	2	12	43	10.8
H1-13-1.743	H1-13-3.134	62.500	8	3	0	2	9	2	9	46	10.8
H1-13-1.743	H1-13-1.620	62.500	8	3	0	1	8	1	8	47	10.8
H1-13-1.743	H1-13-3.745	57.143	7	3	0	1	7	1	7	53	10.8
H1-13-1.743	H1-13-5.652	54.545	11	5	0	2	12	2	12	58	10.4
H1-13-1.743	H1-13-1.695	41.667	12	7	0	2	13	2	13	61	10.4
H1-13-1.743	H1-13-3.699	66.667	6	2	0	2	7	2	7	128	 9.5
H1-13-1.743	H1-13-1.637	55.556	9	4	0	1	9	1	9	132	 9.5
H1-13-1.743	H1-13-*.455	45.455	11	6	0	2	12	2	12	143	 9.5
H1-13-1.743	H1-13-*.571	45.455	11	6	0	2	12	2	12	184	 9.1
H1-13-1.743	H1-13-*.531	57.143	7	3	0	2	8	2	8	195	 9.1
H1-13-1.743	H1-13-*.338	55.556	9	4	0	1	9	1	9	226	 9.1
H1-13-1.743	H1-13-7.503	50.000	8	4	0	2	9	2	9	242	 9.1
H1-13-1.743	H1-13-7.463	50.000	8	4	0	2	9	2	9	262	 8.7
H1-13-1.743	H1-13-*.525	57.143	7	3	0	1	7	1	7	271	 8.7
