H2-10-1.1459	H2-10-1.916	80.000	10	2	0	1	10	1	10	0.010	19.3
H2-10-1.1459	H2-10-3.1050	80.000	10	2	0	1	10	1	10	0.014	18.9
H2-10-1.1459	H2-10-1.1283	80.000	10	2	0	1	10	1	10	0.016	18.9
H2-10-1.1459	H2-10-1.1107	80.000	10	2	0	1	10	1	10	0.020	18.5
H2-10-1.1459	H2-10-1.1084	80.000	10	2	0	1	10	1	10	0.021	18.5
H2-10-1.1459	H2-10-1.1348	70.000	10	3	0	1	10	1	10	0.053	17.2
H2-10-1.1459	H2-10-1.1020	70.000	10	3	0	1	10	1	10	0.084	16.8
H2-10-1.1459	H2-10-1.1434	60.000	10	4	0	1	10	1	10	0.12	16.3
H2-10-1.1459	H2-10-6.1367	60.000	10	4	0	1	10	1	10	0.13	16.3
H2-10-1.1459	H2-10-1.1449	60.000	10	4	0	1	10	1	10	0.17	15.9
H2-10-1.1459	H2-10-1.1239	70.000	10	3	0	1	10	1	10	0.21	15.9
H2-10-1.1459	H2-10-3.924	60.000	10	4	0	1	10	1	10	0.35	15.1
H2-10-1.1459	H2-10-1.1229	50.000	10	5	0	1	10	1	10	0.41	15.1
H2-10-1.1459	H2-10-1.1169	66.667	9	3	0	2	10	2	10	0.52	14.6
H2-10-1.1459	H2-10-1.1186	66.667	9	3	0	1	9	1	9	0.54	14.6
H2-10-1.1459	H2-10-1.1182	55.556	9	4	0	2	10	2	10	0.61	14.6
H2-10-1.1459	H2-10-1.1375	75.000	8	2	0	1	8	1	8	0.65	14.6
H2-10-1.1459	H2-10-1.1349	50.000	10	5	0	1	10	1	10	0.94	14.2
H2-10-1.1459	H2-10-1.1285	66.667	9	3	0	2	10	2	10	1.2	13.8
H2-10-1.1459	H2-10-1.977	50.000	10	5	0	1	10	1	10	3.7	12.9
H2-10-1.1459	H2-10-1.1022	50.000	10	5	0	1	10	1	10	4.6	12.5
H2-10-1.1459	H2-10-1.941	50.000	10	5	0	1	10	1	10	15	11.2
H2-10-1.1459	H2-10-1.1433	50.000	10	5	0	1	10	1	10	33	10.4
H2-10-1.1459	H2-10-2.1008	44.444	9	5	0	1	9	1	9	288	 7.9
H2-10-1.1459	H2-10-2.1414	40.000	10	6	0	1	10	1	10	334	 7.9
