H1-15-1.815	H1-15-1.789	92.857	14	1	0	1	14	1	14	9.27e-06	25.7
H1-15-1.815	H1-15-1.803	92.857	14	1	0	1	14	1	14	9.94e-06	25.7
H1-15-1.815	H1-15-1.804	85.714	14	2	0	1	14	1	14	2.26e-05	24.4
H1-15-1.815	H1-15-1.801	85.714	14	2	0	1	14	1	14	4.62e-05	23.5
H1-15-1.815	H1-15-1.784	85.714	14	2	0	1	14	1	14	5.02e-05	23.5
H1-15-1.815	H1-15-1.799	85.714	14	2	0	1	14	1	14	6.49e-05	23.5
H1-15-1.815	H1-15-1.786	78.571	14	3	0	1	14	1	14	1.13e-04	22.7
H1-15-1.815	H1-15-1.816	78.571	14	3	0	1	14	1	14	1.15e-04	22.7
H1-15-1.815	H1-15-*.790	78.571	14	3	0	1	14	1	14	1.29e-04	22.7
H1-15-1.815	H1-15-1.788	78.571	14	3	0	1	14	1	14	1.47e-04	22.3
H1-15-1.815	H1-15-1.811	78.571	14	3	0	1	14	1	14	1.89e-04	22.3
H1-15-1.815	H1-15-1.814	83.333	12	2	0	3	14	3	14	2.91e-04	21.8
H1-15-1.815	H1-15-1.805	71.429	14	4	0	1	14	1	14	3.15e-04	21.4
H1-15-1.815	H1-15-1.795	71.429	14	4	0	1	14	1	14	3.30e-04	21.4
H1-15-1.815	H1-15-*.793	71.429	14	4	0	1	14	1	14	3.88e-04	21.4
H1-15-1.815	H1-15-1.800	83.333	12	2	0	3	14	3	14	0.001	20.2
H1-15-1.815	H1-15-1.787	64.286	14	5	0	1	14	1	14	0.001	20.2
H1-15-1.815	H1-15-1.798	71.429	14	4	0	1	14	1	14	0.003	18.9
H1-15-1.815	H1-15-1.812	75.000	12	3	0	3	14	3	14	0.007	18.0
H1-15-1.815	H1-15-1.783	55.556	9	4	0	3	11	3	11	0.72	12.5
H1-15-1.815	H1-15-1.791	57.143	7	3	0	8	14	8	14	142	 6.2
