H1-15-1.812	H1-15-1.801	92.308	13	1	0	3	15	3	15	1.94e-05	24.8
H1-15-1.812	H1-15-1.785	84.615	13	2	0	3	15	3	15	5.37e-05	23.5
H1-15-1.812	H1-15-1.784	91.667	12	1	0	3	14	3	14	6.94e-05	23.1
H1-15-1.812	H1-15-1.798	84.615	13	2	0	3	15	3	15	1.30e-04	22.7
H1-15-1.812	H1-15-1.786	78.571	14	3	0	1	14	1	14	4.93e-04	21.0
H1-15-1.812	H1-15-*.790	66.667	15	5	0	1	15	1	15	5.53e-04	21.0
H1-15-1.812	H1-15-1.805	73.333	15	4	0	1	15	1	15	7.55e-04	20.6
H1-15-1.812	H1-15-1.788	73.333	15	4	0	1	15	1	15	7.64e-04	20.6
H1-15-1.812	H1-15-1.816	76.923	13	3	0	3	15	3	15	7.82e-04	20.6
H1-15-1.812	H1-15-1.787	73.333	15	4	0	1	15	1	15	0.001	20.2
H1-15-1.812	H1-15-1.799	76.923	13	3	0	3	15	3	15	0.002	19.7
H1-15-1.812	H1-15-1.814	64.286	14	5	0	1	14	1	14	0.003	18.9
H1-15-1.812	H1-15-*.793	66.667	15	5	0	1	15	1	15	0.006	18.0
H1-15-1.812	H1-15-1.802	75.000	12	3	0	3	14	3	14	0.006	18.0
H1-15-1.812	H1-15-1.815	75.000	12	3	0	3	14	3	14	0.006	18.0
H1-15-1.812	H1-15-1.811	75.000	12	3	0	3	14	3	14	0.011	17.2
H1-15-1.812	H1-15-1.795	66.667	12	4	0	3	14	3	14	0.033	15.9
H1-15-1.812	H1-15-*.806	60.000	15	3	1	1	12	1	15	0.41	12.9
H1-15-1.812	H1-15-1.783	71.429	7	2	0	2	8	2	8	0.55	12.9
H1-15-1.812	H1-15-1.817	66.667	9	3	0	1	9	1	9	1.0	12.1
H1-15-1.812	H1-15-1.794	66.667	9	3	0	1	9	1	9	1.5	11.7
H1-15-1.812	H1-15-*.820	66.667	9	3	0	1	9	1	9	2.5	10.8
H1-15-1.812	H1-15-*.807	100.000	3	0	0	1	3	1	3	113	 6.6
H1-15-1.812	H1-15-1.791	33.333	6	4	0	10	15	10	15	113	 6.6
