H1-14-1.770	H1-14-1.761	92.857	14	1	0	1	14	1	14	2.63e-07	29.1
H1-14-1.770	H1-14-1.773	85.714	14	2	0	1	14	1	14	5.50e-07	28.2
H1-14-1.770	H1-14-*.755	85.714	14	2	0	1	14	1	14	5.50e-07	28.2
H1-14-1.770	H1-14-1.762	85.714	14	2	0	1	14	1	14	1.21e-06	27.4
H1-14-1.770	H1-14-1.754	85.714	14	2	0	1	14	1	14	1.49e-06	26.9
H1-14-1.770	H1-14-1.753	85.714	14	2	0	1	14	1	14	1.60e-06	26.9
H1-14-1.770	H1-14-1.763	78.571	14	3	0	1	14	1	14	4.04e-06	26.1
H1-14-1.770	H1-14-*.774	78.571	14	3	0	1	14	1	14	5.84e-06	25.7
H1-14-1.770	H1-14-1.776	78.571	14	3	0	1	14	1	14	7.75e-06	25.2
H1-14-1.770	H1-14-1.757	76.923	13	3	0	1	13	1	13	1.02e-05	24.8
H1-14-1.770	H1-14-1.780	71.429	14	4	0	1	14	1	14	1.47e-05	24.4
H1-14-1.770	H1-14-1.759	71.429	14	4	0	1	14	1	14	2.35e-05	24.0
H1-14-1.770	H1-14-*.782	71.429	14	4	0	1	14	1	14	3.27e-05	23.5
H1-14-1.770	H1-14-*.775	64.286	14	5	0	1	14	1	14	4.88e-05	23.1
H1-14-1.770	H1-14-1.760	71.429	14	4	0	1	14	1	14	6.93e-05	22.7
H1-14-1.770	H1-14-1.772	69.231	13	4	0	1	13	1	13	1.99e-04	21.4
H1-14-1.770	H1-14-1.771	57.143	14	6	0	1	14	1	14	3.56e-04	21.0
H1-14-1.770	H1-14-*.758	64.286	14	5	0	1	14	1	14	3.77e-04	21.0
H1-14-1.770	H1-14-1.781	64.286	14	5	0	1	14	1	14	4.70e-04	20.6
H1-14-1.770	H1-14-*.777	57.143	14	6	0	1	14	1	14	0.038	15.5
