H1-14-1.780	H1-14-1.759	92.857	14	1	0	1	14	1	14	2.79e-07	29.1
H1-14-1.780	H1-14-1.753	85.714	14	2	0	1	14	1	14	1.21e-06	27.4
H1-14-1.780	H1-14-1.771	85.714	14	2	0	1	14	1	14	2.87e-06	26.5
H1-14-1.780	H1-14-*.775	78.571	14	3	0	1	14	1	14	3.15e-06	26.1
H1-14-1.780	H1-14-1.776	78.571	14	3	0	1	14	1	14	4.09e-06	26.1
H1-14-1.780	H1-14-*.782	85.714	14	2	0	1	14	1	14	4.29e-06	26.1
H1-14-1.780	H1-14-1.761	78.571	14	3	0	1	14	1	14	4.40e-06	25.7
H1-14-1.780	H1-14-*.764	78.571	14	3	0	1	14	1	14	5.77e-06	25.7
H1-14-1.780	H1-14-1.773	71.429	14	4	0	1	14	1	14	9.83e-06	24.8
H1-14-1.780	H1-14-1.762	84.615	13	2	0	1	13	1	13	1.09e-05	24.8
H1-14-1.780	H1-14-1.756	71.429	14	4	0	1	14	1	14	1.27e-05	24.8
H1-14-1.780	H1-14-1.770	71.429	14	4	0	1	14	1	14	1.52e-05	24.4
H1-14-1.780	H1-14-1.760	78.571	14	3	0	1	14	1	14	1.56e-05	24.4
H1-14-1.780	H1-14-*.774	71.429	14	4	0	1	14	1	14	1.61e-05	24.4
H1-14-1.780	H1-14-1.754	71.429	14	4	0	1	14	1	14	2.12e-05	24.0
H1-14-1.780	H1-14-1.757	76.923	13	3	0	1	13	1	13	3.77e-05	23.5
H1-14-1.780	H1-14-1.781	71.429	14	4	0	1	14	1	14	5.69e-05	23.1
H1-14-1.780	H1-14-1.763	64.286	14	5	0	1	14	1	14	7.99e-05	22.7
H1-14-1.780	H1-14-*.758	69.231	13	4	0	1	13	1	13	2.66e-04	21.4
H1-14-1.780	H1-14-1.772	61.538	13	5	0	1	13	1	13	0.001	19.3
