H1-14-1.780	H1-14-1.759	92.857	14	1	0	1	14	1	14	2.59e-07	29.1
H1-14-1.780	H1-14-1.753	85.714	14	2	0	1	14	1	14	1.12e-06	27.4
H1-14-1.780	H1-14-1.771	85.714	14	2	0	1	14	1	14	2.66e-06	26.5
H1-14-1.780	H1-14-*.775	78.571	14	3	0	1	14	1	14	2.93e-06	26.1
H1-14-1.780	H1-14-*.782	85.714	14	2	0	1	14	1	14	3.99e-06	26.1
H1-14-1.780	H1-14-1.761	78.571	14	3	0	1	14	1	14	4.08e-06	25.7
H1-14-1.780	H1-14-*.764	78.571	14	3	0	1	14	1	14	5.36e-06	25.7
H1-14-1.780	H1-14-*.755	71.429	14	4	0	1	14	1	14	9.13e-06	24.8
H1-14-1.780	H1-14-1.762	84.615	13	2	0	1	13	1	13	1.01e-05	24.8
H1-14-1.780	H1-14-1.756	71.429	14	4	0	1	14	1	14	1.18e-05	24.8
H1-14-1.780	H1-14-1.770	71.429	14	4	0	1	14	1	14	1.41e-05	24.4
H1-14-1.780	H1-14-1.760	78.571	14	3	0	1	14	1	14	1.45e-05	24.4
H1-14-1.780	H1-14-1.754	71.429	14	4	0	1	14	1	14	1.97e-05	24.0
H1-14-1.780	H1-14-1.757	76.923	13	3	0	1	13	1	13	3.50e-05	23.5
H1-14-1.780	H1-14-1.781	71.429	14	4	0	1	14	1	14	5.28e-05	23.1
H1-14-1.780	H1-14-1.763	64.286	14	5	0	1	14	1	14	7.42e-05	22.7
H1-14-1.780	H1-14-*.758	69.231	13	4	0	1	13	1	13	2.47e-04	21.4
H1-14-1.780	H1-14-1.772	61.538	13	5	0	1	13	1	13	0.001	19.3
