H2-10-4.1439	H2-10-2.985	77.778	9	2	0	2	10	2	10	0.22	15.9
H2-10-4.1439	H2-10-2.856	77.778	9	2	0	2	10	2	10	0.34	15.1
H2-10-4.1439	H2-10-2.1339	77.778	9	2	0	2	10	2	10	0.47	15.1
H2-10-4.1439	H2-10-2.1139	77.778	9	2	0	2	10	2	10	0.47	15.1
H2-10-4.1439	H2-10-6.948	66.667	9	3	0	2	10	2	10	0.66	14.6
H2-10-4.1439	H2-10-2.1284	66.667	9	3	0	2	10	2	10	0.73	14.2
H2-10-4.1439	H2-10-2.992	66.667	9	3	0	2	10	2	10	0.74	14.2
H2-10-4.1439	H2-10-2.867	66.667	9	3	0	2	10	2	10	0.83	14.2
H2-10-4.1439	H2-10-2.1353	77.778	9	2	0	2	10	2	10	1.2	13.8
H2-10-4.1439	H2-10-2.926	66.667	9	3	0	2	10	2	10	1.5	13.8
H2-10-4.1439	H2-10-2.862	66.667	9	3	0	2	10	2	10	1.8	13.4
H2-10-4.1439	H2-10-2.845	66.667	9	3	0	2	10	2	10	2.5	12.9
H2-10-4.1439	H2-10-4.828	75.000	8	2	0	2	9	2	9	2.5	12.9
H2-10-4.1439	H2-10-2.1158	66.667	9	3	0	2	10	2	10	2.8	12.9
H2-10-4.1439	H2-10-*.1047	50.000	10	5	0	1	10	1	10	2.8	12.9
H2-10-4.1439	H2-10-6.1294	66.667	9	3	0	2	10	2	10	2.8	12.9
H2-10-4.1439	H2-10-2.965	55.556	9	4	0	2	10	2	10	2.9	12.9
H2-10-4.1439	H2-10-2.997	66.667	9	3	0	2	10	2	10	2.9	12.9
H2-10-4.1439	H2-10-2.868	55.556	9	4	0	2	10	2	10	3.0	12.9
H2-10-4.1439	H2-10-*.1315	55.556	9	4	0	2	10	2	10	3.0	12.9
H2-10-4.1439	H2-10-2.1097	66.667	9	3	0	2	10	2	10	3.4	12.9
H2-10-4.1439	H2-10-2.1379	66.667	9	3	0	2	10	2	10	3.4	12.9
H2-10-4.1439	H2-10-2.1305	66.667	9	3	0	2	10	2	10	3.7	12.9
H2-10-4.1439	H2-10-2.1368	55.556	9	4	0	2	10	2	10	3.8	12.5
H2-10-4.1439	H2-10-2.1256	55.556	9	4	0	2	10	2	10	4.6	12.5
H2-10-4.1439	H2-10-4.849	100.000	6	0	0	2	7	2	7	4.7	12.5
H2-10-4.1439	H2-10-2.1015	50.000	10	5	0	1	10	1	10	6.3	12.1
H2-10-4.1439	H2-10-2.1372	66.667	9	3	0	2	10	2	10	6.6	12.1
H2-10-4.1439	H2-10-2.1076	55.556	9	4	0	2	10	2	10	6.6	12.1
H2-10-4.1439	H2-10-2.1068	55.556	9	4	0	2	10	2	10	6.6	12.1
H2-10-4.1439	H2-10-2.1005	55.556	9	4	0	2	10	2	10	7.7	12.1
H2-10-4.1439	H2-10-2.929	50.000	10	5	0	1	10	1	10	8.3	12.1
H2-10-4.1439	H2-10-1.1016	55.556	9	4	0	2	10	2	10	9.1	11.7
H2-10-4.1439	H2-10-2.1017	66.667	9	3	0	2	10	2	10	9.2	11.7
H2-10-4.1439	H2-10-*.1115	50.000	8	4	0	1	8	1	8	9.5	11.7
H2-10-4.1439	H2-10-1.1219	83.333	6	1	0	2	7	2	7	10.0	11.7
H2-10-4.1439	H2-10-2.914	55.556	9	4	0	2	10	2	10	10	11.7
H2-10-4.1439	H2-10-1.1114	62.500	8	3	0	2	9	2	9	11	11.7
H2-10-4.1439	H2-10-2.1291	55.556	9	4	0	2	10	2	10	11	11.7
H2-10-4.1439	H2-10-1.1431	62.500	8	3	0	3	10	3	10	12	11.7
H2-10-4.1439	H2-10-5.994	71.429	7	2	0	3	9	4	10	12	11.7
H2-10-4.1439	H2-10-2.1403	55.556	9	4	0	2	10	2	10	13	11.2
H2-10-4.1439	H2-10-*.1053	71.429	7	2	0	2	8	3	9	13	11.2
H2-10-4.1439	H2-10-2.1121	40.000	10	6	0	1	10	1	10	14	11.2
H2-10-4.1439	H2-10-2.1074	44.444	9	5	0	2	10	2	10	14	11.2
H2-10-4.1439	H2-10-2.978	55.556	9	4	0	2	10	2	10	14	11.2
H2-10-4.1439	H2-10-2.864	55.556	9	4	0	2	10	2	10	16	11.2
H2-10-4.1439	H2-10-2.1077	83.333	6	1	0	2	7	2	7	18	11.2
H2-10-4.1439	H2-10-5.827	100.000	5	0	0	4	8	3	7	18	11.2
H2-10-4.1439	H2-10-5.827	55.556	9	4	0	2	10	2	10	47	10.0
H2-10-4.1439	H2-10-2.1154	55.556	9	4	0	2	10	2	10	19	11.2
H2-10-4.1439	H2-10-2.1424	100.000	5	0	0	2	6	2	6	19	10.8
H2-10-4.1439	H2-10-4.999	57.143	7	3	0	1	7	1	7	19	10.8
H2-10-4.1439	H2-10-2.1263	44.444	9	5	0	2	10	2	10	20	10.8
H2-10-4.1439	H2-10-2.1237	44.444	9	5	0	2	10	2	10	20	10.8
H2-10-4.1439	H2-10-2.1426	55.556	9	4	0	2	10	2	10	23	10.8
H2-10-4.1439	H2-10-2.1062	55.556	9	4	0	2	10	2	10	26	10.8
H2-10-4.1439	H2-10-6.906	66.667	9	2	1	1	8	1	9	28	10.8
H2-10-4.1439	H2-10-1.822	40.000	10	6	0	1	10	1	10	30	10.4
H2-10-4.1439	H2-10-2.1150	44.444	9	5	0	2	10	2	10	33	10.4
H2-10-4.1439	H2-10-2.1423	57.143	7	3	0	2	8	2	8	37	10.4
H2-10-4.1439	H2-10-2.1333	44.444	9	5	0	2	10	2	10	39	10.4
H2-10-4.1439	H2-10-6.1100	66.667	6	2	0	2	7	2	7	40	10.4
H2-10-4.1439	H2-10-3.1153	44.444	9	5	0	2	10	2	10	43	10.0
H2-10-4.1439	H2-10-2.1110	50.000	8	4	0	2	9	2	9	45	10.0
H2-10-4.1439	H2-10-2.1441	44.444	9	5	0	2	10	2	10	46	10.0
H2-10-4.1439	H2-10-4.838	62.500	8	3	0	2	9	2	9	52	10.0
H2-10-4.1439	H2-10-7.870	57.143	7	3	0	4	10	4	10	57	10.0
H2-10-4.1439	H2-10-2.1334	44.444	9	5	0	2	10	2	10	59	10.0
H2-10-4.1439	H2-10-5.1189	44.444	9	5	0	2	10	2	10	59	10.0
H2-10-4.1439	H2-10-*.1293	71.429	7	2	0	3	9	4	10	71	 9.5
H2-10-4.1439	H2-10-*.1075	66.667	6	2	0	2	7	2	7	78	 9.5
H2-10-4.1439	H2-10-2.935	66.667	6	2	0	2	7	2	7	78	 9.5
H2-10-4.1439	H2-10-2.1002	80.000	5	1	0	4	8	3	7	82	 9.5
H2-10-4.1439	H2-10-6.1105	57.143	7	3	0	2	8	2	8	90	 9.1
H2-10-4.1439	H2-10-6.1123	66.667	6	2	0	2	7	2	7	106	 9.1
H2-10-4.1439	H2-10-2.1273	44.444	9	5	0	2	10	2	10	129	 9.1
