H1-13-1.750	H1-13-1.1	58.333	12	5	0	1	12	1	12	0.030	19.3
H1-13-1.750	H1-13-1.249	50.000	12	6	0	1	12	1	12	0.052	18.5
H1-13-1.750	H1-13-1.747	58.333	12	5	0	1	12	1	12	0.085	18.0
H1-13-1.750	H1-13-1.583	58.333	12	5	0	1	12	1	12	0.090	18.0
H1-13-1.750	H1-13-1.612	50.000	12	6	0	1	12	1	12	0.10	17.6
H1-13-1.750	H1-13-1.448	46.154	13	7	0	1	13	1	13	0.11	17.6
H1-13-1.750	H1-13-1.516	58.333	12	5	0	1	12	1	12	0.11	17.6
H1-13-1.750	H1-13-1.82	58.333	12	5	0	1	12	1	12	0.11	17.6
H1-13-1.750	H1-13-1.106	50.000	12	6	0	1	12	1	12	0.12	17.6
H1-13-1.750	H1-13-1.372	58.333	12	5	0	1	12	1	12	0.12	17.6
H1-13-1.750	H1-13-1.314	87.500	8	1	0	3	10	3	10	0.17	17.2
H1-13-1.750	H1-13-1.40	63.636	11	4	0	2	12	2	12	0.19	17.2
H1-13-1.750	H1-13-1.101	46.154	13	7	0	1	13	1	13	0.19	17.2
H1-13-1.750	H1-13-6.255	41.667	12	7	0	1	12	1	12	0.21	17.2
H1-13-1.750	H1-13-1.536	58.333	12	5	0	1	12	1	12	0.21	16.8
H1-13-1.750	H1-13-1.715	46.154	13	7	0	1	13	1	13	0.21	16.8
H1-13-1.750	H1-13-1.236	50.000	12	6	0	1	12	1	12	0.22	16.8
H1-13-1.750	H1-13-1.108	58.333	12	5	0	1	12	1	12	0.22	16.8
H1-13-1.750	H1-13-1.325	50.000	12	6	0	1	12	1	12	0.23	16.8
H1-13-1.750	H1-13-1.270	46.154	13	7	0	1	13	1	13	0.24	16.8
H1-13-1.750	H1-13-1.188	58.333	12	5	0	1	12	1	12	0.24	16.8
H1-13-1.750	H1-13-1.278	58.333	12	5	0	1	12	1	12	0.26	16.8
H1-13-1.750	H1-13-1.176	50.000	12	6	0	1	12	1	12	0.26	16.8
H1-13-1.750	H1-13-1.256	54.545	11	5	0	2	12	2	12	0.26	16.8
H1-13-1.750	H1-13-1.389	58.333	12	5	0	1	12	1	12	0.27	16.8
H1-13-1.750	H1-13-1.660	50.000	12	6	0	1	12	1	12	0.28	16.8
H1-13-1.750	H1-13-3.580	46.154	13	7	0	1	13	1	13	0.31	16.3
H1-13-1.750	H1-13-3.85	60.000	10	4	0	1	10	1	10	0.31	16.3
H1-13-1.750	H1-13-1.351	50.000	12	6	0	1	12	1	12	0.32	16.3
H1-13-1.750	H1-13-1.66	60.000	10	4	0	1	10	1	10	0.32	16.3
H1-13-1.750	H1-13-1.321	50.000	12	6	0	1	12	1	12	0.32	16.3
H1-13-1.750	H1-13-4.738	87.500	8	1	0	1	8	1	8	0.33	16.3
H1-13-1.750	H1-13-1.248	50.000	12	6	0	1	12	1	12	0.36	16.3
H1-13-1.750	H1-13-1.29	50.000	12	6	0	1	12	1	12	0.37	16.3
H1-13-1.750	H1-13-1.98	38.462	13	8	0	1	13	1	13	0.38	16.3
H1-13-1.750	H1-13-1.170	60.000	10	4	0	1	10	1	10	0.38	16.3
H1-13-1.750	H1-13-1.399	50.000	12	6	0	1	12	1	12	0.41	16.3
H1-13-1.750	H1-13-1.599	50.000	12	6	0	1	12	1	12	0.42	16.3
H1-13-1.750	H1-13-1.31	50.000	12	6	0	1	12	1	12	0.42	16.3
H1-13-1.750	H1-13-1.386	50.000	12	6	0	1	12	1	12	0.42	16.3
H1-13-1.750	H1-13-3.273	46.154	13	7	0	1	13	1	13	0.42	16.3
H1-13-1.750	H1-13-1.121	58.333	12	5	0	1	12	1	12	0.43	16.3
H1-13-1.750	H1-13-1.476	50.000	12	6	0	1	12	1	12	0.45	15.9
H1-13-1.750	H1-13-1.650	50.000	12	6	0	1	12	1	12	0.46	15.9
H1-13-1.750	H1-13-1.406	50.000	12	6	0	1	12	1	12	0.46	15.9
H1-13-1.750	H1-13-1.746	58.333	12	5	0	1	12	1	12	0.47	15.9
H1-13-1.750	H1-13-1.489	63.636	11	4	0	2	12	2	12	0.47	15.9
H1-13-1.750	H1-13-1.156	50.000	12	6	0	1	12	1	12	0.47	15.9
H1-13-1.750	H1-13-1.635	50.000	12	6	0	1	12	1	12	0.53	15.9
H1-13-1.750	H1-13-1.460	60.000	10	4	0	1	10	1	10	0.56	15.9
H1-13-1.750	H1-13-1.385	50.000	12	6	0	1	12	1	12	0.58	15.9
H1-13-1.750	H1-13-1.219	38.462	13	8	0	1	13	1	13	0.58	15.9
H1-13-1.750	H1-13-1.356	50.000	12	6	0	1	12	1	12	0.60	15.9
H1-13-1.750	H1-13-1.69	50.000	12	6	0	1	12	1	12	0.60	15.9
H1-13-1.750	H1-13-1.206	50.000	12	6	0	1	12	1	12	0.61	15.9
H1-13-1.750	H1-13-1.732	50.000	12	6	0	1	12	1	12	0.62	15.9
H1-13-1.750	H1-13-1.301	41.667	12	7	0	2	13	2	13	0.64	15.5
H1-13-1.750	H1-13-1.573	60.000	10	4	0	1	10	1	10	0.65	15.5
H1-13-1.750	H1-13-1.535	45.455	11	6	0	2	12	2	12	0.65	15.5
H1-13-1.750	H1-13-1.48	60.000	10	4	0	1	10	1	10	0.65	15.5
H1-13-1.750	H1-13-1.388	50.000	12	6	0	1	12	1	12	0.66	15.5
H1-13-1.750	H1-13-1.614	66.667	12	3	1	1	11	1	12	0.68	15.5
H1-13-1.750	H1-13-*.199	60.000	10	4	0	1	10	1	10	0.69	15.5
H1-13-1.750	H1-13-1.584	63.636	11	4	0	2	12	2	12	0.72	15.5
H1-13-1.750	H1-13-1.509	60.000	10	4	0	1	10	1	10	0.72	15.5
H1-13-1.750	H1-13-1.293	50.000	12	6	0	1	12	1	12	0.72	15.5
H1-13-1.750	H1-13-1.744	60.000	10	4	0	1	10	1	10	0.72	15.5
H1-13-1.750	H1-13-1.453	60.000	10	4	0	1	10	1	10	0.72	15.5
H1-13-1.750	H1-13-1.743	66.667	9	3	0	1	9	1	9	0.73	15.5
H1-13-1.750	H1-13-1.427	41.667	12	7	0	1	12	1	12	0.73	15.5
H1-13-1.750	H1-13-1.88	50.000	12	6	0	1	12	1	12	0.75	15.5
H1-13-1.750	H1-13-1.38	60.000	10	4	0	1	10	1	10	0.75	15.5
H1-13-1.750	H1-13-1.430	50.000	12	6	0	1	12	1	12	0.76	15.5
H1-13-1.750	H1-13-1.598	45.455	11	6	0	2	12	2	12	0.77	15.5
H1-13-1.750	H1-13-1.520	41.667	12	7	0	1	12	1	12	0.77	15.5
H1-13-1.750	H1-13-1.449	50.000	12	6	0	1	12	1	12	0.77	15.5
H1-13-1.750	H1-13-1.102	50.000	12	6	0	1	12	1	12	0.77	15.5
H1-13-1.750	H1-13-1.741	60.000	10	4	0	1	10	1	10	0.77	15.5
H1-13-1.750	H1-13-1.395	50.000	10	5	0	1	10	1	10	0.77	15.5
H1-13-1.750	H1-13-1.527	60.000	10	4	0	3	12	3	12	0.79	15.5
H1-13-1.750	H1-13-1.720	50.000	12	6	0	1	12	1	12	0.80	15.5
H1-13-1.750	H1-13-1.628	85.714	7	1	0	1	7	1	7	0.82	15.5
H1-13-1.750	H1-13-1.323	75.000	8	2	0	1	8	1	8	0.84	15.5
H1-13-1.750	H1-13-*.54	75.000	8	2	0	1	8	1	8	0.84	15.5
H1-13-1.750	H1-13-1.696	75.000	8	2	0	1	8	1	8	0.85	15.5
H1-13-1.750	H1-13-1.600	60.000	10	4	0	1	10	1	10	0.85	15.5
H1-13-1.750	H1-13-1.411	50.000	12	6	0	1	12	1	12	0.85	15.5
H1-13-1.750	H1-13-1.238	41.667	12	7	0	1	12	1	12	0.86	15.5
H1-13-1.750	H1-13-1.564	66.667	9	3	0	1	9	1	9	0.87	15.5
H1-13-1.750	H1-13-1.450	50.000	12	6	0	1	12	1	12	0.87	15.5
H1-13-1.750	H1-13-1.201	60.000	10	4	0	3	12	3	12	0.87	15.5
H1-13-1.750	H1-13-1.526	50.000	12	6	0	1	12	1	12	0.89	15.5
H1-13-1.750	H1-13-1.740	75.000	8	2	0	1	8	1	8	0.90	15.1
H1-13-1.750	H1-13-1.324	60.000	10	4	0	1	10	1	10	0.90	15.1
H1-13-1.750	H1-13-1.140	75.000	8	2	0	1	8	1	8	0.90	15.1
H1-13-1.750	H1-13-1.661	75.000	8	2	0	1	8	1	8	0.91	15.1
H1-13-1.750	H1-13-1.572	75.000	8	2	0	1	8	1	8	0.91	15.1
H1-13-1.750	H1-13-1.606	36.364	11	7	0	2	12	2	12	0.93	15.1
H1-13-1.750	H1-13-1.155	60.000	10	4	0	1	10	1	10	0.93	15.1
H1-13-1.750	H1-13-1.288	75.000	8	2	0	1	8	1	8	0.94	15.1
H1-13-1.750	H1-13-1.180	50.000	12	6	0	1	12	1	12	0.94	15.1
H1-13-1.750	H1-13-1.83	75.000	8	2	0	1	8	1	8	0.95	15.1
H1-13-1.750	H1-13-1.161	60.000	10	4	0	1	10	1	10	0.96	15.1
H1-13-1.750	H1-13-1.292	38.462	13	8	0	1	13	1	13	0.98	15.1
H1-13-1.750	H1-13-1.275	50.000	12	6	0	1	12	1	12	0.98	15.1
H1-13-1.750	H1-13-1.316	75.000	8	2	0	1	8	1	8	1.0	15.1
H1-13-1.750	H1-13-1.222	75.000	8	2	0	1	8	1	8	1.0	15.1
H1-13-1.750	H1-13-1.192	41.667	12	7	0	1	12	1	12	1.0	15.1
H1-13-1.750	H1-13-1.692	75.000	8	2	0	1	8	1	8	1.1	15.1
H1-13-1.750	H1-13-1.486	41.667	12	7	0	1	12	1	12	1.1	15.1
H1-13-1.750	H1-13-1.242	75.000	8	2	0	1	8	1	8	1.1	15.1
H1-13-1.750	H1-13-1.77	66.667	9	3	0	1	9	1	9	1.1	15.1
H1-13-1.750	H1-13-1.143	50.000	12	6	0	1	12	1	12	1.1	15.1
H1-13-1.750	H1-13-1.318	75.000	8	2	0	1	8	1	8	1.1	15.1
H1-13-1.750	H1-13-1.112	54.545	11	5	0	2	12	2	12	1.1	15.1
H1-13-1.750	H1-13-1.17	54.545	11	5	0	2	12	2	12	1.1	15.1
H1-13-1.750	H1-13-1.500	75.000	8	2	0	1	8	1	8	1.2	15.1
H1-13-1.750	H1-13-1.358	54.545	11	5	0	2	12	2	12	1.2	15.1
H1-13-1.750	H1-13-1.283	85.714	7	1	0	2	8	2	8	1.2	15.1
H1-13-1.750	H1-13-1.656	41.667	12	7	0	1	12	1	12	1.2	15.1
H1-13-1.750	H1-13-1.392	45.455	11	6	0	2	12	2	12	1.3	14.6
H1-13-1.750	H1-13-1.9	85.714	7	1	0	2	8	2	8	1.3	14.6
H1-13-1.750	H1-13-1.124	41.667	12	7	0	2	13	2	13	1.3	14.6
H1-13-1.750	H1-13-1.13	41.667	12	7	0	1	12	1	12	1.3	14.6
H1-13-1.750	H1-13-1.135	41.667	12	7	0	2	13	2	13	1.4	14.6
H1-13-1.750	H1-13-1.61	41.667	12	7	0	2	13	2	13	1.4	14.6
H1-13-1.750	H1-13-1.114	41.667	12	7	0	2	13	2	13	1.4	14.6
H1-13-1.750	H1-13-3.493	50.000	12	6	0	1	12	1	12	1.4	14.6
H1-13-1.750	H1-13-1.231	41.667	12	7	0	1	12	1	12	1.4	14.6
H1-13-1.750	H1-13-1.567	55.556	9	4	0	2	10	2	10	1.5	14.6
H1-13-1.750	H1-13-1.173	54.545	11	5	0	2	12	2	12	1.5	14.6
H1-13-1.750	H1-13-1.317	60.000	10	4	0	3	12	3	12	1.5	14.6
H1-13-1.750	H1-13-1.118	55.556	9	4	0	1	9	1	9	1.5	14.6
H1-13-1.750	H1-13-1.683	45.455	11	6	0	2	12	2	12	1.6	14.6
H1-13-1.750	H1-13-1.398	50.000	10	5	0	1	10	1	10	1.6	14.6
H1-13-1.750	H1-13-1.669	55.556	9	4	0	1	9	1	9	1.7	14.6
H1-13-1.750	H1-13-1.659	50.000	10	5	0	1	10	1	10	1.7	14.6
H1-13-1.750	H1-13-1.384	41.667	12	7	0	1	12	1	12	1.7	14.6
H1-13-1.750	H1-13-1.253	100.000	6	0	0	3	8	3	8	1.7	14.6
H1-13-1.750	H1-13-1.473	41.667	12	7	0	1	12	1	12	1.8	14.6
H1-13-1.750	H1-13-1.429	41.667	12	7	0	1	12	1	12	1.8	14.6
H1-13-1.750	H1-13-1.32	55.556	9	4	0	1	9	1	9	1.9	14.2
H1-13-1.750	H1-13-1.397	62.500	8	3	0	1	8	1	8	1.9	14.2
H1-13-1.750	H1-13-1.159	50.000	10	5	0	1	10	1	10	2.0	14.2
H1-13-1.750	H1-13-7.693	41.667	12	7	0	1	12	1	12	2.0	14.2
H1-13-1.750	H1-13-1.33	55.556	9	4	0	1	9	1	9	2.0	14.2
H1-13-1.750	H1-13-7.694	41.667	12	7	0	1	12	1	12	2.0	14.2
H1-13-1.750	H1-13-1.457	41.667	12	7	0	1	12	1	12	2.0	14.2
H1-13-1.750	H1-13-1.279	33.333	12	8	0	2	13	2	13	2.0	14.2
H1-13-1.750	H1-13-1.481	50.000	10	5	0	1	10	1	10	2.1	14.2
H1-13-1.750	H1-13-1.341	54.545	11	5	0	2	12	2	12	2.1	14.2
H1-13-1.750	H1-13-2.72	50.000	10	5	0	1	10	1	10	2.1	14.2
H1-13-1.750	H1-13-*.578	50.000	10	5	0	1	10	1	10	2.1	14.2
H1-13-1.750	H1-13-1.665	41.667	12	7	0	1	12	1	12	2.2	14.2
H1-13-1.750	H1-13-1.172	62.500	8	3	0	1	8	1	8	2.2	14.2
H1-13-1.750	H1-13-3.745	50.000	12	6	0	1	12	1	12	2.2	14.2
H1-13-1.750	H1-13-1.247	41.667	12	7	0	1	12	1	12	2.2	14.2
H1-13-1.750	H1-13-1.68	50.000	10	5	0	1	10	1	10	2.2	14.2
H1-13-1.750	H1-13-1.84	62.500	8	3	0	1	8	1	8	2.3	14.2
H1-13-1.750	H1-13-1.458	55.556	9	4	0	2	10	2	10	2.3	14.2
H1-13-1.750	H1-13-1.280	62.500	8	3	0	1	8	1	8	2.3	14.2
H1-13-1.750	H1-13-*.552	45.455	11	6	0	2	12	2	12	2.4	14.2
H1-13-1.750	H1-13-1.543	33.333	12	8	0	2	13	2	13	2.4	14.2
H1-13-1.750	H1-13-1.511	45.455	11	6	0	2	12	2	12	2.4	14.2
H1-13-1.750	H1-13-1.514	41.667	12	7	0	2	13	2	13	2.5	14.2
H1-13-1.750	H1-13-1.471	50.000	10	5	0	1	10	1	10	2.5	14.2
H1-13-1.750	H1-13-1.21	62.500	8	3	0	1	8	1	8	2.5	14.2
H1-13-1.750	H1-13-1.381	50.000	12	6	0	1	12	1	12	2.5	14.2
H1-13-1.750	H1-13-1.130	55.556	9	4	0	1	9	1	9	2.6	14.2
H1-13-1.750	H1-13-1.183	62.500	8	3	0	1	8	1	8	2.7	13.8
H1-13-1.750	H1-13-1.513	41.667	12	7	0	2	13	2	13	2.7	13.8
H1-13-1.750	H1-13-1.209	50.000	10	5	0	1	10	1	10	2.8	13.8
H1-13-1.750	H1-13-1.187	45.455	11	6	0	2	12	2	12	2.9	13.8
H1-13-1.750	H1-13-1.435	55.556	9	4	0	1	9	1	9	2.9	13.8
H1-13-1.750	H1-13-*.59	41.667	12	7	0	1	12	1	12	2.9	13.8
H1-13-1.750	H1-13-1.119	55.556	9	4	0	1	9	1	9	3.0	13.8
H1-13-1.750	H1-13-1.722	62.500	8	3	0	3	10	3	10	3.1	13.8
H1-13-1.750	H1-13-1.524	50.000	10	5	0	1	10	1	10	3.1	13.8
H1-13-1.750	H1-13-1.168	71.429	7	2	0	1	7	1	7	3.1	13.8
H1-13-1.750	H1-13-1.19	55.556	9	4	0	1	9	1	9	3.2	13.8
H1-13-1.750	H1-13-1.64	55.556	9	4	0	1	9	1	9	3.2	13.8
H1-13-1.750	H1-13-1.396	33.333	12	8	0	2	13	2	13	3.4	13.8
H1-13-1.750	H1-13-1.502	71.429	7	2	0	1	7	1	7	3.5	13.8
H1-13-1.750	H1-13-1.302	41.667	12	7	0	2	13	2	13	3.5	13.8
H1-13-1.750	H1-13-1.328	62.500	8	3	0	1	8	1	8	3.6	13.8
H1-13-1.750	H1-13-1.309	36.364	11	7	0	2	12	2	12	3.6	13.8
H1-13-1.750	H1-13-1.12	62.500	8	3	0	1	8	1	8	3.6	13.8
H1-13-1.750	H1-13-1.217	45.455	11	6	0	2	12	2	12	3.7	13.8
H1-13-1.750	H1-13-5.360	71.429	7	2	0	2	8	2	8	3.8	13.8
H1-13-1.750	H1-13-1.307	71.429	7	2	0	2	8	2	8	3.8	13.8
H1-13-1.750	H1-13-1.340	50.000	10	5	0	1	10	1	10	3.8	13.8
H1-13-1.750	H1-13-1.55	45.455	11	6	0	2	12	2	12	3.9	13.4
H1-13-1.750	H1-13-1.22	71.429	7	2	0	2	8	2	8	4.0	13.4
H1-13-1.750	H1-13-1.322	45.455	11	6	0	2	12	2	12	4.2	13.4
H1-13-1.750	H1-13-1.190	33.333	12	8	0	2	13	2	13	4.2	13.4
H1-13-1.750	H1-13-1.624	58.333	12	4	1	2	13	2	12	4.2	13.4
H1-13-1.750	H1-13-1.690	55.556	9	4	0	1	9	1	9	4.3	13.4
H1-13-1.750	H1-13-6.667	36.364	11	7	0	2	12	2	12	4.3	13.4
H1-13-1.750	H1-13-1.562	33.333	12	8	0	1	12	1	12	4.4	13.4
H1-13-1.750	H1-13-1.28	62.500	8	3	0	1	8	1	8	4.4	13.4
H1-13-1.750	H1-13-1.706	55.556	9	4	0	2	10	2	10	4.7	13.4
H1-13-1.750	H1-13-1.81	45.455	11	6	0	2	12	2	12	4.7	13.4
H1-13-1.750	H1-13-1.320	83.333	6	1	0	3	8	3	8	4.8	13.4
H1-13-1.750	H1-13-1.319	83.333	6	1	0	3	8	3	8	4.8	13.4
H1-13-1.750	H1-13-1.113	50.000	10	5	0	1	10	1	10	4.8	13.4
H1-13-1.750	H1-13-1.631	33.333	12	8	0	1	12	1	12	4.9	13.4
H1-13-1.750	H1-13-1.653	62.500	8	3	0	1	8	1	8	5.3	13.4
H1-13-1.750	H1-13-1.332	45.455	11	6	0	2	12	2	12	5.4	13.4
H1-13-1.750	H1-13-1.20	71.429	7	2	0	2	8	2	8	5.4	13.4
H1-13-1.750	H1-13-1.625	62.500	8	3	0	2	9	2	9	5.5	13.4
H1-13-1.750	H1-13-1.265	50.000	10	5	0	1	10	1	10	5.5	13.4
H1-13-1.750	H1-13-1.373	36.364	11	7	0	2	12	2	12	5.7	13.4
H1-13-1.750	H1-13-1.676	45.455	11	6	0	2	12	2	12	5.7	13.4
H1-13-1.750	H1-13-1.559	33.333	12	8	0	1	12	1	12	5.9	12.9
H1-13-1.750	H1-13-1.590	62.500	8	3	0	1	8	1	8	6.0	12.9
H1-13-1.750	H1-13-1.477	83.333	6	1	0	2	7	2	7	6.1	12.9
H1-13-1.750	H1-13-1.120	100.000	5	0	0	3	7	3	7	6.1	12.9
H1-13-1.750	H1-13-1.89	36.364	11	7	0	2	12	2	12	6.2	12.9
H1-13-1.750	H1-13-3.277	71.429	7	2	0	3	9	3	9	6.4	12.9
H1-13-1.750	H1-13-1.454	36.364	11	7	0	2	12	2	12	6.5	12.9
H1-13-1.750	H1-13-1.76	45.455	11	6	0	2	12	2	12	6.6	12.9
H1-13-1.750	H1-13-1.575	83.333	6	1	0	3	8	3	8	6.6	12.9
H1-13-1.750	H1-13-1.461	62.500	8	3	0	3	10	3	10	6.6	12.9
H1-13-1.750	H1-13-1.354	71.429	7	2	0	2	8	2	8	6.6	12.9
H1-13-1.750	H1-13-1.390	36.364	11	7	0	2	12	2	12	6.7	12.9
H1-13-1.750	H1-13-*.144	36.364	11	7	0	2	12	2	12	6.8	12.9
H1-13-1.750	H1-13-1.8	50.000	10	5	0	3	12	3	12	6.9	12.9
H1-13-1.750	H1-13-1.15	50.000	10	5	0	3	12	3	12	7.0	12.9
H1-13-1.750	H1-13-1.157	40.000	10	6	0	1	10	1	10	7.1	12.9
H1-13-1.750	H1-13-1.245	45.455	11	6	0	2	12	2	12	7.2	12.9
H1-13-1.750	H1-13-1.613	45.455	11	6	0	2	12	2	12	7.5	12.9
H1-13-1.750	H1-13-1.60	36.364	11	7	0	2	12	2	12	7.6	12.9
H1-13-1.750	H1-13-1.174	36.364	11	7	0	2	12	2	12	7.7	12.9
H1-13-1.750	H1-13-1.674	33.333	12	8	0	2	13	2	13	7.8	12.9
H1-13-1.750	H1-13-1.146	83.333	6	1	0	2	7	2	7	7.8	12.9
H1-13-1.750	H1-13-1.162	40.000	10	6	0	1	10	1	10	8.1	12.9
H1-13-1.750	H1-13-1.551	36.364	11	7	0	2	12	2	12	8.2	12.9
H1-13-1.750	H1-13-1.447	36.364	11	7	0	2	12	2	12	8.3	12.9
H1-13-1.750	H1-13-1.602	36.364	11	7	0	2	12	2	12	8.4	12.9
H1-13-1.750	H1-13-1.125	40.000	10	6	0	3	12	3	12	8.5	12.9
H1-13-1.750	H1-13-1.7	44.444	9	5	0	1	9	1	9	8.5	12.9
H1-13-1.750	H1-13-1.579	36.364	11	7	0	2	12	2	12	9.2	12.5
H1-13-1.750	H1-13-1.87	40.000	10	6	0	1	10	1	10	9.2	12.5
H1-13-1.750	H1-13-*.525	50.000	12	6	0	1	12	1	12	9.3	12.5
H1-13-1.750	H1-13-1.510	36.364	11	7	0	2	12	2	12	9.3	12.5
H1-13-1.750	H1-13-1.305	36.364	11	7	0	2	12	2	12	9.4	12.5
H1-13-1.750	H1-13-1.451	36.364	11	7	0	2	12	2	12	9.7	12.5
H1-13-1.750	H1-13-1.205	33.333	12	8	0	2	13	2	13	9.7	12.5
H1-13-1.750	H1-13-1.353	36.364	11	7	0	2	12	2	12	9.9	12.5
H1-13-1.750	H1-13-1.218	50.000	8	4	0	1	8	1	8	10	12.5
H1-13-1.750	H1-13-*.393	57.143	7	3	0	2	8	2	8	10	12.5
H1-13-1.750	H1-13-1.348	40.000	10	6	0	3	12	3	12	10	12.5
H1-13-1.750	H1-13-1.350	36.364	11	7	0	2	12	2	12	10	12.5
H1-13-1.750	H1-13-*.147	36.364	11	7	0	2	12	2	12	11	12.5
H1-13-1.750	H1-13-*.71	36.364	11	7	0	2	12	2	12	11	12.5
H1-13-1.750	H1-13-1.561	40.000	10	6	0	1	10	1	10	11	12.5
H1-13-1.750	H1-13-1.241	57.143	7	3	0	2	8	2	8	11	12.5
H1-13-1.750	H1-13-1.158	50.000	8	4	0	1	8	1	8	11	12.5
H1-13-1.750	H1-13-1.111	57.143	7	3	0	2	8	2	8	11	12.5
H1-13-1.750	H1-13-1.378	36.364	11	7	0	2	12	2	12	12	12.5
H1-13-1.750	H1-13-1.377	36.364	11	7	0	2	12	2	12	12	12.5
H1-13-1.750	H1-13-1.99	36.364	11	7	0	2	12	2	12	12	12.5
H1-13-1.750	H1-13-1.630	36.364	11	7	0	2	12	2	12	12	12.5
H1-13-1.750	H1-13-1.179	36.364	11	7	0	2	12	2	12	12	12.5
H1-13-1.750	H1-13-1.664	36.364	11	7	0	2	12	2	12	12	12.5
H1-13-1.750	H1-13-*.234	41.667	12	7	0	1	12	1	12	12	12.5
H1-13-1.750	H1-13-1.734	57.143	7	3	0	2	8	2	8	12	12.5
H1-13-1.750	H1-13-1.271	36.364	11	7	0	2	12	2	12	12	12.5
H1-13-1.750	H1-13-1.58	57.143	7	3	0	2	8	2	8	12	12.5
H1-13-1.750	H1-13-1.431	33.333	12	8	0	1	12	1	12	13	12.1
H1-13-1.750	H1-13-*.605	36.364	11	7	0	2	12	2	12	13	12.1
H1-13-1.750	H1-13-1.563	57.143	7	3	0	2	8	2	8	13	12.1
H1-13-1.750	H1-13-1.128	57.143	7	3	0	2	8	2	8	13	12.1
H1-13-1.750	H1-13-1.702	57.143	7	3	0	2	8	2	8	13	12.1
H1-13-1.750	H1-13-1.641	36.364	11	7	0	2	12	2	12	13	12.1
H1-13-1.750	H1-13-1.291	50.000	8	4	0	2	9	2	9	13	12.1
H1-13-1.750	H1-13-1.203	33.333	12	8	0	2	13	2	13	13	12.1
H1-13-1.750	H1-13-1.97	33.333	12	8	0	2	13	2	13	13	12.1
H1-13-1.750	H1-13-1.11	57.143	7	3	0	2	8	2	8	13	12.1
H1-13-1.750	H1-13-2.42	44.444	9	5	0	2	10	2	10	14	12.1
H1-13-1.750	H1-13-1.46	50.000	8	4	0	2	9	2	9	14	12.1
H1-13-1.750	H1-13-1.257	36.364	11	7	0	2	12	2	12	15	12.1
H1-13-1.750	H1-13-1.619	57.143	7	3	0	2	8	2	8	15	12.1
H1-13-1.750	H1-13-*.587	36.364	11	7	0	2	12	2	12	15	12.1
H1-13-1.750	H1-13-1.417	44.444	9	5	0	2	10	2	10	15	12.1
H1-13-1.750	H1-13-1.221	33.333	12	8	0	2	13	2	13	15	12.1
H1-13-1.750	H1-13-1.214	55.556	9	4	0	2	10	2	10	15	12.1
H1-13-1.750	H1-13-1.10	44.444	9	5	0	2	10	2	10	15	12.1
H1-13-1.750	H1-13-1.719	66.667	6	2	0	2	7	2	7	16	12.1
H1-13-1.750	H1-13-1.109	57.143	7	3	0	2	8	2	8	16	12.1
H1-13-1.750	H1-13-1.229	36.364	11	7	0	2	12	2	12	16	12.1
H1-13-1.750	H1-13-1.16	36.364	11	7	0	2	12	2	12	16	12.1
H1-13-1.750	H1-13-1.574	36.364	11	7	0	2	12	2	12	16	12.1
H1-13-1.750	H1-13-*.462	66.667	6	2	0	2	7	2	7	16	12.1
H1-13-1.750	H1-13-1.303	50.000	8	4	0	2	9	2	9	16	12.1
H1-13-1.750	H1-13-1.459	57.143	7	3	0	2	8	2	8	16	12.1
H1-13-1.750	H1-13-1.419	36.364	11	7	0	2	12	2	12	16	12.1
H1-13-1.750	H1-13-1.596	57.143	7	3	0	2	8	2	8	17	12.1
H1-13-1.750	H1-13-1.272	36.364	11	7	0	2	12	2	12	17	12.1
H1-13-1.750	H1-13-1.752	57.143	7	3	0	2	8	2	8	17	12.1
H1-13-1.750	H1-13-1.638	57.143	7	3	0	2	8	2	8	17	12.1
H1-13-1.750	H1-13-1.216	57.143	7	3	0	2	8	2	8	17	12.1
H1-13-1.750	H1-13-1.534	57.143	7	3	0	2	8	2	8	17	12.1
H1-13-1.750	H1-13-1.717	50.000	8	4	0	2	9	2	9	17	12.1
H1-13-1.750	H1-13-1.651	57.143	7	3	0	2	8	2	8	17	12.1
H1-13-1.750	H1-13-1.594	33.333	12	8	0	1	12	1	12	17	12.1
H1-13-1.750	H1-13-1.408	66.667	6	2	0	2	7	2	7	17	12.1
H1-13-1.750	H1-13-1.281	57.143	7	3	0	2	8	2	8	17	12.1
H1-13-1.750	H1-13-1.35	36.364	11	7	0	2	12	2	12	17	12.1
H1-13-1.750	H1-13-1.748	36.364	11	7	0	2	12	2	12	17	12.1
H1-13-1.750	H1-13-1.546	57.143	7	3	0	2	8	2	8	17	12.1
H1-13-1.750	H1-13-1.532	36.364	11	7	0	2	12	2	12	17	12.1
H1-13-1.750	H1-13-1.629	57.143	7	3	0	2	8	2	8	18	12.1
H1-13-1.750	H1-13-1.220	62.500	8	3	0	3	10	3	10	18	12.1
H1-13-1.750	H1-13-1.266	44.444	9	5	0	2	10	2	10	18	12.1
H1-13-1.750	H1-13-1.553	57.143	7	3	0	2	8	2	8	18	11.7
H1-13-1.750	H1-13-1.204	57.143	7	3	0	2	8	2	8	18	11.7
H1-13-1.750	H1-13-3.570	45.455	11	6	0	2	12	2	12	19	11.7
H1-13-1.750	H1-13-*.545	40.000	10	6	0	3	12	3	12	19	11.7
H1-13-1.750	H1-13-*.299	36.364	11	7	0	2	12	2	12	19	11.7
H1-13-1.750	H1-13-1.689	36.364	11	7	0	2	12	2	12	19	11.7
H1-13-1.750	H1-13-*.557	66.667	6	2	0	2	7	2	7	20	11.7
H1-13-1.750	H1-13-1.251	57.143	7	3	0	2	8	2	8	20	11.7
H1-13-1.750	H1-13-1.6	57.143	7	3	0	2	8	2	8	20	11.7
H1-13-1.750	H1-13-1.285	66.667	6	2	0	2	7	2	7	20	11.7
H1-13-1.750	H1-13-1.51	66.667	6	2	0	4	9	4	9	21	11.7
H1-13-1.750	H1-13-1.639	50.000	12	6	0	1	12	1	12	21	11.7
H1-13-1.750	H1-13-1.569	66.667	6	2	0	2	7	2	7	22	11.7
H1-13-1.750	H1-13-4.365	57.143	7	3	0	2	8	2	8	22	11.7
H1-13-1.750	H1-13-1.308	66.667	6	2	0	2	7	2	7	22	11.7
H1-13-1.750	H1-13-*.289	57.143	7	3	0	2	8	2	8	22	11.7
H1-13-1.750	H1-13-1.167	66.667	6	2	0	2	7	2	7	22	11.7
H1-13-1.750	H1-13-1.586	50.000	8	4	0	1	8	1	8	24	11.7
H1-13-1.750	H1-13-1.166	66.667	6	2	0	2	7	2	7	24	11.7
H1-13-1.750	H1-13-4.347	66.667	6	2	0	2	7	2	7	24	11.7
H1-13-1.750	H1-13-*.688	36.364	11	7	0	2	12	2	12	26	11.7
H1-13-1.750	H1-13-1.636	66.667	6	2	0	2	7	2	7	27	11.2
H1-13-1.750	H1-13-*.240	55.556	9	4	0	1	9	1	9	27	11.2
H1-13-1.750	H1-13-1.541	66.667	6	2	0	2	7	2	7	27	11.2
H1-13-1.750	H1-13-2.716	41.667	12	7	0	1	12	1	12	28	11.2
H1-13-1.750	H1-13-1.237	40.000	10	6	0	3	12	3	12	30	11.2
H1-13-1.750	H1-13-1.714	50.000	8	4	0	1	8	1	8	32	11.2
H1-13-1.750	H1-13-3.603	36.364	11	7	0	2	12	2	12	34	11.2
H1-13-1.750	H1-13-2.232	71.429	7	2	0	1	7	1	7	36	11.2
H1-13-1.750	H1-13-*.604	80.000	5	1	0	2	6	2	6	37	11.2
H1-13-1.750	H1-13-3.529	36.364	11	7	0	2	12	2	12	37	11.2
H1-13-1.750	H1-13-*.495	36.364	11	7	0	2	12	2	12	38	11.2
H1-13-1.750	H1-13-*.227	80.000	5	1	0	2	6	2	6	38	11.2
H1-13-1.750	H1-13-*.424	36.364	11	7	0	2	12	2	12	45	10.8
H1-13-1.750	H1-13-1.94	100.000	4	0	0	2	5	8	11	46	10.8
H1-13-1.750	H1-13-1.530	57.143	7	3	0	2	8	2	8	46	10.8
H1-13-1.750	H1-13-7.463	100.000	4	0	0	2	5	8	11	47	10.8
H1-13-1.750	H1-13-7.442	100.000	4	0	0	2	5	8	11	47	10.8
H1-13-1.750	H1-13-7.24	100.000	4	0	0	2	5	8	11	47	10.8
H1-13-1.750	H1-13-*.274	100.000	4	0	0	2	5	8	11	49	10.8
H1-13-1.750	H1-13-1.264	57.143	7	3	0	2	8	2	8	55	10.8
H1-13-1.750	H1-13-5.645	36.364	11	7	0	2	12	2	12	56	10.8
H1-13-1.750	H1-13-*.445	57.143	7	3	0	2	8	2	8	62	10.4
H1-13-1.750	H1-13-4.550	50.000	8	4	0	3	10	3	10	63	10.4
H1-13-1.750	H1-13-3.175	33.333	12	8	0	1	12	1	12	67	10.4
H1-13-1.750	H1-13-1.269	66.667	6	2	0	3	8	3	8	71	10.4
H1-13-1.750	H1-13-3.267	36.364	11	7	0	2	12	2	12	72	10.4
H1-13-1.750	H1-13-*.189	33.333	12	8	0	1	12	1	12	93	10.0
H1-13-1.750	H1-13-3.134	36.364	11	7	0	2	12	2	12	100	10.0
H1-13-1.750	H1-13-3.418	40.000	10	6	0	1	10	1	10	108	10.0
H1-13-1.750	H1-13-*.123	50.000	8	4	0	1	8	1	8	122	 9.5
H1-13-1.750	H1-13-*.540	50.000	8	4	0	1	8	1	8	126	 9.5
H1-13-1.750	H1-13-1.202	57.143	7	3	0	1	7	1	7	136	 9.5
H1-13-1.750	H1-13-*.116	50.000	8	4	0	1	8	1	8	143	 9.5
H1-13-1.750	H1-13-1.311	40.000	10	6	0	1	10	1	10	177	 9.1
H1-13-1.750	H1-13-*.662	57.143	7	3	0	1	7	1	7	181	 9.1
H1-13-1.750	H1-13-*.647	57.143	7	3	0	1	7	1	7	188	 9.1
H1-13-1.750	H1-13-5.652	57.143	7	3	0	2	8	2	8	213	 9.1
