H1-15-*.820	H1-15-1.794	86.667	15	2	0	1	15	1	15	8.53e-07	28.2
H1-15-*.820	H1-15-1.792	66.667	15	5	0	1	15	1	15	5.20e-05	23.5
H1-15-*.820	H1-15-1.817	66.667	15	5	0	1	15	1	15	2.05e-04	21.8
H1-15-*.820	H1-15-1.809	50.000	14	7	0	1	14	1	14	0.007	18.0
H1-15-*.820	H1-15-*.806	61.538	13	5	0	1	13	1	13	0.008	17.6
H1-15-*.820	H1-15-1.797	46.667	15	8	0	1	15	1	15	0.084	15.1
H1-15-*.820	H1-15-1.810	50.000	14	7	0	1	14	1	14	0.11	14.6
H1-15-*.820	H1-15-1.818	46.667	15	8	0	1	15	1	15	0.34	13.4
H1-15-*.820	H1-15-1.819	46.154	13	7	0	2	14	2	14	0.48	12.9
H1-15-*.820	H1-15-*.796	30.769	13	9	0	1	13	1	13	1.8	11.2
H1-15-*.820	H1-15-1.800	66.667	9	3	0	1	9	1	9	2.2	11.2
H1-15-*.820	H1-15-1.812	66.667	9	3	0	1	9	1	9	2.7	10.8
H1-15-*.820	H1-15-*.807	73.333	15	4	0	1	15	1	15	3.2	10.8
H1-15-*.820	H1-15-1.802	83.333	6	1	0	3	8	10	15	11	 9.1
H1-15-*.820	H1-15-1.788	80.000	5	1	0	3	7	10	14	28	 8.3
H1-15-*.820	H1-15-1.804	66.667	6	2	0	3	8	10	15	39	 7.9
H1-15-*.820	H1-15-1.803	66.667	6	2	0	3	8	10	15	45	 7.9
