H1-14-*.782	H1-14-1.759	85.714	14	2	0	1	14	1	14	1.37e-06	27.4
H1-14-*.782	H1-14-1.780	85.714	14	2	0	1	14	1	14	4.29e-06	26.1
H1-14-*.782	H1-14-*.764	78.571	14	3	0	1	14	1	14	7.85e-06	25.2
H1-14-*.782	H1-14-1.753	78.571	14	3	0	1	14	1	14	1.30e-05	24.8
H1-14-*.782	H1-14-1.761	78.571	14	3	0	1	14	1	14	1.34e-05	24.8
H1-14-*.782	H1-14-*.774	71.429	14	4	0	1	14	1	14	1.69e-05	24.4
H1-14-*.782	H1-14-1.756	71.429	14	4	0	1	14	1	14	2.07e-05	24.0
H1-14-*.782	H1-14-1.773	71.429	14	4	0	1	14	1	14	2.81e-05	24.0
H1-14-*.782	H1-14-*.755	71.429	14	4	0	1	14	1	14	2.81e-05	24.0
H1-14-*.782	H1-14-1.762	84.615	13	2	0	1	13	1	13	2.98e-05	23.5
H1-14-*.782	H1-14-1.770	71.429	14	4	0	1	14	1	14	3.39e-05	23.5
H1-14-*.782	H1-14-*.775	64.286	14	5	0	1	14	1	14	6.25e-05	22.7
H1-14-*.782	H1-14-1.757	76.923	13	3	0	1	13	1	13	6.70e-05	22.7
H1-14-*.782	H1-14-1.754	71.429	14	4	0	1	14	1	14	7.54e-05	22.7
H1-14-*.782	H1-14-1.771	71.429	14	4	0	1	14	1	14	8.68e-05	22.7
H1-14-*.782	H1-14-1.776	64.286	14	5	0	1	14	1	14	1.01e-04	22.3
H1-14-*.782	H1-14-1.760	71.429	14	4	0	1	14	1	14	1.71e-04	21.8
H1-14-*.782	H1-14-1.772	61.538	13	5	0	1	13	1	13	0.001	19.7
H1-14-*.782	H1-14-1.781	64.286	14	5	0	1	14	1	14	0.001	19.7
H1-14-*.782	H1-14-*.758	61.538	13	5	0	1	13	1	13	0.002	19.3
