H1-14-1.780	H1-14-1.759	92.857	14	1	0	1	14	1	14	2.49e-07	29.1
H1-14-1.780	H1-14-1.753	85.714	14	2	0	1	14	1	14	1.08e-06	27.4
H1-14-1.780	H1-14-1.771	85.714	14	2	0	1	14	1	14	2.56e-06	26.5
H1-14-1.780	H1-14-1.776	78.571	14	3	0	1	14	1	14	3.66e-06	26.1
H1-14-1.780	H1-14-*.782	85.714	14	2	0	1	14	1	14	3.83e-06	26.1
H1-14-1.780	H1-14-1.761	78.571	14	3	0	1	14	1	14	3.92e-06	25.7
H1-14-1.780	H1-14-*.764	78.571	14	3	0	1	14	1	14	5.15e-06	25.7
H1-14-1.780	H1-14-1.773	71.429	14	4	0	1	14	1	14	8.77e-06	24.8
H1-14-1.780	H1-14-*.755	71.429	14	4	0	1	14	1	14	8.77e-06	24.8
H1-14-1.780	H1-14-1.756	71.429	14	4	0	1	14	1	14	1.14e-05	24.8
H1-14-1.780	H1-14-1.770	71.429	14	4	0	1	14	1	14	1.36e-05	24.4
H1-14-1.780	H1-14-1.760	78.571	14	3	0	1	14	1	14	1.39e-05	24.4
H1-14-1.780	H1-14-*.774	71.429	14	4	0	1	14	1	14	1.44e-05	24.4
H1-14-1.780	H1-14-1.754	71.429	14	4	0	1	14	1	14	1.89e-05	24.0
H1-14-1.780	H1-14-1.757	76.923	13	3	0	1	13	1	13	3.36e-05	23.5
H1-14-1.780	H1-14-1.781	71.429	14	4	0	1	14	1	14	5.08e-05	23.1
H1-14-1.780	H1-14-1.763	64.286	14	5	0	1	14	1	14	7.14e-05	22.7
H1-14-1.780	H1-14-*.758	69.231	13	4	0	1	13	1	13	2.38e-04	21.4
H1-14-1.780	H1-14-1.772	61.538	13	5	0	1	13	1	13	0.001	19.3
