H1-13-1.747	H1-13-1.325	92.308	13	1	0	1	13	1	13	1.84e-05	27.4
H1-13-1.747	H1-13-1.106	84.615	13	2	0	1	13	1	13	4.79e-05	26.5
H1-13-1.747	H1-13-1.660	84.615	13	2	0	1	13	1	13	1.14e-04	25.7
H1-13-1.747	H1-13-1.29	84.615	13	2	0	1	13	1	13	1.36e-04	25.2
H1-13-1.747	H1-13-1.321	84.615	13	2	0	1	13	1	13	1.38e-04	25.2
H1-13-1.747	H1-13-1.399	84.615	13	2	0	1	13	1	13	1.73e-04	24.8
H1-13-1.747	H1-13-1.351	84.615	13	2	0	1	13	1	13	1.79e-04	24.8
H1-13-1.747	H1-13-1.385	84.615	13	2	0	1	13	1	13	1.88e-04	24.8
H1-13-1.747	H1-13-1.650	84.615	13	2	0	1	13	1	13	2.85e-04	24.4
H1-13-1.747	H1-13-1.102	84.615	13	2	0	1	13	1	13	3.10e-04	24.4
H1-13-1.747	H1-13-1.665	84.615	13	2	0	1	13	1	13	3.37e-04	24.4
H1-13-1.747	H1-13-1.249	76.923	13	3	0	1	13	1	13	3.41e-04	24.4
H1-13-1.747	H1-13-1.1	76.923	13	3	0	1	13	1	13	3.97e-04	24.0
H1-13-1.747	H1-13-1.383	84.615	13	2	0	1	13	1	13	4.02e-04	24.0
H1-13-1.747	H1-13-1.732	76.923	13	3	0	1	13	1	13	4.22e-04	24.0
H1-13-1.747	H1-13-1.222	84.615	13	2	0	1	13	1	13	4.47e-04	24.0
H1-13-1.747	H1-13-1.720	76.923	13	3	0	1	13	1	13	4.75e-04	24.0
H1-13-1.747	H1-13-1.156	84.615	13	2	0	1	13	1	13	5.74e-04	23.5
H1-13-1.747	H1-13-1.406	76.923	13	3	0	1	13	1	13	6.16e-04	23.5
H1-13-1.747	H1-13-1.457	76.923	13	3	0	1	13	1	13	6.54e-04	23.5
H1-13-1.747	H1-13-1.236	83.333	12	2	0	1	12	1	12	6.62e-04	23.5
H1-13-1.747	H1-13-1.453	84.615	13	2	0	1	13	1	13	7.36e-04	23.5
H1-13-1.747	H1-13-1.509	91.667	12	1	0	1	12	1	12	7.54e-04	23.5
H1-13-1.747	H1-13-1.188	76.923	13	3	0	1	13	1	13	8.09e-04	23.1
H1-13-1.747	H1-13-1.83	76.923	13	3	0	1	13	1	13	8.09e-04	23.1
H1-13-1.747	H1-13-1.661	76.923	13	3	0	1	13	1	13	8.19e-04	23.1
H1-13-1.747	H1-13-1.486	76.923	13	3	0	1	13	1	13	8.48e-04	23.1
H1-13-1.747	H1-13-1.316	76.923	13	3	0	1	13	1	13	8.58e-04	23.1
H1-13-1.747	H1-13-1.118	76.923	13	3	0	1	13	1	13	8.58e-04	23.1
H1-13-1.747	H1-13-1.141	76.923	13	3	0	1	13	1	13	8.79e-04	23.1
H1-13-1.747	H1-13-1.476	76.923	13	3	0	1	13	1	13	0.001	23.1
H1-13-1.747	H1-13-1.278	76.923	13	3	0	1	13	1	13	0.001	23.1
H1-13-1.747	H1-13-1.536	76.923	13	3	0	1	13	1	13	0.001	23.1
H1-13-1.747	H1-13-1.384	76.923	13	3	0	1	13	1	13	0.001	23.1
H1-13-1.747	H1-13-1.293	76.923	13	3	0	1	13	1	13	0.001	23.1
H1-13-1.747	H1-13-1.324	76.923	13	3	0	1	13	1	13	0.001	23.1
H1-13-1.747	H1-13-3.580	76.923	13	3	0	1	13	1	13	0.001	23.1
H1-13-1.747	H1-13-1.275	76.923	13	3	0	1	13	1	13	0.001	23.1
H1-13-1.747	H1-13-1.88	76.923	13	3	0	1	13	1	13	0.001	23.1
H1-13-1.747	H1-13-1.635	76.923	13	3	0	1	13	1	13	0.001	23.1
H1-13-1.747	H1-13-1.247	76.923	13	3	0	1	13	1	13	0.001	23.1
H1-13-1.747	H1-13-1.450	76.923	13	3	0	1	13	1	13	0.001	22.7
H1-13-1.747	H1-13-1.554	76.923	13	3	0	1	13	1	13	0.001	22.7
H1-13-1.747	H1-13-1.86	76.923	13	3	0	1	13	1	13	0.001	22.7
H1-13-1.747	H1-13-1.38	76.923	13	3	0	1	13	1	13	0.001	22.7
H1-13-1.747	H1-13-1.77	76.923	13	3	0	1	13	1	13	0.001	22.7
H1-13-1.747	H1-13-1.659	76.923	13	3	0	1	13	1	13	0.001	22.7
H1-13-1.747	H1-13-1.143	76.923	13	3	0	1	13	1	13	0.002	22.7
H1-13-1.747	H1-13-1.82	76.923	13	3	0	1	13	1	13	0.002	22.7
H1-13-1.747	H1-13-1.398	76.923	13	3	0	1	13	1	13	0.002	22.7
H1-13-1.747	H1-13-1.600	76.923	13	3	0	1	13	1	13	0.002	22.3
H1-13-1.747	H1-13-1.599	76.923	13	3	0	1	13	1	13	0.002	22.3
H1-13-1.747	H1-13-1.192	69.231	13	4	0	1	13	1	13	0.002	22.3
H1-13-1.747	H1-13-1.201	69.231	13	4	0	1	13	1	13	0.002	22.3
H1-13-1.747	H1-13-1.473	69.231	13	4	0	1	13	1	13	0.002	22.3
H1-13-1.747	H1-13-1.318	76.923	13	3	0	1	13	1	13	0.002	22.3
H1-13-1.747	H1-13-2.72	76.923	13	3	0	1	13	1	13	0.002	22.3
H1-13-1.747	H1-13-1.564	69.231	13	4	0	1	13	1	13	0.002	22.3
H1-13-1.747	H1-13-1.583	76.923	13	3	0	1	13	1	13	0.002	22.3
H1-13-1.747	H1-13-1.527	69.231	13	4	0	1	13	1	13	0.002	22.3
H1-13-1.747	H1-13-1.290	69.231	13	4	0	1	13	1	13	0.002	22.3
H1-13-1.747	H1-13-1.489	83.333	12	2	0	2	13	2	13	0.002	22.3
H1-13-1.747	H1-13-1.13	69.231	13	4	0	1	13	1	13	0.002	22.3
H1-13-1.747	H1-13-3.273	76.923	13	3	0	1	13	1	13	0.002	22.3
H1-13-1.747	H1-13-1.372	69.231	13	4	0	1	13	1	13	0.002	22.3
H1-13-1.747	H1-13-1.108	69.231	13	4	0	1	13	1	13	0.002	22.3
H1-13-1.747	H1-13-1.340	76.923	13	3	0	1	13	1	13	0.002	22.3
H1-13-1.747	H1-13-1.430	69.231	13	4	0	1	13	1	13	0.002	21.8
H1-13-1.747	H1-13-1.735	69.231	13	4	0	1	13	1	13	0.003	21.8
H1-13-1.747	H1-13-1.692	69.231	13	4	0	1	13	1	13	0.003	21.8
H1-13-1.747	H1-13-1.280	69.231	13	4	0	1	13	1	13	0.003	21.8
H1-13-1.747	H1-13-1.614	76.923	13	3	0	1	13	1	13	0.003	21.8
H1-13-1.747	H1-13-1.28	69.231	13	4	0	1	13	1	13	0.003	21.8
H1-13-1.747	H1-13-3.684	69.231	13	4	0	1	13	1	13	0.003	21.8
H1-13-1.747	H1-13-*.199	84.615	13	2	0	1	13	1	13	0.003	21.8
H1-13-1.747	H1-13-1.746	69.231	13	4	0	1	13	1	13	0.003	21.8
H1-13-1.747	H1-13-1.448	75.000	12	3	0	1	12	1	12	0.003	21.8
H1-13-1.747	H1-13-1.155	76.923	13	3	0	1	13	1	13	0.003	21.8
H1-13-1.747	H1-13-1.389	69.231	13	4	0	1	13	1	13	0.003	21.8
H1-13-1.747	H1-13-1.84	69.231	13	4	0	1	13	1	13	0.003	21.8
H1-13-1.747	H1-13-1.180	69.231	13	4	0	1	13	1	13	0.003	21.8
H1-13-1.747	H1-13-1.270	76.923	13	3	0	1	13	1	13	0.003	21.8
H1-13-1.747	H1-13-1.183	69.231	13	4	0	1	13	1	13	0.003	21.8
H1-13-1.747	H1-13-1.68	76.923	13	3	0	1	13	1	13	0.003	21.8
H1-13-1.747	H1-13-1.449	69.231	13	4	0	1	13	1	13	0.003	21.8
H1-13-1.747	H1-13-1.572	69.231	13	4	0	1	13	1	13	0.004	21.4
H1-13-1.747	H1-13-1.186	69.231	13	4	0	1	13	1	13	0.004	21.4
H1-13-1.747	H1-13-1.411	69.231	13	4	0	1	13	1	13	0.004	21.4
H1-13-1.747	H1-13-6.255	75.000	12	3	0	1	12	1	12	0.004	21.4
H1-13-1.747	H1-13-1.612	61.538	13	5	0	1	13	1	13	0.004	21.4
H1-13-1.747	H1-13-1.283	75.000	12	3	0	2	13	2	13	0.004	21.4
H1-13-1.747	H1-13-1.460	76.923	13	3	0	1	13	1	13	0.004	21.4
H1-13-1.747	H1-13-1.248	69.231	13	4	0	1	13	1	13	0.004	21.4
H1-13-1.747	H1-13-1.231	69.231	13	4	0	1	13	1	13	0.004	21.4
H1-13-1.747	H1-13-3.85	76.923	13	3	0	1	13	1	13	0.004	21.4
H1-13-1.747	H1-13-1.36	69.231	13	4	0	1	13	1	13	0.005	21.4
H1-13-1.747	H1-13-*.401	75.000	12	3	0	2	13	2	13	0.005	21.4
H1-13-1.747	H1-13-1.386	69.231	13	4	0	1	13	1	13	0.005	21.4
H1-13-1.747	H1-13-1.743	76.923	13	3	0	1	13	1	13	0.005	21.4
H1-13-1.747	H1-13-1.219	69.231	13	4	0	1	13	1	13	0.005	21.4
H1-13-1.747	H1-13-1.288	69.231	13	4	0	1	13	1	13	0.005	21.4
H1-13-1.747	H1-13-1.101	69.231	13	4	0	1	13	1	13	0.005	21.4
H1-13-1.747	H1-13-1.66	76.923	13	3	0	1	13	1	13	0.005	21.4
H1-13-1.747	H1-13-1.120	69.231	13	4	0	1	13	1	13	0.005	21.4
H1-13-1.747	H1-13-3.493	69.231	13	4	0	1	13	1	13	0.005	21.0
H1-13-1.747	H1-13-1.356	69.231	13	4	0	1	13	1	13	0.005	21.0
H1-13-1.747	H1-13-1.498	69.231	13	4	0	1	13	1	13	0.006	21.0
H1-13-1.747	H1-13-1.715	69.231	13	4	0	1	13	1	13	0.006	21.0
H1-13-1.747	H1-13-*.240	76.923	13	3	0	1	13	1	13	0.007	21.0
H1-13-1.747	H1-13-1.742	61.538	13	5	0	1	13	1	13	0.007	21.0
H1-13-1.747	H1-13-1.520	61.538	13	5	0	1	13	1	13	0.007	21.0
H1-13-1.747	H1-13-1.121	90.000	10	1	0	1	10	1	10	0.008	20.6
H1-13-1.747	H1-13-1.303	75.000	12	3	0	2	13	2	13	0.008	20.6
H1-13-1.747	H1-13-1.500	90.000	10	1	0	1	10	1	10	0.008	20.6
H1-13-1.747	H1-13-1.516	61.538	13	5	0	1	13	1	13	0.009	20.6
H1-13-1.747	H1-13-1.51	69.231	13	4	0	1	13	1	13	0.009	20.6
H1-13-1.747	H1-13-1.706	75.000	12	3	0	2	13	2	13	0.009	20.6
H1-13-1.747	H1-13-1.573	69.231	13	4	0	1	13	1	13	0.009	20.6
H1-13-1.747	H1-13-1.464	75.000	12	3	0	2	13	2	13	0.009	20.6
H1-13-1.747	H1-13-1.161	90.000	10	1	0	1	10	1	10	0.009	20.6
H1-13-1.747	H1-13-1.649	69.231	13	4	0	1	13	1	13	0.009	20.6
H1-13-1.747	H1-13-1.209	69.231	13	4	0	1	13	1	13	0.010	20.6
H1-13-1.747	H1-13-1.472	53.846	13	6	0	1	13	1	13	0.010	20.6
H1-13-1.747	H1-13-1.371	75.000	12	3	0	1	12	1	12	0.010	20.6
H1-13-1.747	H1-13-1.31	75.000	12	3	0	1	12	1	12	0.011	20.6
H1-13-1.747	H1-13-1.447	66.667	12	4	0	2	13	2	13	0.011	20.6
H1-13-1.747	H1-13-1.722	75.000	12	3	0	1	12	1	12	0.011	20.6
H1-13-1.747	H1-13-*.137	61.538	13	5	0	1	13	1	13	0.011	20.6
H1-13-1.747	H1-13-1.110	69.231	13	4	0	1	13	1	13	0.011	20.2
H1-13-1.747	H1-13-1.172	61.538	13	5	0	1	13	1	13	0.011	20.2
H1-13-1.747	H1-13-1.696	61.538	13	5	0	1	13	1	13	0.012	20.2
H1-13-1.747	H1-13-1.21	61.538	13	5	0	1	13	1	13	0.012	20.2
H1-13-1.747	H1-13-1.238	61.538	13	5	0	1	13	1	13	0.012	20.2
H1-13-1.747	H1-13-1.510	66.667	12	4	0	2	13	2	13	0.012	20.2
H1-13-1.747	H1-13-1.92	53.846	13	6	0	1	13	1	13	0.012	20.2
H1-13-1.747	H1-13-1.388	61.538	13	5	0	1	13	1	13	0.012	20.2
H1-13-1.747	H1-13-1.159	69.231	13	4	0	1	13	1	13	0.012	20.2
H1-13-1.747	H1-13-1.119	69.231	13	4	0	1	13	1	13	0.012	20.2
H1-13-1.747	H1-13-1.41	69.231	13	4	0	1	13	1	13	0.013	20.2
H1-13-1.747	H1-13-1.561	61.538	13	5	0	1	13	1	13	0.013	20.2
H1-13-1.747	H1-13-1.395	69.231	13	4	0	1	13	1	13	0.013	20.2
H1-13-1.747	H1-13-1.535	72.727	11	3	0	2	12	2	12	0.013	20.2
H1-13-1.747	H1-13-1.6	66.667	12	4	0	2	13	2	13	0.014	20.2
H1-13-1.747	H1-13-7.693	61.538	13	5	0	1	13	1	13	0.014	20.2
H1-13-1.747	H1-13-1.40	66.667	12	4	0	2	13	2	13	0.015	20.2
H1-13-1.747	H1-13-1.562	66.667	12	4	0	1	12	1	12	0.016	19.7
H1-13-1.747	H1-13-1.140	61.538	13	5	0	1	13	1	13	0.017	19.7
H1-13-1.747	H1-13-1.676	66.667	12	4	0	2	13	2	13	0.018	19.7
H1-13-1.747	H1-13-*.647	76.923	13	3	0	1	13	1	13	0.018	19.7
H1-13-1.747	H1-13-1.253	69.231	13	4	0	1	13	1	13	0.019	19.7
H1-13-1.747	H1-13-1.471	61.538	13	5	0	1	13	1	13	0.020	19.7
H1-13-1.747	H1-13-1.524	69.231	13	4	0	1	13	1	13	0.021	19.7
H1-13-1.747	H1-13-1.12	61.538	13	5	0	1	13	1	13	0.021	19.7
H1-13-1.747	H1-13-1.481	61.538	13	5	0	1	13	1	13	0.021	19.7
H1-13-1.747	H1-13-1.113	61.538	13	5	0	1	13	1	13	0.022	19.7
H1-13-1.747	H1-13-1.107	53.846	13	6	0	1	13	1	13	0.022	19.7
H1-13-1.747	H1-13-1.98	61.538	13	5	0	1	13	1	13	0.023	19.7
H1-13-1.747	H1-13-1.736	61.538	13	5	0	1	13	1	13	0.023	19.3
H1-13-1.747	H1-13-1.586	53.846	13	6	0	1	13	1	13	0.023	19.3
H1-13-1.747	H1-13-1.218	61.538	13	5	0	1	13	1	13	0.023	19.3
H1-13-1.747	H1-13-1.301	58.333	12	5	0	2	13	2	13	0.026	19.3
H1-13-1.747	H1-13-1.265	61.538	13	5	0	1	13	1	13	0.026	19.3
H1-13-1.747	H1-13-1.206	53.846	13	6	0	1	13	1	13	0.026	19.3
H1-13-1.747	H1-13-1.420	61.538	13	5	0	1	13	1	13	0.026	19.3
H1-13-1.747	H1-13-7.694	80.000	10	2	0	1	10	1	10	0.027	19.3
H1-13-1.747	H1-13-1.589	61.538	13	5	0	1	13	1	13	0.027	19.3
H1-13-1.747	H1-13-1.717	66.667	12	4	0	2	13	2	13	0.027	19.3
H1-13-1.747	H1-13-3.585	58.333	12	5	0	2	13	2	13	0.027	19.3
H1-13-1.747	H1-13-1.651	66.667	12	4	0	2	13	2	13	0.029	19.3
H1-13-1.747	H1-13-1.707	66.667	12	4	0	2	13	2	13	0.029	19.3
H1-13-1.747	H1-13-1.653	66.667	12	4	0	1	12	1	12	0.030	19.3
H1-13-1.747	H1-13-1.320	66.667	12	4	0	1	12	1	12	0.030	19.3
H1-13-1.747	H1-13-1.191	58.333	12	5	0	2	13	2	13	0.032	19.3
H1-13-1.747	H1-13-1.45	53.846	13	6	0	1	13	1	13	0.032	19.3
H1-13-1.747	H1-13-1.9	66.667	12	4	0	2	13	2	13	0.032	19.3
H1-13-1.747	H1-13-1.328	80.000	10	2	0	1	10	1	10	0.033	19.3
H1-13-1.747	H1-13-1.168	80.000	10	2	0	1	10	1	10	0.033	19.3
H1-13-1.747	H1-13-1.87	61.538	13	5	0	1	13	1	13	0.034	18.9
H1-13-1.747	H1-13-1.740	69.231	13	4	0	1	13	1	13	0.035	18.9
H1-13-1.747	H1-13-1.7	61.538	13	5	0	1	13	1	13	0.036	18.9
H1-13-1.747	H1-13-1.99	58.333	12	5	0	2	13	2	13	0.037	18.9
H1-13-1.747	H1-13-1.541	66.667	12	4	0	2	13	2	13	0.039	18.9
H1-13-1.747	H1-13-3.175	75.000	12	3	0	1	12	1	12	0.039	18.9
H1-13-1.747	H1-13-1.34	53.846	13	6	0	1	13	1	13	0.040	18.9
H1-13-1.747	H1-13-1.162	61.538	13	5	0	1	13	1	13	0.040	18.9
H1-13-1.747	H1-13-1.266	66.667	12	4	0	2	13	2	13	0.042	18.9
H1-13-1.747	H1-13-1.230	66.667	12	4	0	1	12	1	12	0.045	18.9
H1-13-1.747	H1-13-1.157	61.538	13	5	0	1	13	1	13	0.045	18.9
H1-13-1.747	H1-13-1.574	58.333	12	5	0	2	13	2	13	0.047	18.9
H1-13-1.747	H1-13-1.409	61.538	13	5	0	1	13	1	13	0.049	18.5
H1-13-1.747	H1-13-1.323	75.000	12	3	0	1	12	1	12	0.050	18.5
H1-13-1.747	H1-13-1.271	58.333	12	5	0	2	13	2	13	0.050	18.5
H1-13-1.747	H1-13-1.130	69.231	13	4	0	1	13	1	13	0.053	18.5
H1-13-1.747	H1-13-1.737	66.667	12	4	0	1	12	1	12	0.053	18.5
H1-13-1.747	H1-13-1.239	58.333	12	5	0	1	12	1	12	0.056	18.5
H1-13-1.747	H1-13-1.319	58.333	12	5	0	1	12	1	12	0.056	18.5
H1-13-1.747	H1-13-1.242	88.889	9	1	0	1	9	1	9	0.056	18.5
H1-13-1.747	H1-13-*.189	75.000	12	3	0	1	12	1	12	0.056	18.5
H1-13-1.747	H1-13-1.669	88.889	9	1	0	1	9	1	9	0.057	18.5
H1-13-1.747	H1-13-1.502	83.333	12	1	1	1	11	1	12	0.058	18.5
H1-13-1.747	H1-13-1.575	66.667	12	4	0	1	12	1	12	0.058	18.5
H1-13-1.747	H1-13-1.145	58.333	12	5	0	2	13	2	13	0.058	18.5
H1-13-1.747	H1-13-1.220	75.000	12	3	0	1	12	1	12	0.060	18.5
H1-13-1.747	H1-13-1.598	58.333	12	5	0	2	13	2	13	0.061	18.5
H1-13-1.747	H1-13-1.285	58.333	12	5	0	2	13	2	13	0.062	18.5
H1-13-1.747	H1-13-1.345	53.846	13	6	0	1	13	1	13	0.064	18.5
H1-13-1.747	H1-13-1.748	58.333	12	5	0	2	13	2	13	0.065	18.5
H1-13-1.747	H1-13-1.511	58.333	12	5	0	2	13	2	13	0.065	18.5
H1-13-1.747	H1-13-*.54	53.846	13	6	0	1	13	1	13	0.065	18.5
H1-13-1.747	H1-13-1.291	58.333	12	5	0	2	13	2	13	0.065	18.5
H1-13-1.747	H1-13-1.279	50.000	12	6	0	2	13	2	13	0.066	18.5
H1-13-1.747	H1-13-1.690	61.538	13	5	0	1	13	1	13	0.067	18.5
H1-13-1.747	H1-13-1.655	75.000	12	3	0	1	12	1	12	0.069	18.5
H1-13-1.747	H1-13-1.193	63.636	11	4	0	2	12	2	12	0.069	18.5
H1-13-1.747	H1-13-1.93	53.846	13	6	0	1	13	1	13	0.069	18.5
H1-13-1.747	H1-13-1.350	58.333	12	5	0	2	13	2	13	0.073	18.0
H1-13-1.747	H1-13-1.50	58.333	12	5	0	2	13	2	13	0.074	18.0
H1-13-1.747	H1-13-1.741	61.538	13	5	0	1	13	1	13	0.079	18.0
H1-13-1.747	H1-13-*.123	61.538	13	5	0	1	13	1	13	0.081	18.0
H1-13-1.747	H1-13-1.314	66.667	12	4	0	1	12	1	12	0.084	18.0
H1-13-1.747	H1-13-1.664	58.333	12	5	0	2	13	2	13	0.085	18.0
H1-13-1.747	H1-13-1.750	58.333	12	5	0	1	12	1	12	0.086	18.0
H1-13-1.747	H1-13-1.89	63.636	11	4	0	2	12	2	12	0.086	18.0
H1-13-1.747	H1-13-1.158	66.667	12	4	0	1	12	1	12	0.087	18.0
H1-13-1.747	H1-13-1.309	54.545	11	5	0	2	12	2	12	0.090	18.0
H1-13-1.747	H1-13-1.594	53.846	13	6	0	1	13	1	13	0.093	18.0
H1-13-1.747	H1-13-1.459	58.333	12	5	0	2	13	2	13	0.095	18.0
H1-13-1.747	H1-13-*.552	63.636	11	4	0	2	12	2	12	0.098	18.0
H1-13-1.747	H1-13-1.415	58.333	12	5	0	2	13	2	13	0.098	18.0
H1-13-1.747	H1-13-1.69	46.154	13	7	0	1	13	1	13	0.098	18.0
H1-13-1.747	H1-13-1.752	58.333	12	5	0	2	13	2	13	0.10	18.0
H1-13-1.747	H1-13-1.443	58.333	12	5	0	1	12	1	12	0.10	18.0
H1-13-1.747	H1-13-1.417	72.727	11	3	0	2	12	2	12	0.10	18.0
H1-13-1.747	H1-13-1.64	53.846	13	6	0	1	13	1	13	0.10	18.0
H1-13-1.747	H1-13-1.390	63.636	11	4	0	2	12	2	12	0.10	17.6
H1-13-1.747	H1-13-*.144	63.636	11	4	0	2	12	2	12	0.10	17.6
H1-13-1.747	H1-13-*.413	58.333	12	5	0	1	12	1	12	0.11	17.6
H1-13-1.747	H1-13-4.738	70.000	10	3	0	1	10	1	10	0.11	17.6
H1-13-1.747	H1-13-1.724	53.846	13	6	0	1	13	1	13	0.11	17.6
H1-13-1.747	H1-13-1.543	58.333	12	5	0	2	13	2	13	0.11	17.6
H1-13-1.747	H1-13-1.354	66.667	12	4	0	2	13	2	13	0.12	17.6
H1-13-1.747	H1-13-1.322	50.000	12	6	0	2	13	2	13	0.12	17.6
H1-13-1.747	H1-13-1.292	53.846	13	6	0	1	13	1	13	0.12	17.6
H1-13-1.747	H1-13-1.30	61.538	13	5	0	1	13	1	13	0.13	17.6
H1-13-1.747	H1-13-*.306	53.846	13	6	0	1	13	1	13	0.13	17.6
H1-13-1.747	H1-13-1.632	58.333	12	5	0	2	13	2	13	0.14	17.6
H1-13-1.747	H1-13-*.662	61.538	13	5	0	1	13	1	13	0.14	17.6
H1-13-1.747	H1-13-1.567	58.333	12	5	0	2	13	2	13	0.14	17.6
H1-13-1.747	H1-13-1.628	53.846	13	6	0	1	13	1	13	0.14	17.6
H1-13-1.747	H1-13-1.339	58.333	12	5	0	1	12	1	12	0.14	17.6
H1-13-1.747	H1-13-1.329	58.333	12	5	0	1	12	1	12	0.14	17.6
H1-13-1.747	H1-13-1.559	58.333	12	5	0	1	12	1	12	0.14	17.6
H1-13-1.747	H1-13-3.418	75.000	12	3	0	1	12	1	12	0.15	17.2
H1-13-1.747	H1-13-*.479	50.000	12	6	0	2	13	2	13	0.15	17.2
H1-13-1.747	H1-13-1.237	50.000	12	6	0	2	13	2	13	0.16	17.2
H1-13-1.747	H1-13-1.630	77.778	9	2	0	2	10	2	10	0.17	17.2
H1-13-1.747	H1-13-1.581	63.636	11	4	0	2	12	2	12	0.17	17.2
H1-13-1.747	H1-13-1.10	77.778	9	2	0	2	10	2	10	0.17	17.2
H1-13-1.747	H1-13-1.317	53.846	13	6	0	1	13	1	13	0.17	17.2
H1-13-1.747	H1-13-1.454	54.545	11	5	0	2	12	2	12	0.17	17.2
H1-13-1.747	H1-13-1.397	87.500	8	1	0	1	8	1	8	0.18	17.2
H1-13-1.747	H1-13-1.392	63.636	11	4	0	2	12	2	12	0.18	17.2
H1-13-1.747	H1-13-1.11	50.000	12	6	0	2	13	2	13	0.18	17.2
H1-13-1.747	H1-13-1.181	77.778	9	2	0	1	9	1	9	0.18	17.2
H1-13-1.747	H1-13-1.641	50.000	12	6	0	2	13	2	13	0.19	17.2
H1-13-1.747	H1-13-1.312	75.000	12	2	1	1	11	1	12	0.19	17.2
H1-13-1.747	H1-13-1.551	63.636	11	4	0	2	12	2	12	0.20	17.2
H1-13-1.747	H1-13-1.534	50.000	12	6	0	2	13	2	13	0.21	17.2
H1-13-1.747	H1-13-1.295	46.154	13	7	0	1	13	1	13	0.22	16.8
H1-13-1.747	H1-13-1.739	50.000	12	6	0	2	13	2	13	0.25	16.8
H1-13-1.747	H1-13-1.217	63.636	11	4	0	2	12	2	12	0.25	16.8
H1-13-1.747	H1-13-4.211	58.333	12	5	0	2	13	2	13	0.26	16.8
H1-13-1.747	H1-13-1.245	63.636	11	4	0	2	12	2	12	0.27	16.8
H1-13-1.747	H1-13-1.569	63.636	11	4	0	2	12	2	12	0.27	16.8
H1-13-1.747	H1-13-1.353	54.545	11	5	0	2	12	2	12	0.27	16.8
H1-13-1.747	H1-13-1.643	58.333	12	5	0	2	13	2	13	0.28	16.8
H1-13-1.747	H1-13-1.198	50.000	12	6	0	2	13	2	13	0.28	16.8
H1-13-1.747	H1-13-1.173	50.000	12	6	0	2	13	2	13	0.29	16.8
H1-13-1.747	H1-13-1.532	54.545	11	5	0	2	12	2	12	0.29	16.8
H1-13-1.747	H1-13-1.631	50.000	12	6	0	1	12	1	12	0.29	16.8
H1-13-1.747	H1-13-1.179	54.545	11	5	0	2	12	2	12	0.29	16.8
H1-13-1.747	H1-13-1.257	54.545	11	5	0	2	12	2	12	0.31	16.3
H1-13-1.747	H1-13-4.67	54.545	11	5	0	2	12	2	12	0.32	16.3
H1-13-1.747	H1-13-*.234	66.667	12	4	0	1	12	1	12	0.33	16.3
H1-13-1.747	H1-13-1.556	46.154	13	7	0	1	13	1	13	0.34	16.3
H1-13-1.747	H1-13-1.19	53.846	13	6	0	1	13	1	13	0.34	16.3
H1-13-1.747	H1-13-2.42	50.000	12	6	0	2	13	2	13	0.35	16.3
H1-13-1.747	H1-13-3.277	72.727	11	3	0	2	12	2	12	0.35	16.3
H1-13-1.747	H1-13-1.451	54.545	11	5	0	2	12	2	12	0.36	16.3
H1-13-1.747	H1-13-1.326	54.545	11	5	0	2	12	2	12	0.36	16.3
H1-13-1.747	H1-13-1.281	63.636	11	4	0	2	12	2	12	0.37	16.3
H1-13-1.747	H1-13-1.109	66.667	9	3	0	2	10	2	10	0.37	16.3
H1-13-1.747	H1-13-*.587	54.545	11	5	0	2	12	2	12	0.37	16.3
H1-13-1.747	H1-13-1.458	50.000	12	6	0	2	13	2	13	0.37	16.3
H1-13-1.747	H1-13-1.229	54.545	11	5	0	2	12	2	12	0.37	16.3
H1-13-1.747	H1-13-1.555	46.154	13	7	0	1	13	1	13	0.39	16.3
H1-13-1.747	H1-13-1.419	54.545	11	5	0	2	12	2	12	0.39	16.3
H1-13-1.747	H1-13-1.46	66.667	9	3	0	2	10	2	10	0.39	16.3
H1-13-1.747	H1-13-1.55	54.545	11	5	0	2	12	2	12	0.40	16.3
H1-13-1.747	H1-13-1.602	54.545	11	5	0	2	12	2	12	0.42	16.3
H1-13-1.747	H1-13-1.514	54.545	11	5	0	2	12	2	12	0.42	16.3
H1-13-1.747	H1-13-1.76	54.545	11	5	0	2	12	2	12	0.42	16.3
H1-13-1.747	H1-13-1.17	50.000	12	6	0	2	13	2	13	0.43	16.3
H1-13-1.747	H1-13-1.408	50.000	12	6	0	2	13	2	13	0.43	16.3
H1-13-1.747	H1-13-1.638	66.667	9	3	0	2	10	2	10	0.45	15.9
H1-13-1.747	H1-13-1.622	58.333	12	5	0	2	13	2	13	0.45	15.9
H1-13-1.747	H1-13-1.311	66.667	12	4	0	1	12	1	12	0.45	15.9
H1-13-1.747	H1-13-1.367	46.154	13	7	0	1	13	1	13	0.46	15.9
H1-13-1.747	H1-13-1.272	54.545	11	5	0	2	12	2	12	0.46	15.9
H1-13-1.747	H1-13-1.20	58.333	12	5	0	2	13	2	13	0.46	15.9
H1-13-1.747	H1-13-1.361	61.538	13	5	0	1	13	1	13	0.47	15.9
H1-13-1.747	H1-13-*.223	53.846	13	6	0	1	13	1	13	0.47	15.9
H1-13-1.747	H1-13-1.331	58.333	12	5	0	2	13	2	13	0.48	15.9
H1-13-1.747	H1-13-1.235	58.333	12	5	0	1	12	1	12	0.48	15.9
H1-13-1.747	H1-13-1.129	50.000	12	6	0	2	13	2	13	0.48	15.9
H1-13-1.747	H1-13-*.289	66.667	9	3	0	2	10	2	10	0.48	15.9
H1-13-1.747	H1-13-1.431	63.636	11	4	0	2	12	2	12	0.49	15.9
H1-13-1.747	H1-13-1.465	50.000	12	6	0	1	12	1	12	0.51	15.9
H1-13-1.747	H1-13-*.495	63.636	11	4	0	2	12	2	12	0.52	15.9
H1-13-1.747	H1-13-2.716	58.333	12	5	0	1	12	1	12	0.52	15.9
H1-13-1.747	H1-13-4.627	54.545	11	5	0	2	12	2	12	0.54	15.9
H1-13-1.747	H1-13-1.381	46.154	13	7	0	1	13	1	13	0.57	15.9
H1-13-1.747	H1-13-1.703	66.667	9	3	0	2	10	2	10	0.57	15.9
H1-13-1.747	H1-13-1.396	50.000	12	6	0	2	13	2	13	0.58	15.9
H1-13-1.747	H1-13-1.136	46.154	13	7	0	1	13	1	13	0.58	15.9
H1-13-1.747	H1-13-*.424	63.636	11	4	0	2	12	2	12	0.59	15.9
H1-13-1.747	H1-13-1.37	54.545	11	5	0	2	12	2	12	0.59	15.9
H1-13-1.747	H1-13-1.629	66.667	9	3	0	2	10	2	10	0.61	15.9
H1-13-1.747	H1-13-1.73	50.000	12	6	0	2	13	2	13	0.61	15.9
H1-13-1.747	H1-13-1.596	66.667	9	3	0	2	10	2	10	0.61	15.9
H1-13-1.747	H1-13-1.196	58.333	12	5	0	2	13	2	13	0.61	15.9
H1-13-1.747	H1-13-1.334	75.000	8	2	0	1	8	1	8	0.63	15.5
H1-13-1.747	H1-13-1.256	50.000	12	6	0	2	13	2	13	0.64	15.5
H1-13-1.747	H1-13-1.714	53.846	13	6	0	1	13	1	13	0.65	15.5
H1-13-1.747	H1-13-1.349	50.000	12	6	0	2	13	2	13	0.69	15.5
H1-13-1.747	H1-13-1.579	50.000	12	6	0	2	13	2	13	0.71	15.5
H1-13-1.747	H1-13-1.190	50.000	12	6	0	2	13	2	13	0.73	15.5
H1-13-1.747	H1-13-1.719	50.000	12	6	0	2	13	2	13	0.76	15.5
H1-13-1.747	H1-13-1.546	45.455	11	6	0	2	12	2	12	0.79	15.5
H1-13-1.747	H1-13-1.221	54.545	11	5	0	2	12	2	12	0.79	15.5
H1-13-1.747	H1-13-1.606	54.545	11	5	0	2	12	2	12	0.79	15.5
H1-13-1.747	H1-13-1.435	75.000	8	2	0	1	8	1	8	0.81	15.5
H1-13-1.747	H1-13-1.251	50.000	12	6	0	2	13	2	13	0.81	15.5
H1-13-1.747	H1-13-1.114	54.545	11	5	0	2	12	2	12	0.82	15.5
H1-13-1.747	H1-13-1.16	66.667	9	3	0	2	10	2	10	0.83	15.5
H1-13-1.747	H1-13-1.378	54.545	11	5	0	2	12	2	12	0.84	15.5
H1-13-1.747	H1-13-1.377	54.545	11	5	0	2	12	2	12	0.84	15.5
H1-13-1.747	H1-13-1.475	50.000	12	6	0	2	13	2	13	0.86	15.5
H1-13-1.747	H1-13-1.167	66.667	9	3	0	2	10	2	10	0.87	15.5
H1-13-1.747	H1-13-1.414	58.333	12	5	0	1	12	1	12	0.88	15.5
H1-13-1.747	H1-13-1.522	50.000	12	6	0	2	13	2	13	0.91	15.1
H1-13-1.747	H1-13-1.439	50.000	12	6	0	2	13	2	13	0.91	15.1
H1-13-1.747	H1-13-*.605	54.545	11	5	0	2	12	2	12	0.93	15.1
H1-13-1.747	H1-13-1.358	54.545	11	5	0	2	12	2	12	0.94	15.1
H1-13-1.747	H1-13-1.726	41.667	12	7	0	2	13	2	13	0.95	15.1
H1-13-1.747	H1-13-1.8	41.667	12	7	0	2	13	2	13	0.95	15.1
H1-13-1.747	H1-13-1.112	54.545	11	5	0	2	12	2	12	0.96	15.1
H1-13-1.747	H1-13-1.166	66.667	9	3	0	2	10	2	10	0.98	15.1
H1-13-1.747	H1-13-3.267	63.636	11	4	0	2	12	2	12	1.0	15.1
H1-13-1.747	H1-13-1.513	50.000	12	6	0	2	13	2	13	1.0	15.1
H1-13-1.747	H1-13-1.695	50.000	12	6	0	2	13	2	13	1.1	15.1
H1-13-1.747	H1-13-1.515	38.462	13	8	0	1	13	1	13	1.1	15.1
H1-13-1.747	H1-13-*.147	54.545	11	5	0	2	12	2	12	1.1	15.1
H1-13-1.747	H1-13-1.60	45.455	11	6	0	2	12	2	12	1.1	15.1
H1-13-1.747	H1-13-1.307	85.714	7	1	0	2	8	2	8	1.2	15.1
H1-13-1.747	H1-13-*.544	58.333	12	5	0	1	12	1	12	1.2	15.1
H1-13-1.747	H1-13-1.204	66.667	9	3	0	2	10	2	10	1.3	15.1
H1-13-1.747	H1-13-1.58	45.455	11	6	0	2	12	2	12	1.3	15.1
H1-13-1.747	H1-13-5.360	85.714	7	1	0	2	8	2	8	1.3	15.1
H1-13-1.747	H1-13-1.15	41.667	12	7	0	2	13	2	13	1.3	15.1
H1-13-1.747	H1-13-1.294	50.000	12	6	0	2	13	2	13	1.3	14.6
H1-13-1.747	H1-13-1.202	70.000	10	3	0	1	10	1	10	1.3	14.6
H1-13-1.747	H1-13-3.134	54.545	11	5	0	2	12	2	12	1.3	14.6
H1-13-1.747	H1-13-*.462	50.000	12	6	0	2	13	2	13	1.4	14.6
H1-13-1.747	H1-13-1.636	66.667	9	3	0	2	10	2	10	1.5	14.6
H1-13-1.747	H1-13-1.348	50.000	10	5	0	3	12	3	12	1.5	14.6
H1-13-1.747	H1-13-1.205	50.000	12	6	0	2	13	2	13	1.5	14.6
H1-13-1.747	H1-13-1.611	54.545	11	5	0	2	12	2	12	1.5	14.6
H1-13-1.747	H1-13-1.697	50.000	12	6	0	2	13	2	13	1.6	14.6
H1-13-1.747	H1-13-1.595	54.545	11	5	0	2	12	2	12	1.6	14.6
H1-13-1.747	H1-13-*.568	50.000	12	6	0	2	13	2	13	1.6	14.6
H1-13-1.747	H1-13-1.478	46.154	13	7	0	1	13	1	13	1.6	14.6
H1-13-1.747	H1-13-*.393	41.667	12	7	0	2	13	2	13	1.7	14.6
H1-13-1.747	H1-13-1.368	41.667	12	7	0	2	13	2	13	1.8	14.6
H1-13-1.747	H1-13-6.667	54.545	11	5	0	2	12	2	12	1.8	14.6
H1-13-1.747	H1-13-1.133	50.000	12	6	0	2	13	2	13	1.8	14.6
H1-13-1.747	H1-13-*.116	70.000	10	3	0	1	10	1	10	1.9	14.2
H1-13-1.747	H1-13-1.620	50.000	12	6	0	1	12	1	12	2.0	14.2
H1-13-1.747	H1-13-4.330	50.000	12	6	0	2	13	2	13	2.0	14.2
H1-13-1.747	H1-13-1.584	62.500	8	3	0	3	10	3	10	2.0	14.2
H1-13-1.747	H1-13-1.355	54.545	11	5	0	2	12	2	12	2.0	14.2
H1-13-1.747	H1-13-3.570	54.545	11	5	0	2	12	2	12	2.2	14.2
H1-13-1.747	H1-13-3.300	66.667	9	3	0	2	10	2	10	2.5	14.2
H1-13-1.747	H1-13-1.213	50.000	12	6	0	2	13	2	13	2.6	14.2
H1-13-1.747	H1-13-1.517	71.429	7	2	0	2	8	2	8	2.6	14.2
H1-13-1.747	H1-13-1.124	41.667	12	7	0	2	13	2	13	2.8	13.8
H1-13-1.747	H1-13-1.61	41.667	12	7	0	2	13	2	13	2.8	13.8
H1-13-1.747	H1-13-1.373	71.429	7	2	0	2	8	2	8	2.9	13.8
H1-13-1.747	H1-13-1.135	41.667	12	7	0	2	13	2	13	2.9	13.8
H1-13-1.747	H1-13-1.260	41.667	12	7	0	2	13	2	13	2.9	13.8
H1-13-1.747	H1-13-1.174	41.667	12	7	0	2	13	2	13	2.9	13.8
H1-13-1.747	H1-13-1.563	41.667	12	7	0	2	13	2	13	3.0	13.8
H1-13-1.747	H1-13-1.423	60.000	10	4	0	1	10	1	10	3.0	13.8
H1-13-1.747	H1-13-1.184	41.667	12	7	0	2	13	2	13	3.0	13.8
H1-13-1.747	H1-13-1.241	71.429	7	2	0	2	8	2	8	3.0	13.8
H1-13-1.747	H1-13-*.227	54.545	11	5	0	2	12	2	12	3.1	13.8
H1-13-1.747	H1-13-1.702	62.500	8	3	0	2	9	2	9	3.1	13.8
H1-13-1.747	H1-13-1.613	63.636	11	3	1	2	11	2	12	3.1	13.8
H1-13-1.747	H1-13-1.111	71.429	7	2	0	2	8	2	8	3.1	13.8
H1-13-1.747	H1-13-1.734	71.429	7	2	0	2	8	2	8	3.2	13.8
H1-13-1.747	H1-13-1.128	71.429	7	2	0	2	8	2	8	3.2	13.8
H1-13-1.747	H1-13-4.365	63.636	11	3	1	2	11	2	12	3.2	13.8
H1-13-1.747	H1-13-1.619	71.429	7	2	0	2	8	2	8	3.4	13.8
H1-13-1.747	H1-13-1.683	45.455	11	6	0	2	12	2	12	3.6	13.8
H1-13-1.747	H1-13-1.558	62.500	8	3	0	1	8	1	8	3.6	13.8
H1-13-1.747	H1-13-1.686	50.000	12	6	0	2	13	2	13	3.6	13.8
H1-13-1.747	H1-13-1.284	50.000	10	5	0	4	13	4	13	4.0	13.4
H1-13-1.747	H1-13-1.297	50.000	12	6	0	2	13	2	13	4.4	13.4
H1-13-1.747	H1-13-1.437	58.333	12	5	0	1	12	1	12	4.4	13.4
H1-13-1.747	H1-13-1.214	83.333	6	1	0	2	7	2	7	4.4	13.4
H1-13-1.747	H1-13-1.547	41.667	12	7	0	2	13	2	13	4.6	13.4
H1-13-1.747	H1-13-1.542	33.333	12	8	0	2	13	2	13	4.6	13.4
H1-13-1.747	H1-13-1.441	50.000	12	6	0	2	13	2	13	4.6	13.4
H1-13-1.747	H1-13-*.557	83.333	6	1	0	2	7	2	7	4.6	13.4
H1-13-1.747	H1-13-*.545	50.000	10	5	0	3	12	3	12	5.0	13.4
H1-13-1.747	H1-13-1.332	55.556	9	4	0	2	10	2	10	5.0	13.4
H1-13-1.747	H1-13-3.603	45.455	11	6	0	2	12	2	12	5.2	13.4
H1-13-1.747	H1-13-1.341	41.667	12	7	0	2	13	2	13	5.7	13.4
H1-13-1.747	H1-13-6.207	71.429	7	2	0	2	8	2	8	5.8	13.4
H1-13-1.747	H1-13-5.652	66.667	9	3	0	2	10	2	10	6.1	12.9
H1-13-1.747	H1-13-1.626	50.000	12	6	0	2	13	2	13	6.2	12.9
H1-13-1.747	H1-13-4.550	55.556	9	4	0	2	10	2	10	6.3	12.9
H1-13-1.747	H1-13-3.745	41.667	12	7	0	1	12	1	12	6.8	12.9
H1-13-1.747	H1-13-1.146	41.667	12	7	0	2	13	2	13	6.9	12.9
H1-13-1.747	H1-13-*.299	45.455	11	6	0	2	12	2	12	7.3	12.9
H1-13-1.747	H1-13-*.338	58.333	12	5	0	1	12	1	12	7.4	12.9
H1-13-1.747	H1-13-6.208	70.000	10	2	1	2	11	2	10	7.6	12.9
H1-13-1.747	H1-13-1.81	33.333	12	8	0	2	13	2	13	8.0	12.9
H1-13-1.747	H1-13-1.203	83.333	6	1	0	2	7	2	7	8.2	12.9
H1-13-1.747	H1-13-1.43	36.364	11	7	0	2	12	2	12	8.2	12.9
H1-13-1.747	H1-13-*.525	38.462	13	8	0	1	13	1	13	8.3	12.9
H1-13-1.747	H1-13-*.455	45.455	11	6	0	2	12	2	12	8.4	12.9
H1-13-1.747	H1-13-*.531	45.455	11	6	0	2	12	2	12	10	12.5
H1-13-1.747	H1-13-1.215	50.000	12	6	0	2	13	2	13	11	12.5
H1-13-1.747	H1-13-*.688	45.455	11	6	0	2	12	2	12	12	12.5
H1-13-1.747	H1-13-*.571	45.455	11	6	0	2	12	2	12	12	12.5
H1-13-1.747	H1-13-*.445	45.455	11	6	0	2	12	2	12	12	12.5
H1-13-1.747	H1-13-1.264	44.444	9	5	0	2	10	2	10	13	12.1
H1-13-1.747	H1-13-1.252	41.667	12	7	0	2	13	2	13	13	12.1
H1-13-1.747	H1-13-1.22	66.667	6	2	0	3	8	3	8	13	12.1
H1-13-1.747	H1-13-3.699	45.455	11	6	0	2	12	2	12	14	12.1
H1-13-1.747	H1-13-1.477	44.444	9	5	0	2	10	2	10	14	12.1
H1-13-1.747	H1-13-*.604	100.000	5	0	0	2	6	2	6	15	12.1
H1-13-1.747	H1-13-1.187	66.667	6	2	0	2	7	2	7	20	11.7
H1-13-1.747	H1-13-5.645	83.333	6	1	0	2	7	2	7	21	11.7
H1-13-1.747	H1-13-1.470	41.667	12	7	0	2	13	2	13	22	11.7
H1-13-1.747	H1-13-*.494	66.667	9	3	0	2	10	2	10	23	11.7
H1-13-1.747	H1-13-1.615	41.667	12	7	0	2	13	2	13	23	11.7
H1-13-1.747	H1-13-1.608	41.667	12	7	0	2	13	2	13	24	11.7
H1-13-1.747	H1-13-2.232	41.667	12	7	0	1	12	1	12	25	11.7
H1-13-1.747	H1-13-1.226	45.455	11	6	0	2	12	2	12	26	11.7
H1-13-1.747	H1-13-1.637	41.667	12	7	0	1	12	1	12	28	11.2
H1-13-1.747	H1-13-1.194	41.667	12	7	0	2	13	2	13	29	11.2
H1-13-1.747	H1-13-1.576	33.333	12	8	0	2	13	2	13	29	11.2
H1-13-1.747	H1-13-1.480	50.000	12	6	0	2	13	2	13	36	11.2
H1-13-1.747	H1-13-1.528	55.556	9	4	0	2	10	2	10	39	11.2
H1-13-1.747	H1-13-1.132	41.667	12	7	0	2	13	2	13	46	10.8
H1-13-1.747	H1-13-1.607	33.333	12	8	0	2	13	2	13	61	10.4
H1-13-1.747	H1-13-1.691	41.667	12	7	0	2	13	2	13	62	10.4
H1-13-1.747	H1-13-2.346	45.455	11	6	0	2	12	2	12	64	10.4
H1-13-1.747	H1-13-5.164	100.000	4	0	0	2	5	2	5	74	10.4
H1-13-1.747	H1-13-6.342	100.000	4	0	0	2	5	2	5	78	10.4
H1-13-1.747	H1-13-1.3	33.333	12	8	0	2	13	2	13	84	10.0
H1-13-1.747	H1-13-1.621	41.667	12	7	0	2	13	2	13	119	10.0
H1-13-1.747	H1-13-1.497	41.667	12	7	0	2	13	2	13	216	 9.1
H1-13-1.747	H1-13-7.503	50.000	8	4	0	2	9	2	9	286	 8.7
H1-13-1.747	H1-13-7.463	50.000	8	4	0	2	9	2	9	290	 8.7
H1-13-1.747	H1-13-4.537	44.444	9	5	0	2	10	2	10	313	 8.7
