H2-10-6.1466	H2-10-1.1346	80.000	10	2	0	1	10	1	10	0.004	20.2
H2-10-6.1466	H2-10-1.970	80.000	10	2	0	1	10	1	10	0.006	19.7
H2-10-6.1466	H2-10-1.1444	77.778	9	2	0	1	9	1	9	0.015	18.9
H2-10-6.1466	H2-10-1.1226	80.000	10	2	0	1	10	1	10	0.017	18.5
H2-10-6.1466	H2-10-1.1122	70.000	10	3	0	1	10	1	10	0.071	17.2
H2-10-6.1466	H2-10-6.1362	70.000	10	3	0	1	10	1	10	0.079	16.8
H2-10-6.1466	H2-10-1.1330	60.000	10	4	0	1	10	1	10	0.091	16.8
H2-10-6.1466	H2-10-1.915	60.000	10	4	0	1	10	1	10	0.093	16.8
H2-10-6.1466	H2-10-6.906	60.000	10	4	0	1	10	1	10	0.093	16.8
H2-10-6.1466	H2-10-*.1115	60.000	10	4	0	1	10	1	10	0.097	16.8
H2-10-6.1466	H2-10-1.1428	60.000	10	4	0	1	10	1	10	0.11	16.3
H2-10-6.1466	H2-10-6.1380	60.000	10	4	0	1	10	1	10	0.16	16.3
H2-10-6.1466	H2-10-*.1078	60.000	10	4	0	1	10	1	10	0.18	15.9
H2-10-6.1466	H2-10-1.883	70.000	10	3	0	1	10	1	10	0.18	15.9
H2-10-6.1466	H2-10-*.1224	77.778	9	2	0	2	10	2	10	0.22	15.9
H2-10-6.1466	H2-10-6.1352	60.000	10	4	0	1	10	1	10	0.24	15.5
H2-10-6.1466	H2-10-1.1376	60.000	10	4	0	1	10	1	10	0.25	15.5
H2-10-6.1466	H2-10-1.1044	60.000	10	4	0	1	10	1	10	0.29	15.5
H2-10-6.1466	H2-10-1.1117	60.000	10	4	0	1	10	1	10	0.29	15.5
H2-10-6.1466	H2-10-1.829	55.556	9	4	0	1	9	1	9	0.31	15.5
H2-10-6.1466	H2-10-1.1135	66.667	9	3	0	2	10	2	10	0.32	15.5
H2-10-6.1466	H2-10-1.1034	60.000	10	4	0	1	10	1	10	0.34	15.1
H2-10-6.1466	H2-10-1.1331	55.556	9	4	0	1	9	1	9	0.46	15.1
H2-10-6.1466	H2-10-1.1457	66.667	9	3	0	2	10	2	10	0.48	15.1
H2-10-6.1466	H2-10-6.1378	66.667	9	3	0	2	10	2	10	0.50	14.6
H2-10-6.1466	H2-10-1.1204	50.000	10	5	0	1	10	1	10	0.58	14.6
H2-10-6.1466	H2-10-2.1292	75.000	8	2	0	2	9	2	9	0.62	14.6
H2-10-6.1466	H2-10-1.1187	50.000	10	5	0	1	10	1	10	0.62	14.6
H2-10-6.1466	H2-10-6.1089	75.000	8	2	0	2	9	2	9	0.68	14.6
H2-10-6.1466	H2-10-3.910	77.778	9	2	0	2	10	2	10	0.68	14.6
H2-10-6.1466	H2-10-1.897	55.556	9	4	0	1	9	1	9	0.68	14.6
H2-10-6.1466	H2-10-1.1266	50.000	10	5	0	1	10	1	10	0.79	14.2
H2-10-6.1466	H2-10-1.941	66.667	9	3	0	2	10	2	10	0.83	14.2
H2-10-6.1466	H2-10-1.1453	50.000	10	5	0	1	10	1	10	1.3	13.8
H2-10-6.1466	H2-10-1.1311	66.667	9	3	0	2	10	2	10	1.6	13.4
H2-10-6.1466	H2-10-1.928	60.000	10	4	0	1	10	1	10	1.6	13.4
H2-10-6.1466	H2-10-2.960	50.000	10	5	0	1	10	1	10	1.7	13.4
H2-10-6.1466	H2-10-1.1443	75.000	8	2	0	2	9	2	9	2.1	13.4
H2-10-6.1466	H2-10-4.999	66.667	9	3	0	2	10	2	10	2.1	13.4
H2-10-6.1466	H2-10-1.1344	66.667	9	3	0	1	9	1	9	2.1	13.4
H2-10-6.1466	H2-10-1.1433	66.667	9	3	0	2	10	2	10	2.2	13.4
H2-10-6.1466	H2-10-1.1136	66.667	9	3	0	2	10	2	10	2.2	13.4
H2-10-6.1466	H2-10-1.1108	66.667	9	3	0	2	10	2	10	2.2	13.4
H2-10-6.1466	H2-10-1.881	75.000	8	2	0	2	9	2	9	2.3	13.4
H2-10-6.1466	H2-10-1.1452	50.000	10	5	0	1	10	1	10	2.4	13.4
H2-10-6.1466	H2-10-1.1238	62.500	8	3	0	1	8	1	8	2.4	13.4
H2-10-6.1466	H2-10-2.1441	55.556	9	4	0	2	10	2	10	2.5	12.9
H2-10-6.1466	H2-10-1.1033	75.000	8	2	0	2	9	2	9	2.6	12.9
H2-10-6.1466	H2-10-1.1146	75.000	8	2	0	2	9	2	9	2.9	12.9
H2-10-6.1466	H2-10-6.1094	66.667	9	3	0	2	10	2	10	2.9	12.9
H2-10-6.1466	H2-10-5.1185	55.556	9	4	0	2	10	2	10	3.0	12.9
H2-10-6.1466	H2-10-6.1123	66.667	9	3	0	2	10	2	10	3.7	12.9
H2-10-6.1466	H2-10-1.1429	50.000	10	5	0	1	10	1	10	4.7	12.5
H2-10-6.1466	H2-10-2.1080	62.500	8	3	0	2	9	2	9	5.3	12.5
H2-10-6.1466	H2-10-1.1173	55.556	9	4	0	2	10	2	10	7.5	12.1
H2-10-6.1466	H2-10-6.948	62.500	8	3	0	2	9	2	9	7.5	12.1
H2-10-6.1466	H2-10-1.1109	66.667	9	3	0	2	10	2	10	7.9	12.1
H2-10-6.1466	H2-10-4.981	62.500	8	3	0	2	9	2	9	8.5	11.7
H2-10-6.1466	H2-10-1.1106	50.000	10	5	0	1	10	1	10	15	11.2
H2-10-6.1466	H2-10-1.1340	50.000	10	5	0	1	10	1	10	16	11.2
H2-10-6.1466	H2-10-1.1031	55.556	9	4	0	2	10	2	10	20	10.8
H2-10-6.1466	H2-10-2.1322	62.500	8	3	0	2	9	2	9	27	10.8
H2-10-6.1466	H2-10-2.1339	44.444	9	5	0	2	10	2	10	33	10.4
H2-10-6.1466	H2-10-1.1016	55.556	9	4	0	2	10	2	10	35	10.4
H2-10-6.1466	H2-10-2.1125	80.000	5	1	0	5	9	5	9	39	10.4
H2-10-6.1466	H2-10-2.893	55.556	9	4	0	1	9	1	9	48	10.0
H2-10-6.1466	H2-10-*.1430	66.667	6	2	0	5	10	5	10	54	10.0
H2-10-6.1466	H2-10-2.1414	55.556	9	4	0	2	10	2	10	100	 9.1
