H1-14-*.782	H1-14-1.759	85.714	14	2	0	1	14	1	14	1.42e-06	27.4
H1-14-*.782	H1-14-1.780	85.714	14	2	0	1	14	1	14	4.45e-06	26.1
H1-14-*.782	H1-14-*.764	78.571	14	3	0	1	14	1	14	8.13e-06	25.2
H1-14-*.782	H1-14-1.753	78.571	14	3	0	1	14	1	14	1.35e-05	24.8
H1-14-*.782	H1-14-1.761	78.571	14	3	0	1	14	1	14	1.38e-05	24.8
H1-14-*.782	H1-14-*.774	71.429	14	4	0	1	14	1	14	1.75e-05	24.4
H1-14-*.782	H1-14-1.756	71.429	14	4	0	1	14	1	14	2.14e-05	24.0
H1-14-*.782	H1-14-1.773	71.429	14	4	0	1	14	1	14	2.91e-05	24.0
H1-14-*.782	H1-14-*.755	71.429	14	4	0	1	14	1	14	2.91e-05	24.0
H1-14-*.782	H1-14-1.762	84.615	13	2	0	1	13	1	13	3.08e-05	23.5
H1-14-*.782	H1-14-1.770	71.429	14	4	0	1	14	1	14	3.51e-05	23.5
H1-14-*.782	H1-14-*.775	64.286	14	5	0	1	14	1	14	6.47e-05	22.7
H1-14-*.782	H1-14-1.757	76.923	13	3	0	1	13	1	13	6.94e-05	22.7
H1-14-*.782	H1-14-1.754	71.429	14	4	0	1	14	1	14	7.81e-05	22.7
H1-14-*.782	H1-14-1.771	71.429	14	4	0	1	14	1	14	8.98e-05	22.7
H1-14-*.782	H1-14-1.776	64.286	14	5	0	1	14	1	14	1.05e-04	22.3
H1-14-*.782	H1-14-1.760	71.429	14	4	0	1	14	1	14	1.77e-04	21.8
H1-14-*.782	H1-14-1.763	64.286	14	5	0	1	14	1	14	3.40e-04	21.0
H1-14-*.782	H1-14-1.772	61.538	13	5	0	1	13	1	13	0.001	19.7
H1-14-*.782	H1-14-1.781	64.286	14	5	0	1	14	1	14	0.001	19.7
H1-14-*.782	H1-14-*.758	61.538	13	5	0	1	13	1	13	0.002	19.3
