H2-10-1.1455	H2-10-3.956	80.000	10	2	0	1	10	1	10	0.005	20.2
H2-10-1.1455	H2-10-3.1166	80.000	10	2	0	1	10	1	10	0.010	19.3
H2-10-1.1455	H2-10-1.1245	70.000	10	3	0	1	10	1	10	0.012	19.3
H2-10-1.1455	H2-10-3.957	70.000	10	3	0	1	10	1	10	0.038	17.6
H2-10-1.1455	H2-10-1.878	60.000	10	4	0	1	10	1	10	0.048	17.6
H2-10-1.1455	H2-10-1.1143	77.778	9	2	0	2	10	2	10	0.051	17.6
H2-10-1.1455	H2-10-3.1035	77.778	9	2	0	2	10	2	10	0.059	17.2
H2-10-1.1455	H2-10-1.841	60.000	10	4	0	1	10	1	10	0.062	17.2
H2-10-1.1455	H2-10-1.891	77.778	9	2	0	1	9	1	9	0.073	17.2
H2-10-1.1455	H2-10-1.889	60.000	10	4	0	1	10	1	10	0.15	16.3
H2-10-1.1455	H2-10-*.1318	60.000	10	4	0	1	10	1	10	0.17	15.9
H2-10-1.1455	H2-10-3.1086	50.000	10	5	0	1	10	1	10	0.18	15.9
H2-10-1.1455	H2-10-1.911	77.778	9	2	0	1	9	1	9	0.19	15.9
H2-10-1.1455	H2-10-1.826	77.778	9	2	0	1	9	1	9	0.19	15.9
H2-10-1.1455	H2-10-3.847	60.000	10	4	0	1	10	1	10	0.20	15.9
H2-10-1.1455	H2-10-1.947	60.000	10	4	0	1	10	1	10	0.26	15.5
H2-10-1.1455	H2-10-*.1067	66.667	9	3	0	2	10	2	10	0.28	15.5
H2-10-1.1455	H2-10-3.995	66.667	9	3	0	1	9	1	9	0.30	15.5
H2-10-1.1455	H2-10-1.1390	66.667	9	3	0	2	10	2	10	0.32	15.5
H2-10-1.1455	H2-10-1.1135	60.000	10	4	0	1	10	1	10	0.38	15.1
H2-10-1.1455	H2-10-1.919	66.667	9	3	0	1	9	1	9	0.58	14.6
H2-10-1.1455	H2-10-1.1156	71.429	7	2	0	1	7	1	7	0.67	14.6
H2-10-1.1455	H2-10-1.832	71.429	7	2	0	1	7	1	7	0.74	14.2
H2-10-1.1455	H2-10-1.986	50.000	10	5	0	1	10	1	10	0.75	14.2
H2-10-1.1455	H2-10-1.1456	66.667	9	3	0	2	10	2	10	0.77	14.2
H2-10-1.1455	H2-10-1.1103	66.667	9	3	0	2	10	2	10	0.89	14.2
H2-10-1.1455	H2-10-1.949	66.667	9	3	0	2	10	2	10	1.00	14.2
H2-10-1.1455	H2-10-1.824	77.778	9	2	0	2	10	2	10	1.1	13.8
H2-10-1.1455	H2-10-1.1109	50.000	10	5	0	1	10	1	10	1.2	13.8
H2-10-1.1455	H2-10-1.1211	66.667	9	3	0	2	10	2	10	1.3	13.8
H2-10-1.1455	H2-10-6.1123	60.000	10	4	0	1	10	1	10	1.4	13.8
H2-10-1.1455	H2-10-1.1278	55.556	9	4	0	2	10	2	10	1.8	13.4
H2-10-1.1455	H2-10-1.1160	66.667	9	3	0	2	10	2	10	1.8	13.4
H2-10-1.1455	H2-10-*.1224	66.667	9	3	0	2	10	2	10	2.6	12.9
H2-10-1.1455	H2-10-2.974	71.429	7	2	0	1	7	1	7	2.7	12.9
H2-10-1.1455	H2-10-*.972	62.500	8	3	0	2	9	2	9	2.8	12.9
H2-10-1.1455	H2-10-1.946	66.667	9	3	0	2	10	2	10	5.2	12.5
H2-10-1.1455	H2-10-1.1212	55.556	9	4	0	2	10	2	10	6.1	12.1
H2-10-1.1455	H2-10-1.1145	66.667	6	2	0	2	7	2	7	6.8	12.1
H2-10-1.1455	H2-10-1.900	66.667	9	3	0	2	10	2	10	14	11.2
H2-10-1.1455	H2-10-1.1413	80.000	5	1	0	5	9	5	9	31	10.4
H2-10-1.1455	H2-10-2.1073	55.556	9	4	0	2	10	2	10	51	10.0
H2-10-1.1455	H2-10-1.1187	80.000	5	1	0	6	10	6	10	152	 8.7
