H1-14-1.781	H1-14-1.760	92.857	14	1	0	1	14	1	14	5.31e-07	28.2
H1-14-1.781	H1-14-1.753	78.571	14	3	0	1	14	1	14	1.61e-05	24.4
H1-14-1.781	H1-14-1.759	71.429	14	4	0	1	14	1	14	2.87e-05	23.5
H1-14-1.781	H1-14-1.776	71.429	14	4	0	1	14	1	14	5.95e-05	22.7
H1-14-1.781	H1-14-*.758	64.286	14	5	0	1	14	1	14	6.02e-05	22.7
H1-14-1.781	H1-14-1.761	71.429	14	4	0	1	14	1	14	1.12e-04	21.8
H1-14-1.781	H1-14-*.764	71.429	14	4	0	1	14	1	14	1.23e-04	21.8
H1-14-1.781	H1-14-*.755	64.286	14	5	0	1	14	1	14	1.90e-04	21.4
H1-14-1.781	H1-14-*.774	64.286	14	5	0	1	14	1	14	1.92e-04	21.4
H1-14-1.781	H1-14-1.756	64.286	14	5	0	1	14	1	14	3.43e-04	20.6
H1-14-1.781	H1-14-*.775	57.143	14	6	0	1	14	1	14	3.68e-04	20.6
H1-14-1.781	H1-14-1.762	64.286	14	5	0	1	14	1	14	4.86e-04	20.6
H1-14-1.781	H1-14-1.772	61.538	13	5	0	1	13	1	13	5.03e-04	20.2
H1-14-1.781	H1-14-*.782	64.286	14	5	0	1	14	1	14	0.001	19.7
H1-14-1.781	H1-14-1.771	57.143	14	6	0	1	14	1	14	0.001	19.3
H1-14-1.781	H1-14-1.757	61.538	13	5	0	1	13	1	13	0.001	19.3
H1-14-1.781	H1-14-1.763	57.143	14	6	0	1	14	1	14	0.002	18.9
