H1-15-1.799	H1-15-1.788	93.333	15	1	0	1	15	1	15	2.15e-06	27.4
H1-15-1.799	H1-15-1.789	93.333	15	1	0	1	15	1	15	3.40e-06	26.5
H1-15-1.799	H1-15-1.805	86.667	15	2	0	1	15	1	15	4.31e-06	26.5
H1-15-1.799	H1-15-1.802	100.000	14	0	0	1	14	1	14	4.68e-06	26.5
H1-15-1.799	H1-15-1.801	86.667	15	2	0	1	15	1	15	1.43e-05	25.2
H1-15-1.799	H1-15-1.803	92.857	14	1	0	1	14	1	14	1.57e-05	24.8
H1-15-1.799	H1-15-1.785	80.000	15	3	0	1	15	1	15	2.76e-05	24.4
H1-15-1.799	H1-15-1.804	85.714	14	2	0	1	14	1	14	3.22e-05	24.0
H1-15-1.799	H1-15-1.816	80.000	15	3	0	1	15	1	15	3.66e-05	24.0
H1-15-1.799	H1-15-1.815	85.714	14	2	0	1	14	1	14	6.49e-05	23.5
H1-15-1.799	H1-15-1.784	85.714	14	2	0	1	14	1	14	6.72e-05	23.1
H1-15-1.799	H1-15-1.800	84.615	13	2	0	3	15	3	15	2.84e-04	21.8
H1-15-1.799	H1-15-1.787	66.667	15	5	0	1	15	1	15	3.38e-04	21.4
H1-15-1.799	H1-15-1.814	83.333	12	2	0	3	14	3	14	3.46e-04	21.4
H1-15-1.799	H1-15-1.798	73.333	15	4	0	1	15	1	15	8.50e-04	20.6
H1-15-1.799	H1-15-1.812	76.923	13	3	0	3	15	3	15	0.002	19.7
H1-15-1.799	H1-15-1.811	71.429	14	4	0	1	14	1	14	0.002	19.3
H1-15-1.799	H1-15-*.793	64.286	14	5	0	1	14	1	14	0.005	18.5
H1-15-1.799	H1-15-1.795	64.286	14	5	0	1	14	1	14	0.006	18.0
H1-15-1.799	H1-15-1.783	66.667	6	2	0	3	8	3	8	3.1	10.8
H1-15-1.799	H1-15-1.791	75.000	8	2	0	8	15	8	15	5.2	10.4
H1-15-1.799	H1-15-1.818	57.143	7	3	0	8	14	1	7	28	 8.3
H1-15-1.799	H1-15-1.797	80.000	5	1	0	10	14	3	7	28	 8.3
H1-15-1.799	H1-15-1.810	80.000	5	1	0	10	14	3	7	30	 8.3
H1-15-1.799	H1-15-*.820	80.000	5	1	0	10	14	3	7	31	 8.3
