H1-14-*.774	H1-14-1.773	92.857	14	1	0	1	14	1	14	5.98e-07	28.2
H1-14-*.774	H1-14-1.753	85.714	14	2	0	1	14	1	14	1.72e-06	26.9
H1-14-*.774	H1-14-*.764	85.714	14	2	0	1	14	1	14	1.87e-06	26.9
H1-14-*.774	H1-14-1.761	85.714	14	2	0	1	14	1	14	1.99e-06	26.9
H1-14-*.774	H1-14-1.756	78.571	14	3	0	1	14	1	14	4.89e-06	25.7
H1-14-*.774	H1-14-1.770	78.571	14	3	0	1	14	1	14	6.05e-06	25.7
H1-14-*.774	H1-14-*.755	78.571	14	3	0	1	14	1	14	9.60e-06	24.8
H1-14-*.774	H1-14-1.762	78.571	14	3	0	1	14	1	14	1.01e-05	24.8
H1-14-*.774	H1-14-1.754	78.571	14	3	0	1	14	1	14	1.09e-05	24.8
H1-14-*.774	H1-14-1.780	71.429	14	4	0	1	14	1	14	1.61e-05	24.4
H1-14-*.774	H1-14-*.782	71.429	14	4	0	1	14	1	14	1.69e-05	24.4
H1-14-*.774	H1-14-1.759	71.429	14	4	0	1	14	1	14	2.47e-05	24.0
H1-14-*.774	H1-14-1.757	76.923	13	3	0	1	13	1	13	3.47e-05	23.5
H1-14-*.774	H1-14-1.763	71.429	14	4	0	1	14	1	14	4.71e-05	23.1
H1-14-*.774	H1-14-1.760	71.429	14	4	0	1	14	1	14	4.77e-05	23.1
H1-14-*.774	H1-14-1.776	64.286	14	5	0	1	14	1	14	5.69e-05	23.1
H1-14-*.774	H1-14-1.781	64.286	14	5	0	1	14	1	14	2.24e-04	21.4
H1-14-*.774	H1-14-1.771	57.143	14	6	0	1	14	1	14	3.56e-04	21.0
