H1-15-1.817	H1-15-1.794	80.000	15	3	0	1	15	1	15	3.41e-05	24.0
H1-15-1.817	H1-15-1.792	73.333	15	4	0	1	15	1	15	8.28e-05	23.1
H1-15-1.817	H1-15-*.820	66.667	15	5	0	1	15	1	15	2.17e-04	21.8
H1-15-1.817	H1-15-*.813	57.143	14	6	0	1	14	1	14	0.003	18.9
H1-15-1.817	H1-15-*.806	75.000	12	3	0	1	12	1	12	0.006	18.0
H1-15-1.817	H1-15-1.783	50.000	14	7	0	1	14	1	14	0.039	15.9
H1-15-1.817	H1-15-1.809	50.000	14	7	0	1	14	1	14	0.080	15.1
H1-15-1.817	H1-15-1.797	42.857	14	8	0	1	14	1	14	0.39	13.4
H1-15-1.817	H1-15-1.810	42.857	14	8	0	1	14	1	14	0.45	12.9
H1-15-1.817	H1-15-1.800	66.667	9	3	0	1	9	1	9	1.0	12.1
H1-15-1.817	H1-15-1.812	66.667	9	3	0	1	9	1	9	1.2	12.1
H1-15-1.817	H1-15-1.819	35.714	14	9	0	2	15	2	15	1.8	11.7
H1-15-1.817	H1-15-1.818	53.846	13	4	1	1	13	1	11	2.1	11.2
H1-15-1.817	H1-15-*.807	66.667	15	5	0	1	15	1	15	7.4	10.0
H1-15-1.817	H1-15-1.795	80.000	5	1	0	3	7	3	7	20	 8.7
