H1-15-1.809	H1-15-1.808	73.333	15	4	0	1	15	1	15	1.19e-05	25.2
H1-15-1.809	H1-15-*.813	46.667	15	8	0	1	15	1	15	0.002	19.3
H1-15-1.809	H1-15-1.794	50.000	14	7	0	1	14	1	14	0.006	18.0
H1-15-1.809	H1-15-*.820	50.000	14	7	0	1	14	1	14	0.007	18.0
H1-15-1.809	H1-15-1.818	42.857	14	8	0	1	14	1	14	0.068	15.1
H1-15-1.809	H1-15-1.817	50.000	14	7	0	1	14	1	14	0.076	15.1
H1-15-1.809	H1-15-1.783	57.143	14	6	0	1	14	1	14	0.077	15.1
H1-15-1.809	H1-15-1.810	40.000	15	9	0	1	15	1	15	0.21	13.8
H1-15-1.809	H1-15-*.806	46.154	13	7	0	1	13	1	13	0.33	13.4
H1-15-1.809	H1-15-1.797	35.714	14	9	0	1	14	1	14	1.0	12.1
H1-15-1.809	H1-15-1.800	100.000	4	0	0	1	4	1	4	8.1	 9.5
H1-15-1.809	H1-15-1.812	100.000	4	0	0	1	4	1	4	8.9	 9.5
H1-15-1.809	H1-15-*.796	66.667	3	1	0	11	13	11	13	33	 7.9
