H1-14-1.773	H1-14-1.770	85.714	14	2	0	1	14	1	14	4.48e-07	28.2
H1-14-1.773	H1-14-*.764	85.714	14	2	0	1	14	1	14	4.59e-07	28.2
H1-14-1.773	H1-14-*.774	92.857	14	1	0	1	14	1	14	4.70e-07	28.2
H1-14-1.773	H1-14-1.762	85.714	14	2	0	1	14	1	14	6.56e-07	27.8
H1-14-1.773	H1-14-*.755	85.714	14	2	0	1	14	1	14	7.65e-07	27.4
H1-14-1.773	H1-14-1.754	85.714	14	2	0	1	14	1	14	7.93e-07	27.4
H1-14-1.773	H1-14-1.753	85.714	14	2	0	1	14	1	14	9.04e-07	27.4
H1-14-1.773	H1-14-1.756	78.571	14	3	0	1	14	1	14	1.35e-06	26.9
H1-14-1.773	H1-14-1.780	71.429	14	4	0	1	14	1	14	7.72e-06	24.8
H1-14-1.773	H1-14-1.759	71.429	14	4	0	1	14	1	14	1.31e-05	24.4
H1-14-1.773	H1-14-*.782	71.429	14	4	0	1	14	1	14	2.21e-05	24.0
H1-14-1.773	H1-14-1.760	71.429	14	4	0	1	14	1	14	2.51e-05	23.5
H1-14-1.773	H1-14-1.776	64.286	14	5	0	1	14	1	14	2.86e-05	23.5
H1-14-1.773	H1-14-1.771	57.143	14	6	0	1	14	1	14	1.72e-04	21.4
H1-14-1.773	H1-14-1.781	64.286	14	5	0	1	14	1	14	1.74e-04	21.4
