H2-10-1.1453	H2-10-1.1187	90.000	10	1	0	1	10	1	10	8.13e-04	21.8
H2-10-1.1453	H2-10-1.1452	80.000	10	2	0	1	10	1	10	0.003	20.6
H2-10-1.1453	H2-10-1.1321	77.778	9	2	0	1	9	1	9	0.076	17.2
H2-10-1.1453	H2-10-1.1330	60.000	10	4	0	1	10	1	10	0.080	16.8
H2-10-1.1453	H2-10-1.1170	66.667	9	3	0	1	9	1	9	0.080	16.8
H2-10-1.1453	H2-10-1.943	70.000	10	3	0	1	10	1	10	0.15	16.3
H2-10-1.1453	H2-10-1.829	55.556	9	4	0	1	9	1	9	0.16	16.3
H2-10-1.1453	H2-10-*.920	66.667	9	3	0	2	10	2	10	0.18	15.9
H2-10-1.1453	H2-10-1.1018	60.000	10	4	0	1	10	1	10	0.25	15.5
H2-10-1.1453	H2-10-1.969	62.500	8	3	0	1	8	1	8	0.26	15.5
H2-10-1.1453	H2-10-1.940	55.556	9	4	0	1	9	1	9	0.27	15.5
H2-10-1.1453	H2-10-1.1382	62.500	8	3	0	1	8	1	8	0.35	15.1
H2-10-1.1453	H2-10-1.1444	55.556	9	4	0	1	9	1	9	0.42	15.1
H2-10-1.1453	H2-10-1.835	62.500	8	3	0	1	8	1	8	0.52	14.6
H2-10-1.1453	H2-10-1.931	50.000	8	4	0	1	8	1	8	0.67	14.6
H2-10-1.1453	H2-10-1.1249	71.429	7	2	0	1	7	1	7	0.77	14.2
H2-10-1.1453	H2-10-1.1346	50.000	10	5	0	1	10	1	10	0.86	14.2
H2-10-1.1453	H2-10-1.1240	55.556	9	4	0	2	10	2	10	0.98	14.2
H2-10-1.1453	H2-10-1.970	50.000	10	5	0	1	10	1	10	1.1	13.8
H2-10-1.1453	H2-10-6.1466	50.000	10	5	0	1	10	1	10	1.3	13.8
H2-10-1.1453	H2-10-1.1243	75.000	8	2	0	2	9	2	9	1.5	13.8
H2-10-1.1453	H2-10-1.1211	50.000	10	5	0	1	10	1	10	1.5	13.8
H2-10-1.1453	H2-10-1.1038	50.000	8	4	0	1	8	1	8	1.7	13.4
H2-10-1.1453	H2-10-1.1127	50.000	10	5	0	1	10	1	10	1.7	13.4
H2-10-1.1453	H2-10-1.1374	50.000	10	5	0	1	10	1	10	1.7	13.4
H2-10-1.1453	H2-10-1.949	50.000	10	5	0	1	10	1	10	2.0	13.4
H2-10-1.1453	H2-10-1.915	50.000	10	5	0	1	10	1	10	2.1	13.4
H2-10-1.1453	H2-10-1.1137	50.000	10	5	0	1	10	1	10	2.1	13.4
H2-10-1.1453	H2-10-1.1238	62.500	8	3	0	1	8	1	8	2.2	13.4
H2-10-1.1453	H2-10-1.1069	50.000	10	5	0	1	10	1	10	2.3	13.4
H2-10-1.1453	H2-10-1.899	50.000	8	4	0	1	8	1	8	3.0	12.9
H2-10-1.1453	H2-10-1.824	50.000	10	5	0	1	10	1	10	4.4	12.5
H2-10-1.1453	H2-10-1.1217	50.000	8	4	0	1	8	1	8	5.1	12.5
H2-10-1.1453	H2-10-1.1009	50.000	8	4	0	1	8	1	8	5.1	12.5
H2-10-1.1453	H2-10-1.1117	40.000	10	6	0	1	10	1	10	6.8	12.1
H2-10-1.1453	H2-10-1.1388	50.000	8	4	0	1	8	1	8	8.7	11.7
H2-10-1.1453	H2-10-1.1143	50.000	10	5	0	1	10	1	10	9.6	11.7
H2-10-1.1453	H2-10-1.1331	44.444	9	5	0	1	9	1	9	11	11.7
H2-10-1.1453	H2-10-1.1247	62.500	8	3	0	2	9	2	9	12	11.7
H2-10-1.1453	H2-10-*.1078	50.000	10	5	0	1	10	1	10	14	11.2
H2-10-1.1453	H2-10-1.1218	100.000	4	0	0	5	8	3	6	17	11.2
H2-10-1.1453	H2-10-1.1124	57.143	7	3	0	1	7	1	7	18	11.2
H2-10-1.1453	H2-10-1.1268	100.000	4	0	0	3	6	6	9	23	10.8
H2-10-1.1453	H2-10-1.885	50.000	10	5	0	1	10	1	10	26	10.8
H2-10-1.1453	H2-10-1.883	100.000	4	0	0	3	6	6	9	27	10.8
H2-10-1.1453	H2-10-1.889	100.000	4	0	0	3	6	6	9	30	10.4
H2-10-1.1453	H2-10-1.989	100.000	4	0	0	3	6	6	9	31	10.4
H2-10-1.1453	H2-10-1.998	80.000	5	1	0	3	7	6	10	33	10.4
H2-10-1.1453	H2-10-1.1326	80.000	5	1	0	3	7	6	10	35	10.4
H2-10-1.1453	H2-10-1.1101	80.000	5	1	0	3	7	6	10	36	10.4
H2-10-1.1453	H2-10-1.1351	100.000	4	0	0	3	6	6	9	40	10.4
H2-10-1.1453	H2-10-1.1236	100.000	4	0	0	3	6	6	9	41	10.4
H2-10-1.1453	H2-10-1.1277	100.000	4	0	0	3	6	6	9	43	10.0
H2-10-1.1453	H2-10-1.1250	57.143	7	3	0	1	7	1	7	115	 9.1
H2-10-1.1453	H2-10-4.1025	50.000	8	4	0	2	9	2	9	124	 9.1
H2-10-1.1453	H2-10-1.1303	60.000	10	1	1	1	7	1	10	193	 8.3
H2-10-1.1453	H2-10-1.1221	62.500	8	3	0	2	9	2	9	247	 8.3
H2-10-1.1453	H2-10-1.1064	44.444	9	5	0	2	10	2	10	367	 7.9
