H1-15-*.813	H1-15-1.794	64.286	14	5	0	1	14	1	14	1.76e-04	22.3
H1-15-*.813	H1-15-*.820	57.143	14	6	0	1	14	1	14	4.87e-04	21.0
H1-15-*.813	H1-15-1.792	64.286	14	5	0	1	14	1	14	7.05e-04	20.6
H1-15-*.813	H1-15-1.809	46.667	15	8	0	1	15	1	15	0.002	19.3
H1-15-*.813	H1-15-1.817	57.143	14	6	0	1	14	1	14	0.003	18.9
H1-15-*.813	H1-15-1.808	40.000	15	9	0	1	15	1	15	0.012	17.2
H1-15-*.813	H1-15-*.806	53.846	13	6	0	1	13	1	13	0.022	16.8
H1-15-*.813	H1-15-1.783	53.846	13	6	0	2	14	2	14	0.037	15.9
H1-15-*.813	H1-15-*.796	30.769	13	9	0	1	13	1	13	6.0	10.0
H1-15-*.813	H1-15-*.807	46.667	15	8	0	1	15	1	15	30	 8.3
