H1-15-*.806	H1-15-1.794	69.231	13	4	0	1	13	1	13	0.003	19.3
H1-15-*.806	H1-15-1.817	75.000	12	3	0	1	12	1	12	0.006	18.0
H1-15-*.806	H1-15-*.820	61.538	13	5	0	1	13	1	13	0.008	17.6
H1-15-*.806	H1-15-1.792	53.846	13	6	0	1	13	1	13	0.023	16.8
H1-15-*.806	H1-15-*.813	53.846	13	6	0	1	13	1	13	0.024	16.8
H1-15-*.806	H1-15-1.783	50.000	12	6	0	2	13	2	13	0.27	13.8
H1-15-*.806	H1-15-1.809	46.154	13	7	0	1	13	1	13	0.34	13.4
H1-15-*.806	H1-15-*.796	38.462	13	8	0	1	13	1	13	0.38	13.4
H1-15-*.806	H1-15-1.797	54.545	11	5	0	1	11	1	11	0.40	13.4
H1-15-*.806	H1-15-1.810	54.545	11	5	0	1	11	1	11	0.42	13.4
H1-15-*.806	H1-15-1.812	60.000	15	3	1	1	15	1	12	0.45	12.9
H1-15-*.806	H1-15-1.800	66.667	9	3	0	1	9	1	9	0.96	12.1
H1-15-*.806	H1-15-1.795	50.000	8	4	0	3	10	3	10	14	 9.1
H1-15-*.806	H1-15-*.807	53.846	13	6	0	1	13	1	13	54	 7.4
