H2-10-1.1448	H2-10-3.844	90.000	10	1	0	1	10	1	10	0.004	20.2
H2-10-1.1448	H2-10-1.1032	80.000	10	2	0	1	10	1	10	0.010	19.3
H2-10-1.1448	H2-10-1.1157	80.000	10	2	0	1	10	1	10	0.012	18.9
H2-10-1.1448	H2-10-1.1336	80.000	10	2	0	1	10	1	10	0.013	18.9
H2-10-1.1448	H2-10-1.971	70.000	10	3	0	1	10	1	10	0.031	18.0
H2-10-1.1448	H2-10-1.1167	70.000	10	3	0	1	10	1	10	0.035	18.0
H2-10-1.1448	H2-10-1.1061	77.778	9	2	0	1	9	1	9	0.048	17.6
H2-10-1.1448	H2-10-1.875	60.000	10	4	0	1	10	1	10	0.049	17.6
H2-10-1.1448	H2-10-1.905	77.778	9	2	0	2	10	2	10	0.059	17.2
H2-10-1.1448	H2-10-1.892	77.778	9	2	0	2	10	2	10	0.099	16.8
H2-10-1.1448	H2-10-1.1304	60.000	10	4	0	1	10	1	10	0.10	16.8
H2-10-1.1448	H2-10-1.846	66.667	9	3	0	2	10	2	10	0.12	16.3
H2-10-1.1448	H2-10-1.1044	66.667	9	3	0	2	10	2	10	0.15	16.3
H2-10-1.1448	H2-10-1.1161	66.667	9	3	0	2	10	2	10	0.17	15.9
H2-10-1.1448	H2-10-1.1442	60.000	10	4	0	1	10	1	10	0.20	15.9
H2-10-1.1448	H2-10-1.886	66.667	9	3	0	1	9	1	9	0.21	15.9
H2-10-1.1448	H2-10-1.1278	75.000	8	2	0	2	9	2	9	0.22	15.9
H2-10-1.1448	H2-10-3.955	66.667	9	3	0	2	10	2	10	0.24	15.5
H2-10-1.1448	H2-10-1.1418	50.000	10	5	0	1	10	1	10	0.25	15.5
H2-10-1.1448	H2-10-1.1007	55.556	9	4	0	2	10	2	10	0.33	15.5
H2-10-1.1448	H2-10-1.1143	62.500	8	3	0	2	9	2	9	0.41	15.1
H2-10-1.1448	H2-10-1.1103	62.500	8	3	0	2	9	2	9	0.45	15.1
H2-10-1.1448	H2-10-1.1045	55.556	9	4	0	2	10	2	10	0.46	15.1
H2-10-1.1448	H2-10-1.1059	62.500	8	3	0	2	9	2	9	0.55	14.6
H2-10-1.1448	H2-10-1.832	62.500	8	3	0	2	9	2	9	0.62	14.6
H2-10-1.1448	H2-10-1.1319	50.000	10	5	0	1	10	1	10	0.64	14.6
H2-10-1.1448	H2-10-1.1134	55.556	9	4	0	2	10	2	10	0.74	14.2
H2-10-1.1448	H2-10-1.853	62.500	8	3	0	2	9	2	9	0.76	14.2
H2-10-1.1448	H2-10-1.1212	66.667	9	3	0	1	9	1	9	0.81	14.2
H2-10-1.1448	H2-10-1.947	55.556	9	4	0	2	10	2	10	0.84	14.2
H2-10-1.1448	H2-10-1.1058	100.000	5	0	0	2	6	2	6	0.95	14.2
H2-10-1.1448	H2-10-1.954	62.500	8	3	0	2	9	2	9	1.5	13.8
H2-10-1.1448	H2-10-1.911	62.500	8	3	0	2	9	2	9	2.2	13.4
H2-10-1.1448	H2-10-*.1224	55.556	9	4	0	2	10	2	10	2.4	13.4
H2-10-1.1448	H2-10-1.1245	55.556	9	4	0	2	10	2	10	2.6	12.9
H2-10-1.1448	H2-10-1.878	55.556	9	4	0	2	10	2	10	2.8	12.9
H2-10-1.1448	H2-10-3.1162	55.556	9	4	0	2	10	2	10	3.2	12.9
H2-10-1.1448	H2-10-1.1216	50.000	10	5	0	1	10	1	10	3.6	12.9
H2-10-1.1448	H2-10-3.958	100.000	5	0	0	4	8	4	8	3.7	12.9
H2-10-1.1448	H2-10-1.1095	80.000	5	1	0	2	6	2	6	3.9	12.5
H2-10-1.1448	H2-10-1.889	55.556	9	4	0	2	10	2	10	4.3	12.5
H2-10-1.1448	H2-10-1.890	62.500	8	3	0	2	9	2	9	4.5	12.5
H2-10-1.1448	H2-10-1.1326	55.556	9	4	0	2	10	2	10	4.8	12.5
H2-10-1.1448	H2-10-1.1156	66.667	6	2	0	2	7	2	7	5.0	12.5
H2-10-1.1448	H2-10-1.953	50.000	8	4	0	2	9	2	9	5.5	12.5
H2-10-1.1448	H2-10-6.1094	55.556	9	4	0	2	10	2	10	6.8	12.1
H2-10-1.1448	H2-10-1.1034	66.667	9	3	0	2	10	2	10	7.3	12.1
H2-10-1.1448	H2-10-*.921	100.000	4	0	0	2	5	2	5	8.0	12.1
H2-10-1.1448	H2-10-1.1421	55.556	9	4	0	2	10	2	10	11	11.7
H2-10-1.1448	H2-10-5.1306	80.000	5	1	0	6	10	4	8	38	10.4
H2-10-1.1448	H2-10-2.1424	50.000	10	5	0	1	10	1	10	99	 9.1
H2-10-1.1448	H2-10-7.987	66.667	6	2	0	1	6	1	6	265	 8.3
