H1-14-1.771	H1-14-1.780	85.714	14	2	0	1	14	1	14	2.46e-06	26.5
H1-14-1.771	H1-14-1.759	78.571	14	3	0	1	14	1	14	5.13e-06	25.7
H1-14-1.771	H1-14-1.753	71.429	14	4	0	1	14	1	14	2.30e-05	24.0
H1-14-1.771	H1-14-*.775	64.286	14	5	0	1	14	1	14	6.24e-05	22.7
H1-14-1.771	H1-14-*.782	71.429	14	4	0	1	14	1	14	7.44e-05	22.7
H1-14-1.771	H1-14-1.761	64.286	14	5	0	1	14	1	14	8.56e-05	22.3
H1-14-1.771	H1-14-1.776	64.286	14	5	0	1	14	1	14	9.73e-05	22.3
H1-14-1.771	H1-14-*.764	64.286	14	5	0	1	14	1	14	1.11e-04	22.3
H1-14-1.771	H1-14-1.773	57.143	14	6	0	1	14	1	14	1.87e-04	21.4
H1-14-1.771	H1-14-*.755	57.143	14	6	0	1	14	1	14	1.87e-04	21.4
H1-14-1.771	H1-14-1.762	69.231	13	4	0	1	13	1	13	2.08e-04	21.4
H1-14-1.771	H1-14-1.756	57.143	14	6	0	1	14	1	14	2.26e-04	21.4
H1-14-1.771	H1-14-1.760	64.286	14	5	0	1	14	1	14	3.02e-04	21.0
H1-14-1.771	H1-14-*.774	57.143	14	6	0	1	14	1	14	3.06e-04	21.0
H1-14-1.771	H1-14-1.781	57.143	14	6	0	1	14	1	14	0.001	19.3
H1-14-1.771	H1-14-1.772	61.538	13	5	0	1	13	1	13	0.003	18.5
H1-14-1.771	H1-14-*.777	53.846	13	6	0	1	13	1	13	0.080	14.2
