H1-13-1.749	H1-13-1.281	61.538	13	5	0	1	13	1	13	0.030	19.3
H1-13-1.749	H1-13-1.131	61.538	13	5	0	1	13	1	13	0.039	18.9
H1-13-1.749	H1-13-1.595	66.667	12	4	0	1	12	1	12	0.041	18.9
H1-13-1.749	H1-13-*.444	61.538	13	5	0	1	13	1	13	0.042	18.9
H1-13-1.749	H1-13-1.596	61.538	13	5	0	1	13	1	13	0.052	18.5
H1-13-1.749	H1-13-3.570	58.333	12	5	0	1	12	1	12	0.088	18.0
H1-13-1.749	H1-13-1.518	61.538	13	5	0	1	13	1	13	0.092	18.0
H1-13-1.749	H1-13-1.105	66.667	12	4	0	1	12	1	12	0.10	17.6
H1-13-1.749	H1-13-1.415	58.333	12	5	0	1	12	1	12	0.11	17.6
H1-13-1.749	H1-13-*.424	58.333	12	5	0	1	12	1	12	0.12	17.6
H1-13-1.749	H1-13-1.44	66.667	12	4	0	1	12	1	12	0.12	17.6
H1-13-1.749	H1-13-1.723	66.667	12	4	0	1	12	1	12	0.14	17.2
H1-13-1.749	H1-13-1.638	53.846	13	6	0	1	13	1	13	0.14	17.2
H1-13-1.749	H1-13-2.642	58.333	12	5	0	1	12	1	12	0.16	17.2
H1-13-1.749	H1-13-3.134	63.636	11	4	0	2	12	2	12	0.18	17.2
H1-13-1.749	H1-13-3.699	53.846	13	6	0	1	13	1	13	0.19	17.2
H1-13-1.749	H1-13-1.378	61.538	13	5	0	1	13	1	13	0.21	16.8
H1-13-1.749	H1-13-1.751	58.333	12	5	0	1	12	1	12	0.27	16.8
H1-13-1.749	H1-13-1.263	58.333	12	5	0	1	12	1	12	0.32	16.3
H1-13-1.749	H1-13-1.382	69.231	13	4	0	1	13	1	13	0.35	16.3
H1-13-1.749	H1-13-1.752	50.000	12	6	0	1	12	1	12	0.39	16.3
H1-13-1.749	H1-13-1.553	46.154	13	7	0	1	13	1	13	0.42	16.3
H1-13-1.749	H1-13-*.495	50.000	12	6	0	1	12	1	12	0.46	15.9
H1-13-1.749	H1-13-1.569	50.000	12	6	0	1	12	1	12	0.48	15.9
H1-13-1.749	H1-13-*.531	53.846	13	6	0	1	13	1	13	0.48	15.9
H1-13-1.749	H1-13-3.529	50.000	12	6	0	1	12	1	12	0.51	15.9
H1-13-1.749	H1-13-1.431	54.545	11	5	0	2	12	2	12	0.51	15.9
H1-13-1.749	H1-13-1.316	63.636	11	4	0	2	12	2	12	0.54	15.9
H1-13-1.749	H1-13-1.271	50.000	12	6	0	1	12	1	12	0.57	15.9
H1-13-1.749	H1-13-1.145	50.000	12	6	0	1	12	1	12	0.61	15.5
H1-13-1.749	H1-13-1.602	46.154	13	7	0	1	13	1	13	0.63	15.5
H1-13-1.749	H1-13-3.300	54.545	11	5	0	2	12	2	12	0.63	15.5
H1-13-1.749	H1-13-1.204	46.154	13	7	0	1	13	1	13	0.80	15.5
H1-13-1.749	H1-13-1.129	58.333	12	5	0	1	12	1	12	0.80	15.5
H1-13-1.749	H1-13-1.725	60.000	10	4	0	1	10	1	10	0.89	15.1
H1-13-1.749	H1-13-1.39	53.846	13	6	0	1	13	1	13	0.89	15.1
H1-13-1.749	H1-13-1.2	58.333	12	5	0	1	12	1	12	0.93	15.1
H1-13-1.749	H1-13-1.695	58.333	12	5	0	1	12	1	12	0.97	15.1
H1-13-1.749	H1-13-1.523	58.333	12	5	0	1	12	1	12	0.98	15.1
H1-13-1.749	H1-13-1.114	60.000	10	4	0	1	10	1	10	1.0	15.1
H1-13-1.749	H1-13-1.222	54.545	11	5	0	2	12	2	12	1.0	15.1
H1-13-1.749	H1-13-4.211	50.000	12	6	0	1	12	1	12	1.1	15.1
H1-13-1.749	H1-13-1.636	70.000	10	3	0	1	10	1	10	1.1	15.1
H1-13-1.749	H1-13-1.190	60.000	10	4	0	1	10	1	10	1.2	15.1
H1-13-1.749	H1-13-2.42	66.667	9	3	0	2	10	2	10	1.2	15.1
H1-13-1.749	H1-13-1.377	66.667	9	3	0	2	10	2	10	1.2	15.1
H1-13-1.749	H1-13-1.10	46.154	13	7	0	1	13	1	13	1.2	15.1
H1-13-1.749	H1-13-1.546	41.667	12	7	0	1	12	1	12	1.3	14.6
H1-13-1.749	H1-13-4.485	50.000	12	6	0	2	13	2	13	1.4	14.6
H1-13-1.749	H1-13-1.197	45.455	11	6	0	2	12	2	12	1.4	14.6
H1-13-1.749	H1-13-1.50	50.000	12	6	0	1	12	1	12	1.4	14.6
H1-13-1.749	H1-13-1.38	63.636	11	4	0	2	12	2	12	1.4	14.6
H1-13-1.749	H1-13-1.380	50.000	12	6	0	1	12	1	12	1.5	14.6
H1-13-1.749	H1-13-1.288	54.545	11	5	0	2	12	2	12	1.5	14.6
H1-13-1.749	H1-13-1.721	50.000	12	6	0	1	12	1	12	1.5	14.6
H1-13-1.749	H1-13-1.9	54.545	11	5	0	2	12	2	12	1.5	14.6
H1-13-1.749	H1-13-1.166	46.154	13	7	0	1	13	1	13	1.5	14.6
H1-13-1.749	H1-13-*.488	58.333	12	5	0	1	12	1	12	1.5	14.6
H1-13-1.749	H1-13-1.345	54.545	11	5	0	2	12	2	12	1.5	14.6
H1-13-1.749	H1-13-1.706	66.667	9	3	0	2	10	2	10	1.5	14.6
H1-13-1.749	H1-13-1.703	50.000	12	6	0	2	13	2	13	1.6	14.6
H1-13-1.749	H1-13-1.41	54.545	11	5	0	2	12	2	12	1.7	14.6
H1-13-1.749	H1-13-1.406	54.545	11	5	0	2	12	2	12	1.8	14.2
H1-13-1.749	H1-13-1.80	58.333	12	5	0	2	13	2	13	1.8	14.2
H1-13-1.749	H1-13-*.494	58.333	12	5	0	1	12	1	12	1.9	14.2
H1-13-1.749	H1-13-1.481	54.545	11	5	0	2	12	2	12	1.9	14.2
H1-13-1.749	H1-13-1.21	54.545	11	5	0	2	12	2	12	1.9	14.2
H1-13-1.749	H1-13-*.587	50.000	10	5	0	1	10	1	10	1.9	14.2
H1-13-1.749	H1-13-*.299	41.667	12	7	0	1	12	1	12	1.9	14.2
H1-13-1.749	H1-13-1.348	45.455	11	6	0	3	13	3	13	2.0	14.2
H1-13-1.749	H1-13-1.449	63.636	11	4	0	2	12	2	12	2.1	14.2
H1-13-1.749	H1-13-1.248	54.545	11	5	0	2	12	2	12	2.1	14.2
H1-13-1.749	H1-13-1.516	45.455	11	6	0	2	12	2	12	2.1	14.2
H1-13-1.749	H1-13-1.614	54.545	11	5	0	2	12	2	12	2.2	14.2
H1-13-1.749	H1-13-1.356	54.545	11	5	0	2	12	2	12	2.2	14.2
H1-13-1.749	H1-13-3.400	50.000	12	6	0	1	12	1	12	2.3	14.2
H1-13-1.749	H1-13-1.674	50.000	12	6	0	1	12	1	12	2.3	14.2
H1-13-1.749	H1-13-1.391	58.333	12	5	0	1	12	1	12	2.3	14.2
H1-13-1.749	H1-13-1.308	54.545	11	5	0	2	12	2	12	2.3	14.2
H1-13-1.749	H1-13-1.744	50.000	12	6	0	2	13	2	13	2.3	14.2
H1-13-1.749	H1-13-1.443	54.545	11	5	0	2	12	2	12	2.4	14.2
H1-13-1.749	H1-13-1.294	60.000	10	4	0	1	10	1	10	2.4	14.2
H1-13-1.749	H1-13-2.18	60.000	10	4	0	1	10	1	10	2.4	14.2
H1-13-1.749	H1-13-1.217	66.667	9	3	0	2	10	2	10	2.5	14.2
H1-13-1.749	H1-13-1.239	38.462	13	8	0	1	13	1	13	2.5	14.2
H1-13-1.749	H1-13-1.511	66.667	9	3	0	2	10	2	10	2.6	13.8
H1-13-1.749	H1-13-1.168	54.545	11	5	0	2	12	2	12	2.6	13.8
H1-13-1.749	H1-13-3.603	75.000	8	2	0	1	8	1	8	2.6	13.8
H1-13-1.749	H1-13-1.439	50.000	12	6	0	1	12	1	12	2.8	13.8
H1-13-1.749	H1-13-4.347	50.000	12	6	0	1	12	1	12	2.9	13.8
H1-13-1.749	H1-13-1.412	41.667	12	7	0	1	12	1	12	3.0	13.8
H1-13-1.749	H1-13-2.346	50.000	12	6	0	1	12	1	12	3.1	13.8
H1-13-1.749	H1-13-1.383	66.667	9	3	0	2	10	2	10	3.3	13.8
H1-13-1.749	H1-13-1.600	66.667	9	3	0	2	10	2	10	3.4	13.8
H1-13-1.749	H1-13-*.75	50.000	12	6	0	2	13	2	13	3.5	13.8
H1-13-1.749	H1-13-1.513	55.556	9	4	0	2	10	2	10	3.5	13.8
H1-13-1.749	H1-13-*.499	50.000	12	6	0	1	12	1	12	3.5	13.8
H1-13-1.749	H1-13-1.260	45.455	11	6	0	2	12	2	12	3.5	13.8
H1-13-1.749	H1-13-1.386	66.667	9	3	0	2	10	2	10	3.6	13.8
H1-13-1.749	H1-13-1.135	55.556	9	4	0	2	10	2	10	3.6	13.8
H1-13-1.749	H1-13-*.401	41.667	12	7	0	1	12	1	12	3.6	13.8
H1-13-1.749	H1-13-1.61	55.556	9	4	0	2	10	2	10	3.7	13.8
H1-13-1.749	H1-13-1.52	38.462	13	8	0	1	13	1	13	3.7	13.8
H1-13-1.749	H1-13-1.200	50.000	10	5	0	1	10	1	10	3.8	13.8
H1-13-1.749	H1-13-1.31	66.667	9	3	0	2	10	2	10	3.8	13.8
H1-13-1.749	H1-13-1.459	50.000	12	6	0	1	12	1	12	3.9	13.4
H1-13-1.749	H1-13-1.429	45.455	11	6	0	2	12	2	12	4.0	13.4
H1-13-1.749	H1-13-1.286	60.000	10	4	0	1	10	1	10	4.0	13.4
H1-13-1.749	H1-13-1.450	66.667	9	3	0	2	10	2	10	4.2	13.4
H1-13-1.749	H1-13-1.411	66.667	9	3	0	2	10	2	10	4.2	13.4
H1-13-1.749	H1-13-4.550	38.462	13	8	0	1	13	1	13	4.3	13.4
H1-13-1.749	H1-13-1.619	66.667	9	3	0	1	9	1	9	4.5	13.4
H1-13-1.749	H1-13-1.205	60.000	10	4	0	1	10	1	10	4.5	13.4
H1-13-1.749	H1-13-1.79	38.462	13	8	0	1	13	1	13	4.6	13.4
H1-13-1.749	H1-13-1.677	41.667	12	7	0	1	12	1	12	4.8	13.4
H1-13-1.749	H1-13-1.161	50.000	12	6	0	2	13	2	13	4.8	13.4
H1-13-1.749	H1-13-1.245	60.000	10	4	0	1	10	1	10	5.1	13.4
H1-13-1.749	H1-13-1.689	66.667	9	3	0	1	9	1	9	5.3	13.4
H1-13-1.749	H1-13-5.652	54.545	11	5	0	2	12	2	12	5.6	12.9
H1-13-1.749	H1-13-1.522	50.000	12	6	0	1	12	1	12	5.6	12.9
H1-13-1.749	H1-13-1.219	45.455	11	6	0	2	12	2	12	5.6	12.9
H1-13-1.749	H1-13-1.379	53.846	13	6	0	1	13	1	13	5.8	12.9
H1-13-1.749	H1-13-1.584	41.667	12	7	0	2	13	2	13	5.9	12.9
H1-13-1.749	H1-13-1.687	38.462	13	8	0	1	13	1	13	6.0	12.9
H1-13-1.749	H1-13-1.328	45.455	11	6	0	2	12	2	12	6.3	12.9
H1-13-1.749	H1-13-1.36	41.667	12	7	0	1	12	1	12	6.3	12.9
H1-13-1.749	H1-13-1.707	55.556	9	4	0	2	10	2	10	6.6	12.9
H1-13-1.749	H1-13-1.98	45.455	11	6	0	2	12	2	12	6.8	12.9
H1-13-1.749	H1-13-1.73	55.556	9	4	0	2	10	2	10	6.9	12.9
H1-13-1.749	H1-13-*.578	41.667	12	7	0	2	13	2	13	7.0	12.9
H1-13-1.749	H1-13-1.112	50.000	10	5	0	1	10	1	10	7.3	12.9
H1-13-1.749	H1-13-1.17	55.556	9	4	0	2	10	2	10	7.4	12.9
H1-13-1.749	H1-13-1.358	55.556	9	4	0	2	10	2	10	7.7	12.9
H1-13-1.749	H1-13-*.49	54.545	11	5	0	2	12	2	12	7.7	12.9
H1-13-1.749	H1-13-1.253	50.000	10	5	0	3	12	3	12	8.1	12.9
H1-13-1.749	H1-13-1.530	62.500	8	3	0	1	8	1	8	8.2	12.9
H1-13-1.749	H1-13-1.133	41.667	12	7	0	1	12	1	12	8.7	12.5
H1-13-1.749	H1-13-1.120	50.000	10	5	0	3	12	3	12	8.9	12.5
H1-13-1.749	H1-13-3.493	45.455	11	6	0	2	12	2	12	9.0	12.5
H1-13-1.749	H1-13-1.527	50.000	10	5	0	3	12	3	12	9.2	12.5
H1-13-1.749	H1-13-6.667	71.429	7	2	0	1	7	1	7	9.3	12.5
H1-13-1.749	H1-13-*.467	41.667	12	7	0	1	12	1	12	9.6	12.5
H1-13-1.749	H1-13-1.136	50.000	10	5	0	1	10	1	10	9.9	12.5
H1-13-1.749	H1-13-2.504	41.667	12	7	0	1	12	1	12	10	12.5
H1-13-1.749	H1-13-1.737	38.462	13	8	0	1	13	1	13	11	12.5
H1-13-1.749	H1-13-1.591	50.000	10	5	0	1	10	1	10	11	12.5
H1-13-1.749	H1-13-1.376	75.000	8	2	0	1	8	1	8	11	12.5
H1-13-1.749	H1-13-1.426	41.667	12	7	0	1	12	1	12	12	12.5
H1-13-1.749	H1-13-1.113	66.667	9	3	0	2	10	2	10	13	12.1
H1-13-1.749	H1-13-1.332	55.556	9	4	0	2	10	2	10	14	12.1
H1-13-1.749	H1-13-1.698	45.455	11	6	0	2	12	2	12	14	12.1
H1-13-1.749	H1-13-1.472	55.556	9	4	0	2	10	2	10	16	12.1
H1-13-1.749	H1-13-*.446	70.000	10	2	1	1	10	1	9	16	12.1
H1-13-1.749	H1-13-1.448	55.556	9	4	0	2	10	2	10	16	12.1
H1-13-1.749	H1-13-1.310	50.000	12	6	0	1	12	1	12	17	12.1
H1-13-1.749	H1-13-*.54	36.364	11	7	0	2	12	2	12	18	12.1
H1-13-1.749	H1-13-*.116	60.000	10	4	0	2	11	2	11	19	11.7
H1-13-1.749	H1-13-*.545	45.455	11	6	0	3	13	3	13	21	11.7
H1-13-1.749	H1-13-4.330	63.636	11	3	1	1	10	1	11	21	11.7
H1-13-1.749	H1-13-1.656	55.556	9	4	0	2	10	2	10	22	11.7
H1-13-1.749	H1-13-2.14	46.154	13	7	0	1	13	1	13	22	11.7
H1-13-1.749	H1-13-*.223	45.455	11	6	0	2	12	2	12	22	11.7
H1-13-1.749	H1-13-*.338	37.500	8	5	0	6	13	6	13	24	11.7
H1-13-1.749	H1-13-*.605	50.000	12	6	0	1	12	1	12	24	11.7
H1-13-1.749	H1-13-1.170	44.444	9	5	0	2	10	2	10	24	11.7
H1-13-1.749	H1-13-1.143	45.455	11	6	0	2	12	2	12	25	11.7
H1-13-1.749	H1-13-1.20	41.667	12	7	0	1	12	1	12	25	11.7
H1-13-1.749	H1-13-1.307	55.556	9	4	0	1	9	1	9	30	11.2
H1-13-1.749	H1-13-1.487	55.556	9	4	0	1	9	1	9	31	11.2
H1-13-1.749	H1-13-1.683	62.500	8	3	0	1	8	1	8	31	11.2
H1-13-1.749	H1-13-1.74	50.000	12	6	0	1	12	1	12	32	11.2
H1-13-1.749	H1-13-1.608	55.556	9	4	0	1	9	1	9	33	11.2
H1-13-1.749	H1-13-1.115	55.556	9	4	0	1	9	1	9	33	11.2
H1-13-1.749	H1-13-*.224	41.667	12	7	0	1	12	1	12	34	11.2
H1-13-1.749	H1-13-1.357	55.556	9	4	0	1	9	1	9	34	11.2
H1-13-1.749	H1-13-1.65	55.556	9	4	0	1	9	1	9	35	11.2
H1-13-1.749	H1-13-*.482	50.000	12	6	0	1	12	1	12	37	11.2
H1-13-1.749	H1-13-1.387	55.556	9	4	0	1	9	1	9	38	10.8
H1-13-1.749	H1-13-*.122	50.000	10	5	0	2	11	2	11	38	10.8
H1-13-1.749	H1-13-1.375	55.556	9	4	0	1	9	1	9	39	10.8
H1-13-1.749	H1-13-1.27	55.556	9	4	0	1	9	1	9	40	10.8
H1-13-1.749	H1-13-1.437	37.500	8	5	0	6	13	6	13	43	10.8
H1-13-1.749	H1-13-1.47	50.000	12	6	0	1	12	1	12	43	10.8
H1-13-1.749	H1-13-*.137	55.556	9	4	0	2	10	2	10	46	10.8
H1-13-1.749	H1-13-1.728	55.556	9	4	0	1	9	1	9	52	10.8
H1-13-1.749	H1-13-3.745	80.000	5	1	0	5	9	1	5	81	10.0
H1-13-1.749	H1-13-1.681	33.333	12	8	0	1	12	1	12	118	 9.5
H1-13-1.749	H1-13-1.548	33.333	12	8	0	1	12	1	12	143	 9.5
H1-13-1.749	H1-13-3.701	100.000	4	0	0	1	4	1	4	145	 9.5
H1-13-1.749	H1-13-*.306	66.667	6	2	0	2	7	2	7	145	 9.5
H1-13-1.749	H1-13-5.610	80.000	5	1	0	1	5	1	5	153	 9.5
H1-13-1.749	H1-13-5.164	50.000	8	4	0	1	8	6	13	620	 7.9
