H1-13-3.745	H1-13-2.716	76.923	13	3	0	1	13	1	13	0.001	23.1
H1-13-3.745	H1-13-*.234	69.231	13	4	0	1	13	1	13	0.003	21.8
H1-13-3.745	H1-13-3.175	61.538	13	5	0	1	13	1	13	0.009	20.6
H1-13-3.745	H1-13-1.655	53.846	13	6	0	1	13	1	13	0.056	18.5
H1-13-3.745	H1-13-1.311	53.846	13	6	0	1	13	1	13	0.065	18.5
H1-13-3.745	H1-13-*.540	53.846	13	6	0	1	13	1	13	0.092	18.0
H1-13-3.745	H1-13-2.232	61.538	13	5	0	1	13	1	13	0.094	18.0
H1-13-3.745	H1-13-1.414	53.846	13	6	0	1	13	1	13	0.10	17.6
H1-13-3.745	H1-13-*.122	53.846	13	6	0	1	13	1	13	0.17	17.2
H1-13-3.745	H1-13-3.418	46.154	13	7	0	1	13	1	13	0.18	17.2
H1-13-3.745	H1-13-*.189	46.154	13	7	0	1	13	1	13	0.28	16.8
H1-13-3.745	H1-13-*.123	46.154	13	7	0	1	13	1	13	0.31	16.3
H1-13-3.745	H1-13-1.434	53.846	13	6	0	1	13	1	13	0.43	16.3
H1-13-3.745	H1-13-1.82	58.333	12	5	0	1	12	1	12	0.53	15.9
H1-13-3.745	H1-13-*.268	46.154	13	7	0	1	13	1	13	0.55	15.9
H1-13-3.745	H1-13-*.647	41.667	12	7	0	1	12	1	12	0.59	15.9
H1-13-3.745	H1-13-*.525	50.000	12	6	0	2	13	2	13	0.59	15.9
H1-13-3.745	H1-13-6.255	46.154	13	7	0	1	13	1	13	0.69	15.5
H1-13-3.745	H1-13-*.662	50.000	12	6	0	1	12	1	12	0.71	15.5
H1-13-3.745	H1-13-1.641	58.333	12	5	0	2	13	2	13	0.95	15.1
H1-13-3.745	H1-13-3.267	45.455	11	6	0	2	12	2	12	0.95	15.1
H1-13-3.745	H1-13-1.161	46.154	13	7	0	1	13	1	13	0.97	15.1
H1-13-3.745	H1-13-1.526	50.000	12	6	0	1	12	1	12	1.0	15.1
H1-13-3.745	H1-13-1.188	50.000	12	6	0	1	12	1	12	1.0	15.1
H1-13-3.745	H1-13-1.574	63.636	11	4	0	2	12	2	12	1.1	15.1
H1-13-3.745	H1-13-1.637	46.154	13	7	0	1	13	1	13	1.1	15.1
H1-13-3.745	H1-13-1.451	58.333	12	5	0	2	13	2	13	1.1	15.1
H1-13-3.745	H1-13-1.55	58.333	12	5	0	2	13	2	13	1.2	15.1
H1-13-3.745	H1-13-1.6	63.636	11	4	0	2	12	2	12	1.3	14.6
H1-13-3.745	H1-13-1.16	58.333	12	5	0	2	13	2	13	1.4	14.6
H1-13-3.745	H1-13-5.652	41.667	12	7	0	2	13	2	13	1.4	14.6
H1-13-3.745	H1-13-1.611	50.000	12	6	0	2	13	2	13	1.4	14.6
H1-13-3.745	H1-13-3.134	54.545	11	5	0	2	12	2	12	1.5	14.6
H1-13-3.745	H1-13-1.509	46.154	13	7	0	1	13	1	13	1.6	14.6
H1-13-3.745	H1-13-1.1	50.000	12	6	0	1	12	1	12	1.7	14.6
H1-13-3.745	H1-13-1.236	46.154	13	7	0	1	13	1	13	2.0	14.2
H1-13-3.745	H1-13-*.240	50.000	10	5	0	1	10	1	10	2.0	14.2
H1-13-3.745	H1-13-1.69	60.000	10	4	0	1	10	1	10	2.0	14.2
H1-13-3.745	H1-13-1.174	58.333	12	5	0	2	13	2	13	2.2	14.2
H1-13-3.745	H1-13-1.750	50.000	12	6	0	1	12	1	12	2.2	14.2
H1-13-3.745	H1-13-*.413	46.154	13	7	0	1	13	1	13	2.4	14.2
H1-13-3.745	H1-13-1.201	50.000	12	6	0	1	12	1	12	2.7	13.8
H1-13-3.745	H1-13-3.684	50.000	12	6	0	1	12	1	12	2.7	13.8
H1-13-3.745	H1-13-1.389	46.154	13	7	0	1	13	1	13	2.9	13.8
H1-13-3.745	H1-13-1.141	50.000	12	6	0	1	12	1	12	2.9	13.8
H1-13-3.745	H1-13-1.453	38.462	13	8	0	1	13	1	13	3.1	13.8
H1-13-3.745	H1-13-1.325	41.667	12	7	0	1	12	1	12	3.2	13.8
H1-13-3.745	H1-13-*.144	50.000	12	6	0	2	13	2	13	3.3	13.8
H1-13-3.745	H1-13-1.202	71.429	7	2	0	1	7	1	7	3.4	13.8
H1-13-3.745	H1-13-1.352	54.545	11	5	0	2	12	2	12	3.5	13.8
H1-13-3.745	H1-13-*.116	33.333	12	8	0	1	12	1	12	3.7	13.8
H1-13-3.745	H1-13-1.251	50.000	12	6	0	2	13	2	13	3.7	13.8
H1-13-3.745	H1-13-1.524	50.000	12	6	0	1	12	1	12	3.8	13.8
H1-13-3.745	H1-13-*.366	55.556	9	4	0	4	12	4	12	3.8	13.8
H1-13-3.745	H1-13-1.66	38.462	13	8	0	1	13	1	13	4.0	13.4
H1-13-3.745	H1-13-1.703	50.000	12	6	0	2	13	2	13	4.0	13.4
H1-13-3.745	H1-13-1.631	50.000	12	6	0	2	13	2	13	4.0	13.4
H1-13-3.745	H1-13-1.562	41.667	12	7	0	1	12	1	12	4.2	13.4
H1-13-3.745	H1-13-1.584	50.000	12	6	0	2	13	2	13	4.2	13.4
H1-13-3.745	H1-13-1.99	54.545	11	5	0	2	12	2	12	4.4	13.4
H1-13-3.745	H1-13-*.688	41.667	12	7	0	2	13	2	13	4.6	13.4
H1-13-3.745	H1-13-1.737	38.462	13	8	0	1	13	1	13	4.9	13.4
H1-13-3.745	H1-13-1.125	54.545	11	5	0	3	13	3	13	5.0	13.4
H1-13-3.745	H1-13-1.282	54.545	11	5	0	2	12	2	12	5.1	13.4
H1-13-3.745	H1-13-1.516	50.000	12	6	0	1	12	1	12	5.5	13.4
H1-13-3.745	H1-13-1.108	41.667	12	7	0	1	12	1	12	5.5	13.4
H1-13-3.745	H1-13-1.179	50.000	12	6	0	2	13	2	13	6.0	12.9
H1-13-3.745	H1-13-*.495	45.455	11	6	0	2	12	2	12	6.0	12.9
H1-13-3.745	H1-13-1.431	45.455	11	6	0	2	12	2	12	6.3	12.9
H1-13-3.745	H1-13-1.305	50.000	12	6	0	2	13	2	13	6.3	12.9
H1-13-3.745	H1-13-1.120	50.000	12	6	0	1	12	1	12	6.3	12.9
H1-13-3.745	H1-13-1.398	41.667	12	7	0	1	12	1	12	6.4	12.9
H1-13-3.745	H1-13-1.272	50.000	12	6	0	2	13	2	13	6.5	12.9
H1-13-3.745	H1-13-1.60	50.000	12	6	0	2	13	2	13	6.5	12.9
H1-13-3.745	H1-13-1.747	41.667	12	7	0	1	12	1	12	6.7	12.9
H1-13-3.745	H1-13-1.278	41.667	12	7	0	1	12	1	12	6.7	12.9
H1-13-3.745	H1-13-3.273	41.667	12	7	0	1	12	1	12	6.7	12.9
H1-13-3.745	H1-13-4.738	46.154	13	7	0	1	13	1	13	6.7	12.9
H1-13-3.745	H1-13-1.583	50.000	10	5	0	1	10	1	10	6.9	12.9
H1-13-3.745	H1-13-*.424	45.455	11	6	0	2	12	2	12	7.1	12.9
H1-13-3.745	H1-13-1.339	50.000	12	6	0	1	12	1	12	7.1	12.9
H1-13-3.745	H1-13-1.661	38.462	13	8	0	1	13	1	13	7.7	12.9
H1-13-3.745	H1-13-1.180	50.000	10	5	0	1	10	1	10	7.9	12.9
H1-13-3.745	H1-13-4.67	50.000	12	6	0	2	13	2	13	8.0	12.9
H1-13-3.745	H1-13-1.271	54.545	11	5	0	2	12	2	12	8.2	12.9
H1-13-3.745	H1-13-4.627	50.000	12	6	0	2	13	2	13	8.4	12.9
H1-13-3.745	H1-13-1.741	50.000	12	6	0	1	12	1	12	8.8	12.5
H1-13-3.745	H1-13-1.567	45.455	11	6	0	2	12	2	12	9.2	12.5
H1-13-3.745	H1-13-1.266	54.545	11	5	0	2	12	2	12	9.2	12.5
H1-13-3.745	H1-13-1.229	50.000	12	6	0	2	13	2	13	9.2	12.5
H1-13-3.745	H1-13-1.590	46.154	13	7	0	1	13	1	13	9.3	12.5
H1-13-3.745	H1-13-1.419	50.000	12	6	0	2	13	2	13	9.7	12.5
H1-13-3.745	H1-13-1.76	50.000	12	6	0	2	13	2	13	9.8	12.5
H1-13-3.745	H1-13-1.222	41.667	12	7	0	1	12	1	12	9.9	12.5
H1-13-3.745	H1-13-1.19	50.000	12	6	0	1	12	1	12	10	12.5
H1-13-3.745	H1-13-1.275	50.000	10	5	0	1	10	1	10	10	12.5
H1-13-3.745	H1-13-3.580	41.667	12	7	0	1	12	1	12	10	12.5
H1-13-3.745	H1-13-1.502	46.154	13	7	0	1	13	1	13	10	12.5
H1-13-3.745	H1-13-1.348	50.000	12	6	0	2	13	2	13	11	12.5
H1-13-3.745	H1-13-1.390	45.455	11	6	0	2	12	2	12	11	12.5
H1-13-3.745	H1-13-1.372	41.667	12	7	0	1	12	1	12	11	12.5
H1-13-3.745	H1-13-1.600	38.462	13	8	0	1	13	1	13	11	12.5
H1-13-3.745	H1-13-1.314	46.154	13	7	0	1	13	1	13	12	12.5
H1-13-3.745	H1-13-1.48	41.667	12	7	0	1	12	1	12	12	12.5
H1-13-3.745	H1-13-1.456	41.667	12	7	0	2	13	2	13	12	12.1
H1-13-3.745	H1-13-4.550	45.455	11	6	0	3	13	3	13	13	12.1
H1-13-3.745	H1-13-1.106	33.333	12	8	0	1	12	1	12	13	12.1
H1-13-3.745	H1-13-1.10	41.667	12	7	0	2	13	2	13	13	12.1
H1-13-3.745	H1-13-1.513	54.545	11	5	0	2	12	2	12	13	12.1
H1-13-3.745	H1-13-2.504	45.455	11	6	0	3	13	3	13	13	12.1
H1-13-3.745	H1-13-1.206	62.500	8	3	0	1	8	1	8	13	12.1
H1-13-3.745	H1-13-1.447	45.455	11	6	0	2	12	2	12	13	12.1
H1-13-3.745	H1-13-1.581	41.667	12	7	0	2	13	2	13	14	12.1
H1-13-3.745	H1-13-1.383	41.667	12	7	0	1	12	1	12	14	12.1
H1-13-3.745	H1-13-*.289	50.000	12	6	0	2	13	2	13	14	12.1
H1-13-3.745	H1-13-1.309	45.455	11	6	0	2	12	2	12	15	12.1
H1-13-3.745	H1-13-1.242	41.667	12	7	0	1	12	1	12	15	12.1
H1-13-3.745	H1-13-1.536	33.333	12	8	0	1	12	1	12	15	12.1
H1-13-3.745	H1-13-1.156	45.455	11	6	0	2	12	2	12	15	12.1
H1-13-3.745	H1-13-3.85	38.462	13	8	0	1	13	1	13	15	12.1
H1-13-3.745	H1-13-1.561	33.333	12	8	0	1	12	1	12	15	12.1
H1-13-3.745	H1-13-1.458	45.455	11	6	0	2	12	2	12	15	12.1
H1-13-3.745	H1-13-1.159	41.667	12	7	0	1	12	1	12	15	12.1
H1-13-3.745	H1-13-1.477	50.000	12	6	0	2	13	2	13	16	12.1
H1-13-3.745	H1-13-1.86	38.462	13	8	0	1	13	1	13	17	12.1
H1-13-3.745	H1-13-1.748	45.455	11	6	0	2	12	2	12	17	12.1
H1-13-3.745	H1-13-1.29	33.333	12	8	0	1	12	1	12	17	12.1
H1-13-3.745	H1-13-1.249	33.333	12	8	0	1	12	1	12	18	12.1
H1-13-3.745	H1-13-1.598	45.455	11	6	0	2	12	2	12	18	12.1
H1-13-3.745	H1-13-3.570	41.667	12	7	0	2	13	2	13	18	12.1
H1-13-3.745	H1-13-1.288	30.769	13	9	0	1	13	1	13	18	12.1
H1-13-3.745	H1-13-1.721	41.667	12	7	0	2	13	2	13	18	12.1
H1-13-3.745	H1-13-1.417	41.667	12	7	0	2	13	2	13	18	12.1
H1-13-3.745	H1-13-1.89	41.667	12	7	0	2	13	2	13	18	11.7
H1-13-3.745	H1-13-1.707	45.455	11	6	0	2	12	2	12	19	11.7
H1-13-3.745	H1-13-1.500	30.769	13	9	0	1	13	1	13	19	11.7
H1-13-3.745	H1-13-1.541	45.455	11	6	0	2	12	2	12	19	11.7
H1-13-3.745	H1-13-1.460	41.667	12	7	0	1	12	1	12	20	11.7
H1-13-3.745	H1-13-1.186	30.769	13	9	0	1	13	1	13	20	11.7
H1-13-3.745	H1-13-1.385	41.667	12	7	0	1	12	1	12	21	11.7
H1-13-3.745	H1-13-1.527	41.667	12	7	0	1	12	1	12	21	11.7
H1-13-3.745	H1-13-1.237	50.000	10	5	0	3	12	3	12	21	11.7
H1-13-3.745	H1-13-1.551	41.667	12	7	0	2	13	2	13	22	11.7
H1-13-3.745	H1-13-1.145	45.455	11	6	0	2	12	2	12	22	11.7
H1-13-3.745	H1-13-1.650	33.333	12	8	0	1	12	1	12	22	11.7
H1-13-3.745	H1-13-1.168	30.769	13	9	0	1	13	1	13	22	11.7
H1-13-3.745	H1-13-1.415	45.455	11	6	0	2	12	2	12	22	11.7
H1-13-3.745	H1-13-1.651	45.455	11	6	0	2	12	2	12	23	11.7
H1-13-3.745	H1-13-5.645	33.333	12	8	0	2	13	2	13	23	11.7
H1-13-3.745	H1-13-1.270	40.000	10	6	0	1	10	1	10	23	11.7
H1-13-3.745	H1-13-1.253	38.462	13	8	0	1	13	1	13	24	11.7
H1-13-3.745	H1-13-1.221	45.455	11	6	0	2	12	2	12	24	11.7
H1-13-3.745	H1-13-1.46	41.667	12	7	0	2	13	2	13	24	11.7
H1-13-3.745	H1-13-1.128	50.000	12	6	0	2	13	2	13	25	11.7
H1-13-3.745	H1-13-1.715	33.333	12	8	0	1	12	1	12	26	11.7
H1-13-3.745	H1-13-1.420	50.000	8	4	0	1	8	1	8	26	11.7
H1-13-3.745	H1-13-1.316	33.333	12	8	0	1	12	1	12	26	11.7
H1-13-3.745	H1-13-1.293	40.000	10	6	0	1	10	1	10	26	11.7
H1-13-3.745	H1-13-1.281	41.667	12	7	0	2	13	2	13	27	11.2
H1-13-3.745	H1-13-1.245	41.667	12	7	0	2	13	2	13	27	11.2
H1-13-3.745	H1-13-1.298	55.556	9	4	0	2	10	2	10	28	11.2
H1-13-3.745	H1-13-1.41	33.333	12	8	0	1	12	1	12	28	11.2
H1-13-3.745	H1-13-1.358	50.000	12	6	0	2	13	2	13	29	11.2
H1-13-3.745	H1-13-1.193	41.667	12	7	0	2	13	2	13	29	11.2
H1-13-3.745	H1-13-1.554	40.000	10	6	0	1	10	1	10	29	11.2
H1-13-3.745	H1-13-1.399	33.333	12	8	0	1	12	1	12	29	11.2
H1-13-3.745	H1-13-1.290	30.769	13	9	0	1	13	1	13	30	11.2
H1-13-3.745	H1-13-1.112	50.000	12	6	0	2	13	2	13	30	11.2
H1-13-3.745	H1-13-1.559	33.333	12	8	0	1	12	1	12	31	11.2
H1-13-3.745	H1-13-1.660	40.000	10	6	0	1	10	1	10	31	11.2
H1-13-3.745	H1-13-1.216	45.455	11	6	0	2	12	2	12	32	11.2
H1-13-3.745	H1-13-1.77	41.667	12	7	0	1	12	1	12	32	11.2
H1-13-3.745	H1-13-1.449	30.769	13	9	0	1	13	1	13	33	11.2
H1-13-3.745	H1-13-3.277	54.545	11	5	0	3	13	3	13	33	11.2
H1-13-3.745	H1-13-1.102	40.000	10	6	0	1	10	1	10	33	11.2
H1-13-3.745	H1-13-*.444	41.667	12	7	0	2	13	2	13	34	11.2
H1-13-3.745	H1-13-1.332	50.000	12	6	0	2	13	2	13	34	11.2
H1-13-3.745	H1-13-1.669	44.444	9	5	0	1	9	1	9	35	11.2
H1-13-3.745	H1-13-1.320	38.462	13	8	0	1	13	1	13	35	11.2
H1-13-3.745	H1-13-1.356	33.333	12	8	0	1	12	1	12	36	11.2
H1-13-3.745	H1-13-2.642	41.667	12	7	0	2	13	2	13	37	11.2
H1-13-3.745	H1-13-1.629	41.667	12	7	0	2	13	2	13	38	11.2
H1-13-3.745	H1-13-1.318	57.143	7	3	0	1	7	1	7	38	11.2
H1-13-3.745	H1-13-1.397	41.667	12	7	0	1	12	1	12	38	11.2
H1-13-3.745	H1-13-1.269	41.667	12	7	0	2	13	2	13	39	10.8
H1-13-3.745	H1-13-1.303	45.455	11	6	0	2	12	2	12	40	10.8
H1-13-3.745	H1-13-1.476	57.143	7	3	0	1	7	1	7	41	10.8
H1-13-3.745	H1-13-1.292	50.000	8	4	0	1	8	1	8	41	10.8
H1-13-3.745	H1-13-1.302	36.364	11	7	0	2	12	2	12	41	10.8
H1-13-3.745	H1-13-1.140	30.769	13	9	0	1	13	1	13	41	10.8
H1-13-3.745	H1-13-1.308	36.364	11	7	0	2	12	2	12	42	10.8
H1-13-3.745	H1-13-1.166	41.667	12	7	0	2	13	2	13	42	10.8
H1-13-3.745	H1-13-1.746	57.143	7	3	0	1	7	1	7	43	10.8
H1-13-3.745	H1-13-1.630	41.667	12	7	0	2	13	2	13	43	10.8
H1-13-3.745	H1-13-1.530	33.333	12	8	0	2	13	2	13	43	10.8
H1-13-3.745	H1-13-1.692	40.000	10	6	0	1	10	1	10	44	10.8
H1-13-3.745	H1-13-1.514	36.364	11	7	0	2	12	2	12	44	10.8
H1-13-3.745	H1-13-1.121	40.000	10	6	0	1	10	1	10	44	10.8
H1-13-3.745	H1-13-1.572	57.143	7	3	0	1	7	1	7	44	10.8
H1-13-3.745	H1-13-1.464	41.667	12	7	0	2	13	2	13	44	10.8
H1-13-3.745	H1-13-1.176	57.143	7	3	0	1	7	1	7	44	10.8
H1-13-3.745	H1-13-1.386	30.769	13	9	0	1	13	1	13	45	10.8
H1-13-3.745	H1-13-1.635	57.143	7	3	0	1	7	1	7	45	10.8
H1-13-3.745	H1-13-1.31	33.333	12	8	0	1	12	1	12	45	10.8
H1-13-3.745	H1-13-*.446	41.667	12	7	0	2	13	2	13	46	10.8
H1-13-3.745	H1-13-1.285	45.455	11	6	0	2	12	2	12	46	10.8
H1-13-3.745	H1-13-1.546	45.455	11	6	0	2	12	2	12	46	10.8
H1-13-3.745	H1-13-1.717	36.364	11	7	0	2	12	2	12	47	10.8
H1-13-3.745	H1-13-*.445	45.455	11	6	0	2	12	2	12	47	10.8
H1-13-3.745	H1-13-1.740	57.143	7	3	0	1	7	1	7	47	10.8
H1-13-3.745	H1-13-*.587	36.364	11	7	0	2	12	2	12	48	10.8
H1-13-3.745	H1-13-1.406	57.143	7	3	0	1	7	1	7	48	10.8
H1-13-3.745	H1-13-1.350	36.364	11	7	0	2	12	2	12	48	10.8
H1-13-3.745	H1-13-1.257	41.667	12	7	0	2	13	2	13	48	10.8
H1-13-3.745	H1-13-1.135	45.455	11	6	0	2	12	2	12	48	10.8
H1-13-3.745	H1-13-1.454	41.667	12	7	0	2	13	2	13	50	10.8
H1-13-3.745	H1-13-4.347	45.455	11	6	0	2	12	2	12	50	10.8
H1-13-3.745	H1-13-1.124	45.455	11	6	0	2	12	2	12	50	10.8
H1-13-3.745	H1-13-1.187	50.000	12	6	0	2	13	2	13	50	10.8
H1-13-3.745	H1-13-3.529	36.364	11	7	0	2	12	2	12	51	10.8
H1-13-3.745	H1-13-1.430	57.143	7	3	0	1	7	1	7	51	10.8
H1-13-3.745	H1-13-1.204	41.667	12	7	0	2	13	2	13	51	10.8
H1-13-3.745	H1-13-6.667	36.364	11	7	0	2	12	2	12	51	10.8
H1-13-3.745	H1-13-1.450	57.143	7	3	0	1	7	1	7	51	10.8
H1-13-3.745	H1-13-1.411	57.143	7	3	0	1	7	1	7	52	10.8
H1-13-3.745	H1-13-*.259	44.444	9	5	0	1	9	1	9	52	10.8
H1-13-3.745	H1-13-1.61	45.455	11	6	0	2	12	2	12	52	10.8
H1-13-3.745	H1-13-1.9	33.333	12	8	0	2	13	2	13	52	10.8
H1-13-3.745	H1-13-1.743	57.143	7	3	0	1	7	1	7	52	10.8
H1-13-3.745	H1-13-1.696	57.143	7	3	0	1	7	1	7	52	10.8
H1-13-3.745	H1-13-1.439	36.364	11	7	0	2	12	2	12	54	10.8
H1-13-3.745	H1-13-1.30	41.667	12	7	0	1	12	1	12	54	10.8
H1-13-3.745	H1-13-1.720	33.333	12	8	0	1	12	1	12	54	10.8
H1-13-3.745	H1-13-1.466	55.556	9	4	0	2	10	2	10	54	10.8
H1-13-3.745	H1-13-1.283	45.455	11	6	0	2	12	2	12	55	10.8
H1-13-3.745	H1-13-1.248	57.143	7	3	0	1	7	1	7	56	10.8
H1-13-3.745	H1-13-1.602	41.667	12	7	0	2	13	2	13	56	10.4
H1-13-3.745	H1-13-1.564	57.143	7	3	0	1	7	1	7	57	10.4
H1-13-3.745	H1-13-1.317	41.667	12	7	0	1	12	1	12	58	10.4
H1-13-3.745	H1-13-1.279	33.333	12	8	0	2	13	2	13	59	10.4
H1-13-3.745	H1-13-1.100	57.143	7	3	0	1	7	1	7	59	10.4
H1-13-3.745	H1-13-1.341	44.444	9	5	0	2	10	2	10	60	10.4
H1-13-3.745	H1-13-3.699	36.364	11	7	0	3	13	3	13	62	10.4
H1-13-3.745	H1-13-1.532	33.333	12	8	0	2	13	2	13	62	10.4
H1-13-3.745	H1-13-1.535	44.444	9	5	0	2	10	2	10	65	10.4
H1-13-3.745	H1-13-1.388	57.143	7	3	0	1	7	1	7	65	10.4
H1-13-3.745	H1-13-1.489	44.444	9	5	0	2	10	2	10	66	10.4
H1-13-3.745	H1-13-1.638	33.333	12	8	0	2	13	2	13	68	10.4
H1-13-3.745	H1-13-1.214	41.667	12	7	0	2	13	2	13	68	10.4
H1-13-3.745	H1-13-4.365	50.000	12	6	0	2	13	2	13	69	10.4
H1-13-3.745	H1-13-1.543	44.444	9	5	0	2	10	2	10	69	10.4
H1-13-3.745	H1-13-1.146	83.333	6	1	0	2	7	2	7	71	10.4
H1-13-3.745	H1-13-1.690	41.667	12	7	0	1	12	1	12	72	10.4
H1-13-3.745	H1-13-1.599	44.444	9	5	0	2	10	2	10	75	10.4
H1-13-3.745	H1-13-1.81	71.429	7	2	0	2	8	2	8	78	10.4
H1-13-3.745	H1-13-1.749	80.000	5	1	0	1	5	5	9	83	10.0
H1-13-3.745	H1-13-1.307	57.143	7	3	0	2	8	2	8	83	10.0
H1-13-3.745	H1-13-*.557	62.500	8	3	0	2	9	2	9	84	10.0
H1-13-3.745	H1-13-1.534	36.364	11	7	0	2	12	2	12	84	10.0
H1-13-3.745	H1-13-1.664	44.444	9	5	0	2	10	2	10	85	10.0
H1-13-3.745	H1-13-1.752	36.364	11	7	0	2	12	2	12	88	10.0
H1-13-3.745	H1-13-1.301	33.333	12	8	0	2	13	2	13	88	10.0
H1-13-3.745	H1-13-1.17	83.333	6	1	0	2	7	2	7	88	10.0
H1-13-3.745	H1-13-1.291	36.364	11	7	0	2	12	2	12	89	10.0
H1-13-3.745	H1-13-1.510	36.364	11	7	0	2	12	2	12	93	10.0
H1-13-3.745	H1-13-1.217	41.667	12	7	0	2	13	2	13	93	10.0
H1-13-3.745	H1-13-3.603	57.143	7	3	0	2	8	2	8	97	10.0
H1-13-3.745	H1-13-1.73	83.333	6	1	0	2	7	2	7	97	10.0
H1-13-3.745	H1-13-1.596	33.333	12	8	0	2	13	2	13	99	10.0
H1-13-3.745	H1-13-*.462	45.455	11	6	0	2	12	2	12	99	10.0
H1-13-3.745	H1-13-5.360	57.143	7	3	0	2	8	2	8	99	10.0
H1-13-3.745	H1-13-*.393	45.455	11	6	0	2	12	2	12	104	10.0
H1-13-3.745	H1-13-1.264	41.667	12	7	0	2	13	2	13	104	10.0
H1-13-3.745	H1-13-1.50	36.364	11	7	0	2	12	2	12	105	10.0
H1-13-3.745	H1-13-1.452	40.000	10	6	0	3	12	3	12	106	10.0
H1-13-3.745	H1-13-1.345	36.364	11	7	0	2	12	2	12	106	10.0
H1-13-3.745	H1-13-1.28	57.143	7	3	0	1	7	1	7	110	10.0
H1-13-3.745	H1-13-1.373	41.667	12	7	0	2	13	2	13	111	10.0
H1-13-3.745	H1-13-1.322	36.364	11	7	0	2	12	2	12	112	10.0
H1-13-3.745	H1-13-1.674	33.333	12	8	0	2	13	2	13	119	 9.5
H1-13-3.745	H1-13-1.459	36.364	11	7	0	2	12	2	12	122	 9.5
H1-13-3.745	H1-13-1.109	44.444	9	5	0	2	10	2	10	128	 9.5
H1-13-3.745	H1-13-1.739	44.444	9	5	0	2	10	2	10	143	 9.5
H1-13-3.745	H1-13-1.396	36.364	11	7	0	2	12	2	12	148	 9.5
H1-13-3.745	H1-13-1.563	44.444	9	5	0	2	10	2	10	160	 9.5
H1-13-3.745	H1-13-*.552	57.143	7	3	0	2	8	2	8	160	 9.5
H1-13-3.745	H1-13-1.353	57.143	7	3	0	2	8	2	8	162	 9.5
H1-13-3.745	H1-13-1.190	36.364	11	7	0	2	12	2	12	162	 9.5
H1-13-3.745	H1-13-1.203	57.143	7	3	0	2	8	2	8	170	 9.1
H1-13-3.745	H1-13-1.114	36.364	11	7	0	2	12	2	12	174	 9.1
H1-13-3.745	H1-13-1.719	45.455	11	6	0	2	12	2	12	180	 9.1
H1-13-3.745	H1-13-1.392	50.000	8	4	0	2	9	2	9	188	 9.1
H1-13-3.745	H1-13-1.378	33.333	12	8	0	2	13	2	13	199	 9.1
H1-13-3.745	H1-13-1.377	33.333	12	8	0	2	13	2	13	206	 9.1
H1-13-3.745	H1-13-1.636	41.667	12	7	0	2	13	2	13	211	 9.1
H1-13-3.745	H1-13-1.407	41.667	12	7	0	2	13	2	13	211	 9.1
H1-13-3.745	H1-13-1.412	44.444	9	5	0	2	10	2	10	213	 9.1
H1-13-3.745	H1-13-1.734	57.143	7	3	0	2	8	2	8	216	 9.1
H1-13-3.745	H1-13-1.97	57.143	7	3	0	2	8	2	8	216	 9.1
H1-13-3.745	H1-13-1.408	66.667	6	2	0	2	7	2	7	218	 9.1
H1-13-3.745	H1-13-1.198	66.667	6	2	0	2	7	2	7	218	 9.1
H1-13-3.745	H1-13-2.42	44.444	9	5	0	2	10	2	10	218	 9.1
H1-13-3.745	H1-13-1.205	66.667	6	2	0	2	7	2	7	223	 9.1
H1-13-3.745	H1-13-1.613	57.143	7	3	0	2	8	2	8	228	 9.1
H1-13-3.745	H1-13-1.676	36.364	11	7	0	2	12	2	12	231	 9.1
H1-13-3.745	H1-13-1.517	57.143	7	3	0	2	8	2	8	239	 9.1
H1-13-3.745	H1-13-1.702	57.143	7	3	0	2	8	2	8	241	 9.1
H1-13-3.745	H1-13-1.689	57.143	7	3	0	2	8	2	8	244	 8.7
H1-13-3.745	H1-13-1.354	66.667	6	2	0	2	7	2	7	258	 8.7
H1-13-3.745	H1-13-1.511	36.364	11	7	0	2	12	2	12	264	 8.7
H1-13-3.745	H1-13-1.111	57.143	7	3	0	2	8	2	8	276	 8.7
H1-13-3.745	H1-13-1.633	36.364	11	7	0	3	13	3	13	280	 8.7
H1-13-3.745	H1-13-1.241	57.143	7	3	0	2	8	2	8	280	 8.7
H1-13-3.745	H1-13-1.619	57.143	7	3	0	2	8	2	8	310	 8.7
H1-13-3.745	H1-13-1.15	80.000	5	1	0	3	7	3	7	335	 8.7
H1-13-3.745	H1-13-1.8	80.000	5	1	0	3	7	3	7	375	 8.3
H1-13-3.745	H1-13-*.482	33.333	6	4	0	8	13	8	13	415	 8.3
