H1-15-1.815	H1-15-1.789	92.857	14	1	0	1	14	1	14	8.99e-06	25.7
H1-15-1.815	H1-15-1.803	92.857	14	1	0	1	14	1	14	9.65e-06	25.7
H1-15-1.815	H1-15-1.804	85.714	14	2	0	1	14	1	14	2.20e-05	24.4
H1-15-1.815	H1-15-1.784	85.714	14	2	0	1	14	1	14	4.87e-05	23.5
H1-15-1.815	H1-15-1.802	85.714	14	2	0	1	14	1	14	6.15e-05	23.5
H1-15-1.815	H1-15-1.799	85.714	14	2	0	1	14	1	14	6.30e-05	23.5
H1-15-1.815	H1-15-1.785	78.571	14	3	0	1	14	1	14	9.36e-05	23.1
H1-15-1.815	H1-15-1.786	78.571	14	3	0	1	14	1	14	1.10e-04	22.7
H1-15-1.815	H1-15-1.816	78.571	14	3	0	1	14	1	14	1.11e-04	22.7
H1-15-1.815	H1-15-*.790	78.571	14	3	0	1	14	1	14	1.25e-04	22.7
H1-15-1.815	H1-15-1.788	78.571	14	3	0	1	14	1	14	1.42e-04	22.3
H1-15-1.815	H1-15-1.811	78.571	14	3	0	1	14	1	14	1.84e-04	22.3
H1-15-1.815	H1-15-1.814	83.333	12	2	0	3	14	3	14	2.82e-04	21.8
H1-15-1.815	H1-15-1.805	71.429	14	4	0	1	14	1	14	3.06e-04	21.4
H1-15-1.815	H1-15-1.795	71.429	14	4	0	1	14	1	14	3.20e-04	21.4
H1-15-1.815	H1-15-1.800	83.333	12	2	0	3	14	3	14	8.84e-04	20.2
H1-15-1.815	H1-15-1.787	64.286	14	5	0	1	14	1	14	0.001	20.2
H1-15-1.815	H1-15-1.812	75.000	12	3	0	3	14	3	14	0.006	18.0
H1-15-1.815	H1-15-1.783	55.556	9	4	0	3	11	3	11	0.70	12.5
H1-15-1.815	H1-15-1.791	57.143	7	3	0	8	14	8	14	137	 6.2
