H1-14-1.760	H1-14-1.781	92.857	14	1	0	1	14	1	14	5.98e-07	28.2
H1-14-1.760	H1-14-1.753	85.714	14	2	0	1	14	1	14	4.83e-06	25.7
H1-14-1.760	H1-14-1.780	78.571	14	3	0	1	14	1	14	1.50e-05	24.4
H1-14-1.760	H1-14-1.776	78.571	14	3	0	1	14	1	14	1.81e-05	24.4
H1-14-1.760	H1-14-1.761	78.571	14	3	0	1	14	1	14	1.86e-05	24.4
H1-14-1.760	H1-14-*.758	76.923	13	3	0	1	13	1	13	2.55e-05	24.0
H1-14-1.760	H1-14-*.764	78.571	14	3	0	1	14	1	14	2.74e-05	24.0
H1-14-1.760	H1-14-1.773	71.429	14	4	0	1	14	1	14	3.08e-05	23.5
H1-14-1.760	H1-14-*.774	71.429	14	4	0	1	14	1	14	4.60e-05	23.1
H1-14-1.760	H1-14-1.756	71.429	14	4	0	1	14	1	14	6.77e-05	22.7
H1-14-1.760	H1-14-1.770	71.429	14	4	0	1	14	1	14	6.93e-05	22.7
H1-14-1.760	H1-14-1.754	71.429	14	4	0	1	14	1	14	8.56e-05	22.7
H1-14-1.760	H1-14-1.762	71.429	14	4	0	1	14	1	14	8.77e-05	22.3
H1-14-1.760	H1-14-1.772	69.231	13	4	0	1	13	1	13	1.37e-04	21.8
H1-14-1.760	H1-14-*.775	64.286	14	5	0	1	14	1	14	1.40e-04	21.8
H1-14-1.760	H1-14-*.782	71.429	14	4	0	1	14	1	14	1.65e-04	21.8
H1-14-1.760	H1-14-1.763	64.286	14	5	0	1	14	1	14	2.82e-04	21.0
H1-14-1.760	H1-14-1.757	69.231	13	4	0	1	13	1	13	3.24e-04	21.0
H1-14-1.760	H1-14-1.771	64.286	14	5	0	1	14	1	14	3.40e-04	21.0
